0	-0.001475
0.010000336	-0.0040147
0.020000673	-0.0053408
0.030001009	-0.0028984
0.040001346	-0.005227
0.050001682	-0.021038
0.060002019	-0.025672
0.070002355	0.02636
0.080002692	0.11585
0.090003028	0.15337
0.100003365	0.1154
0.110003701	0.094354
0.120004038	0.14227
0.130004374	0.15492
0.140004711	0.028948
0.150005047	-0.13674
0.160005384	-0.16021
0.17000572	-0.056686
0.180006057	-0.00084746
0.190006393	-0.044254
0.200006729	-0.09489
0.210007066	-0.1071
0.220007402	-0.092818
0.230007739	-0.02763
0.240008075	0.065983
0.250008412	0.035445
0.260008748	-0.19212
0.270009085	-0.39616
0.280009421	-0.31342
0.290009758	-0.069699
0.300010094	-0.025051
0.310010431	-0.18563
0.320010767	-0.16688
0.330011104	0.20603
0.34001144	0.61074
0.350011777	0.69734
0.360012113	0.54699
0.37001245	0.46721
0.380012786	0.49783
0.390013122	0.40051
0.400013459	0.077455
0.410013795	-0.28998
0.420014132	-0.50506
0.430014468	-0.55454
0.440014805	-0.51915
0.450015141	-0.42176
0.460015478	-0.2311
0.470015814	0.011277
0.480016151	0.15672
0.490016487	0.1371
0.500016824	0.10632
0.51001716	0.24263
0.520017497	0.41377
0.530017833	0.3154
0.54001817	-0.028354
0.550018506	-0.26003
0.560018843	-0.27112
0.570019179	-0.31029
0.580019515	-0.41555
0.590019852	-0.2797
0.600020188	0.10884
0.610020525	0.31003
0.620020861	0.169
0.630021198	0.061716
0.640021534	0.14228
0.650021871	0.1062
0.660022207	-0.11499
0.670022544	-0.20204
0.68002288	-0.12759
0.690023217	-0.196
0.700023553	-0.36944
0.71002389	-0.33057
0.720024226	-0.14542
0.730024563	-0.11979
0.740024899	-0.13751
0.750025236	0.054796
0.760025572	0.24999
0.770025908	0.18651
0.780026245	0.09168
0.790026581	0.12324
0.800026918	-0.059688
0.810027254	-0.46791
0.820027591	-0.41498
0.830027927	0.28629
0.840028264	0.67465
0.8500286	0.066527
0.860028937	-0.77573
0.870029273	-0.7165
0.88002961	0.20448
0.890029946	1.0405
0.900030283	1.2019
0.910030619	0.83284
0.920030956	0.32732
0.930031292	-0.0077193
0.940031629	-0.012118
0.950031965	0.20867
0.960032301	0.29854
0.970032638	-0.013869
0.980032974	-0.55402
0.990033311	-0.79953
1.000033647	-0.52009
1.010033984	-0.17657
1.02003432	-0.30096
1.030034657	-0.59194
1.040034993	-0.29004
1.05003533	0.53614
1.060035666	0.94007
1.070036003	0.51857
1.080036339	-0.060136
1.090036676	-0.24716
1.100037012	-0.24595
1.110037349	-0.17656
1.120037685	0.20159
1.130038022	0.58766
1.140038358	0.21029
1.150038694	-0.77178
1.160039031	-1.1777
1.170039367	-0.59554
1.180039704	-0.0048436
1.19004004	-0.049149
1.200040377	-0.067339
1.210040713	0.44123
1.22004105	0.80156
1.230041386	0.4303
1.240041723	-0.13881
1.250042059	-0.29042
1.260042396	-0.26168
1.270042732	-0.31868
1.280043069	-0.14207
1.290043405	0.26036
1.300043742	0.11506
1.310044078	-0.76506
1.320044415	-1.28
1.330044751	-0.50476
1.340045087	0.93204
1.350045424	1.7711
1.36004576	1.6367
1.370046097	0.97776
1.380046433	0.16699
1.39004677	-0.47004
1.400047106	-0.48149
1.410047443	0.054211
1.420047779	0.24559
1.430048116	-0.44349
1.440048452	-1.3734
1.450048789	-1.6005
1.460049125	-1.0694
1.470049462	-0.33778
1.480049798	0.29387
1.490050135	0.76473
1.500050471	0.84332
1.510050808	0.51939
1.520051144	0.26568
1.53005148	0.28392
1.540051817	0.16186
1.550052153	-0.23032
1.56005249	-0.37746
1.570052826	-0.09466
1.580053163	0.05514
1.590053499	-0.26057
1.600053836	-0.56132
1.610054172	-0.38938
1.620054509	0.024687
1.630054845	0.28164
1.640055182	0.35557
1.650055518	0.29566
1.660055855	0.062634
1.670056191	-0.22929
1.680056528	-0.3557
1.690056864	-0.25866
1.700057201	-0.008345
1.710057537	0.19725
1.720057873	0.023203
1.73005821	-0.38704
1.740058546	-0.14481
1.750058883	1.0686
1.760059219	1.9654
1.770059556	1.2194
1.780059892	-0.42927
1.790060229	-1.1872
1.800060565	-0.68261
1.810060902	0.035054
1.820061238	0.33566
1.830061575	0.19216
1.840061911	-0.55482
1.850062248	-1.5172
1.860062584	-1.4055
1.870062921	0.11797
1.880063257	1.4267
1.890063594	1.2257
1.90006393	0.4338
1.910064266	0.37251
1.920064603	0.62905
1.930064939	0.21972
1.940065276	-0.54988
1.950065612	-0.86653
1.960065949	-0.79439
1.970066285	-0.68446
1.980066622	-0.41058
1.990066958	-0.085962
2.000067295	-0.31186
2.010067631	-0.9635
2.020067968	-1.0398
2.030068304	-0.25417
2.040068641	0.50186
2.050068977	0.71446
2.060069314	0.89278
2.07006965	1.2418
2.080069987	1.1241
2.090070323	0.43053
2.100070659	0.096118
2.110070996	0.58566
2.120071332	1.0836
2.130071669	0.8522
2.140072005	0.29449
2.150072342	0.10926
2.160072678	0.22928
2.170073015	0.15196
2.180073351	-0.26172
2.190073688	-0.67955
2.200074024	-0.68798
2.210074361	-0.19161
2.220074697	0.34455
2.230075034	0.27188
2.24007537	-0.35111
2.250075707	-0.73871
2.260076043	-0.51797
2.27007638	-0.20232
2.280076716	-0.23418
2.290077052	-0.37593
2.300077389	-0.32023
2.310077725	-0.16637
2.320078062	-0.068966
2.330078398	0.019985
2.340078735	0.17693
2.350079071	0.40462
2.360079408	0.59987
2.370079744	0.53782
2.380080081	0.22909
2.390080417	0.18703
2.400080754	0.68363
2.41008109	1.0055
2.420081427	0.42664
2.430081763	-0.35989
2.4400821	-0.13181
2.450082436	0.83375
2.460082773	1.0819
2.470083109	0.22569
2.480083445	-0.66266
2.490083782	-0.77438
2.500084118	-0.44491
2.510084455	-0.32518
2.520084791	-0.62388
2.530085128	-1.1031
2.540085464	-1.3129
2.550085801	-1.0313
2.560086137	-0.5904
2.570086474	-0.43394
2.58008681	-0.43901
2.590087147	-0.26763
2.600087483	-0.10618
2.61008782	-0.25862
2.620088156	-0.33622
2.630088493	0.15633
2.640088829	0.74781
2.650089166	0.59658
2.660089502	-0.11212
2.670089838	-0.40631
2.680090175	0.032235
2.690090511	0.54834
2.700090848	0.54217
2.710091184	0.11728
2.720091521	-0.27221
2.730091857	-0.34585
2.740092194	-0.11207
2.75009253	0.24899
2.760092867	0.54188
2.770093203	0.64518
2.78009354	0.49636
2.790093876	0.11299
2.800094213	-0.27115
2.810094549	-0.3312
2.820094886	-0.071709
2.830095222	0.11802
2.840095559	-0.0010705
2.850095895	-0.24016
2.860096231	-0.35387
2.870096568	-0.28873
2.880096904	0.017458
2.890097241	0.5606
2.900097577	0.94579
2.910097914	0.77641
2.92009825	0.35086
2.930098587	0.25661
2.940098923	0.36126
2.95009926	0.12468
2.960099596	-0.25649
2.970099933	-0.13894
2.980100269	0.29782
2.990100606	0.35743
3.000100942	0.20204
3.010101279	0.47734
3.020101615	0.82751
3.030101952	0.37453
3.040102288	-0.47539
3.050102624	-0.42333
3.060102961	0.57945
3.070103297	1.2363
3.080103634	0.99216
3.09010397	0.5753
3.100104307	0.42479
3.110104643	0.068491
3.12010498	-0.71805
3.130105316	-1.3901
3.140105653	-1.4816
3.150105989	-1.191
3.160106326	-0.92468
3.170106662	-0.81729
3.180106999	-0.76039
3.190107335	-0.63472
3.200107672	-0.49044
3.210108008	-0.54637
3.220108345	-0.84075
3.230108681	-0.96286
3.240109017	-0.47824
3.250109354	0.44087
3.26010969	1.1519
3.270110027	1.2649
3.280110363	0.95681
3.2901107	0.63425
3.300111036	0.51368
3.310111373	0.51928
3.320111709	0.51395
3.330112046	0.56384
3.340112382	0.82841
3.350112719	1.1841
3.360113055	1.2481
3.370113392	0.91307
3.380113728	0.50103
3.390114065	0.22154
3.400114401	-0.1735
3.410114738	-0.88226
3.420115074	-1.5395
3.43011541	-1.6025
3.440115747	-1.1203
3.450116083	-0.69972
3.46011642	-0.69469
3.470116756	-0.7764
3.480117093	-0.44729
3.490117429	0.25059
3.500117766	0.75444
3.510118102	0.6772
3.520118439	0.28592
3.530118775	0.15164
3.540119112	0.36188
3.550119448	0.37999
3.560119785	-0.2253
3.570120121	-1.13
3.580120458	-1.6454
3.590120794	-1.581
3.600121131	-1.3946
3.610121467	-1.4506
3.620121803	-1.5334
3.63012214	-1.2282
3.640122476	-0.54307
3.650122813	0.081243
3.660123149	0.28845
3.670123486	0.18908
3.680123822	0.19566
3.690124159	0.52404
3.700124495	0.96604
3.710124832	1.2074
3.720125168	1.248
3.730125505	1.2775
3.740125841	1.2756
3.750126178	0.98419
3.760126514	0.25705
3.770126851	-0.71478
3.780127187	-1.4824
3.790127524	-1.6694
3.80012786	-1.3707
3.810128197	-1.0962
3.820128533	-1.1341
3.830128869	-1.1374
3.840129206	-0.6831
3.850129542	0.0065845
3.860129879	0.36917
3.870130215	0.35557
3.880130552	0.40105
3.890130888	0.66747
3.900131225	0.86809
3.910131561	0.82668
3.920131898	0.75526
3.930132234	0.89208
3.940132571	1.1415
3.950132907	1.1883
3.960133244	0.88957
3.97013358	0.43869
3.980133917	0.10124
3.990134253	-0.13217
4.00013459	-0.43221
4.010134926	-0.7052
4.020135262	-0.63896
4.030135599	-0.24881
4.040135935	0.028481
4.050136272	-0.051491
4.060136608	-0.24045
4.070136945	-0.24663
4.080137281	-0.11088
4.090137618	-0.000056438
4.100137954	0.023935
4.110138291	-0.059374
4.120138627	-0.22853
4.130138964	-0.30315
4.1401393	-0.12527
4.150139637	0.1661
4.160139973	0.3255
4.17014031	0.39095
4.180140646	0.54125
4.190140983	0.67902
4.200141319	0.53131
4.210141655	0.11187
4.220141992	-0.24283
4.230142328	-0.29241
4.240142665	-0.11297
4.250143001	0.071479
4.260143338	0.11336
4.270143674	0.040065
4.280144011	0.046671
4.290144347	0.28871
4.300144684	0.62302
4.31014502	0.70401
4.320145357	0.41248
4.330145693	-0.0081876
4.34014603	-0.26433
4.350146366	-0.2513
4.360146703	0.025924
4.370147039	0.47839
4.380147376	0.81741
4.390147712	0.70901
4.400148048	0.16516
4.410148385	-0.42434
4.420148721	-0.77655
4.430149058	-0.99342
4.440149394	-1.2366
4.450149731	-1.3375
4.460150067	-0.99124
4.470150404	-0.256
4.48015074	0.40255
4.490151077	0.61732
4.500151413	0.46764
4.51015175	0.22586
4.520152086	-0.0046269
4.530152423	-0.23819
4.540152759	-0.35036
4.550153096	-0.15627
4.560153432	0.28594
4.570153769	0.66699
4.580154105	0.77599
4.590154441	0.69611
4.600154778	0.61844
4.610155114	0.56389
4.620155451	0.35565
4.630155787	-0.10236
4.640156124	-0.55436
4.65015646	-0.54176
4.660156797	0.043603
4.670157133	0.71548
4.68015747	0.87608
4.690157806	0.48091
4.700158143	-0.0072125
4.710158479	-0.20798
4.720158816	-0.16677
4.730159152	-0.12237
4.740159489	-0.16723
4.750159825	-0.1921
4.760160162	-0.1002
4.770160498	0.026926
4.780160834	0.033077
4.790161171	-0.055323
4.800161507	-0.032859
4.810161844	0.1599
4.82016218	0.29273
4.830162517	0.17732
4.840162853	-0.051015
4.85016319	-0.15686
4.860163526	-0.14141
4.870163863	-0.15058
4.880164199	-0.1921
4.890164536	-0.14597
4.900164872	0.020385
4.910165209	0.205
4.920165545	0.30538
4.930165882	0.31348
4.940166218	0.30567
4.950166555	0.36372
4.960166891	0.47799
4.970167227	0.54668
4.980167564	0.51493
4.9901679	0.45079
5.000168237	0.41611
5.010168573	0.34456
5.02016891	0.15038
5.030169246	-0.10737
5.040169583	-0.27856
5.050169919	-0.29833
5.060170256	-0.23116
5.070170592	-0.17236
5.080170929	-0.17212
5.090171265	-0.2329
5.100171602	-0.33327
5.110171938	-0.44385
5.120172275	-0.52685
5.130172611	-0.52702
5.140172948	-0.41413
5.150173284	-0.26429
5.16017362	-0.22894
5.170173957	-0.34203
5.180174293	-0.42191
5.19017463	-0.29036
5.200174966	-0.040507
5.210175303	0.065909
5.220175639	-0.035371
5.230175976	-0.13174
5.240176312	-0.043411
5.250176649	0.14942
5.260176985	0.2519
5.270177322	0.20272
5.280177658	0.10852
5.290177995	0.098532
5.300178331	0.18847
5.310178668	0.26708
5.320179004	0.21439
5.330179341	0.054
5.340179677	-0.060932
5.350180013	-0.037478
5.36018035	0.058372
5.370180686	0.12213
5.380181023	0.12675
5.390181359	0.09407
5.400181696	0.060779
5.410182032	0.085178
5.420182369	0.1733
5.430182705	0.21925
5.440183042	0.14516
5.450183378	0.049321
5.460183715	0.059803
5.470184051	0.10667
5.480184388	0.028639
5.490184724	-0.15417
5.500185061	-0.26993
5.510185397	-0.27139
5.520185734	-0.28103
5.53018607	-0.36881
5.540186406	-0.44584
5.550186743	-0.41046
5.560187079	-0.28587
5.570187416	-0.18075
5.580187752	-0.16169
5.590188089	-0.19838
5.600188425	-0.22681
5.610188762	-0.22182
5.620189098	-0.1722
5.630189435	-0.052853
5.640189771	0.10365
5.650190108	0.17535
5.660190444	0.103
5.670190781	-0.0020296
5.680191117	-0.019107
5.690191454	0.0026208
5.70019179	-0.032888
5.710192127	-0.089552
5.720192463	-0.10326
5.730192799	-0.12366
5.740193136	-0.18415
5.750193472	-0.18857
5.760193809	-0.096408
5.770194145	-0.038801
5.780194482	-0.075616
5.790194818	-0.056833
5.800195155	0.092071
5.810195491	0.18583
5.820195828	0.090935
5.830196164	-0.035919
5.840196501	-0.020953
5.850196837	0.053568
5.860197174	0.058853
5.87019751	0.066146
5.880197847	0.17366
5.890198183	0.27936
5.90019852	0.24324
5.910198856	0.12586
5.920199192	0.078363
5.930199529	0.11035
5.940199865	0.12439
5.950200202	0.089564
5.960200538	0.061976
5.970200875	0.09684
5.980201211	0.19666
5.990201548	0.29249
6.000201884	0.27397
6.010202221	0.11313
6.020202557	-0.063538
6.030202894	-0.10049
6.04020323	0.00041578
6.050203567	0.096169
6.060203903	0.096933
6.07020424	0.068137
6.080204576	0.097264
6.090204913	0.13651
6.100205249	0.062579
6.110205585	-0.11716
6.120205922	-0.22473
6.130206258	-0.13633
6.140206595	0.02959
6.150206931	0.059871
6.160207268	-0.065119
6.170207604	-0.17369
6.180207941	-0.17442
6.190208277	-0.16402
6.200208614	-0.23631
6.21020895	-0.32719
6.220209287	-0.31854
6.230209623	-0.20733
6.24020996	-0.092736
6.250210296	-0.040445
6.260210633	-0.02577
6.270210969	-0.0078785
6.280211306	0.0055419
6.290211642	-0.006717
6.300211978	-0.020069
6.310212315	0.0037596
6.320212651	0.042932
6.330212988	0.035134
6.340213324	-0.030537
6.350213661	-0.10477
6.360213997	-0.16368
6.370214334	-0.22536
6.38021467	-0.27775
6.390215007	-0.27588
6.400215343	-0.22668
6.41021568	-0.19333
6.420216016	-0.19882
6.430216353	-0.20127
6.440216689	-0.17569
6.450217026	-0.1411
6.460217362	-0.094758
6.470217699	-0.0094714
6.480218035	0.081666
6.490218371	0.092961
6.500218708	0.01832
6.510219044	-0.033647
6.520219381	0.0093251
6.530219717	0.073768
6.540220054	0.05574
6.55022039	-0.019822
6.560220727	-0.042352
6.570221063	0.020622
6.5802214	0.10108
6.590221736	0.1423
6.600222073	0.14363
6.610222409	0.11088
6.620222746	0.052174
6.630223082	0.014287
6.640223419	0.042929
6.650223755	0.11096
6.660224092	0.15471
6.670224428	0.1629
6.680224764	0.15714
6.690225101	0.12484
6.700225437	0.056929
6.710225774	0.010169
6.72022611	0.039267
6.730226447	0.10683
6.740226783	0.13797
6.75022712	0.12471
6.760227456	0.10648
6.770227793	0.098183
6.780228129	0.098345
6.790228466	0.11633
6.800228802	0.13919
6.810229139	0.13647
6.820229475	0.13096
6.830229812	0.17187
6.840230148	0.20597
6.850230485	0.11315
6.860230821	-0.083965
6.870231157	-0.20168
6.880231494	-0.16241
6.89023183	-0.10538
6.900232167	-0.14246
6.910232503	-0.17292
6.92023284	-0.080668
6.930233176	0.042775
6.940233513	0.04423
6.950233849	-0.030099
6.960234186	-0.018363
6.970234522	0.080047
6.980234859	0.11
6.990235195	0.02568
7.000235532	-0.035987
7.010235868	0.026215
7.020236205	0.13403
7.030236541	0.1596
7.040236878	0.095691
7.050237214	0.023042
7.06023755	-0.017897
7.070237887	-0.042702
7.080238223	-0.053803
7.09023856	-0.048567
7.100238896	-0.071431
7.110239233	-0.16342
7.120239569	-0.2577
7.130239906	-0.22524
7.140240242	-0.054382
7.150240579	0.10676
7.160240915	0.13666
7.170241252	0.083363
7.180241588	0.057472
7.190241925	0.073924
7.200242261	0.08303
7.210242598	0.087387
7.220242934	0.12414
7.230243271	0.17508
7.240243607	0.18327
7.250243943	0.14148
7.26024428	0.094862
7.270244616	0.075854
7.280244953	0.084686
7.290245289	0.1105
7.300245626	0.12846
7.310245962	0.1015
7.320246299	0.020838
7.330246635	-0.069041
7.340246972	-0.11214
7.350247308	-0.094521
7.360247645	-0.04306
7.370247981	0.0091709
7.380248318	0.040209
7.390248654	0.043419
7.400248991	0.028221
7.410249327	-0.0012196
7.420249664	-0.065047
7.43025	-0.16898
7.440250336	-0.24831
7.450250673	-0.21398
7.460251009	-0.080427
7.470251346	0.01505
7.480251682	-0.019163
7.490252019	-0.10183
7.500252355	-0.10267
7.510252692	-0.03709
7.520253028	-0.019441
7.530253365	-0.066186
7.540253701	-0.089729
7.550254038	-0.076334
7.560254374	-0.11219
7.570254711	-0.20415
7.580255047	-0.23242
7.590255384	-0.15237
7.60025572	-0.097786
7.610256057	-0.18036
7.620256393	-0.30411
7.630256729	-0.30576
7.640257066	-0.19575
7.650257402	-0.11885
7.660257739	-0.11872
7.670258075	-0.095769
7.680258412	-0.0059904
7.690258748	0.053686
7.700259085	0.013622
7.710259421	-0.046616
7.720259758	-0.030191
7.730260094	0.031838
7.740260431	0.063453
7.750260767	0.080172
7.760261104	0.13122
7.77026144	0.18077
7.780261777	0.16684
7.790262113	0.1265
7.80026245	0.14046
7.810262786	0.19447
7.820263122	0.20965
7.830263459	0.17917
7.840263795	0.16452
7.850264132	0.18391
7.860264468	0.19623
7.870264805	0.17674
7.880265141	0.137
7.890265478	0.092738
7.900265814	0.061199
7.910266151	0.062427
7.920266487	0.084793
7.930266824	0.084095
7.94026716	0.046907
7.950267497	0.016037
7.960267833	0.021285
7.97026817	0.032942
7.980268506	0.019155
7.990268843	0.000028365
8.000269179	0.0011439
8.010269515	-0.00068591
8.020269852	-0.033633
8.030270188	-0.068571
8.040270525	-0.055324
8.050270861	-0.0066629
8.060271198	0.019566
8.070271534	0.015746
8.080271871	0.031548
8.090272207	0.073026
8.100272544	0.080336
8.11027288	0.029527
8.120273217	-0.02599
8.130273553	-0.047578
8.14027389	-0.059803
8.150274226	-0.073232
8.160274563	-0.054444
8.170274899	-0.0071764
8.180275236	0.01666
8.190275572	0.027875
8.200275908	0.10247
8.210276245	0.22909
8.220276581	0.27726
8.230276918	0.18786
8.240277254	0.06857
8.250277591	0.024303
8.260277927	0.010822
8.270278264	-0.046719
8.2802786	-0.10422
8.290278937	-0.085775
8.300279273	-0.038687
8.31027961	-0.067842
8.320279946	-0.15395
8.330280283	-0.1683
8.340280619	-0.071115
8.350280956	0.026974
8.360281292	0.039702
8.370281629	0.032978
8.380281965	0.10141
8.390282301	0.20563
8.400282638	0.23608
8.410282974	0.1805
8.420283311	0.11488
8.430283647	0.067511
8.440283984	0.0084612
8.45028432	-0.051598
8.460284657	-0.069065
8.470284993	-0.059641
8.48028533	-0.072722
8.490285666	-0.089611
8.500286003	-0.056205
8.510286339	0.005832
8.520286676	0.031574
8.530287012	0.029944
8.540287349	0.057536
8.550287685	0.10251
8.560288022	0.10166
8.570288358	0.050795
8.580288694	0.0051287
8.590289031	-0.011387
8.600289367	-0.018795
8.610289704	-0.029068
8.62029004	-0.044358
8.630290377	-0.079465
8.640290713	-0.13352
8.65029105	-0.17117
8.660291386	-0.17064
8.670291723	-0.15726
8.680292059	-0.16094
8.690292396	-0.17703
8.700292732	-0.1934
8.710293069	-0.21884
8.720293405	-0.25745
8.730293742	-0.28007
8.740294078	-0.25245
8.750294415	-0.18589
8.760294751	-0.13401
8.770295087	-0.12249
8.780295424	-0.10688
8.79029576	-0.036349
8.800296097	0.056234
8.810296433	0.092899
8.82029677	0.072679
8.830297106	0.070985
8.840297443	0.10501
8.850297779	0.10684
8.860298116	0.053349
8.870298452	0.008325
8.880298789	0.00017544
8.890299125	-0.02142
8.900299462	-0.068851
8.910299798	-0.081165
8.920300135	-0.048286
8.930300471	-0.039182
8.940300808	-0.056724
8.950301144	-0.0097594
8.96030148	0.11493
8.970301817	0.203
8.980302153	0.19513
8.99030249	0.1665
9.000302826	0.16924
9.010303163	0.15396
9.020303499	0.10514
9.030303836	0.093318
9.040304172	0.12818
9.050304509	0.12272
9.060304845	0.060852
9.070305182	0.038364
9.080305518	0.078657
9.090305855	0.086294
9.100306191	0.038857
9.110306528	0.043917
9.120306864	0.13557
9.130307201	0.199
9.140307537	0.17358
9.150307873	0.15394
9.16030821	0.20105
9.170308546	0.22399
9.180308883	0.14892
9.190309219	0.059512
9.200309556	0.06211
9.210309892	0.13072
9.220310229	0.17854
9.230310565	0.18847
9.240310902	0.19228
9.250311238	0.19882
9.260311575	0.2063
9.270311911	0.22079
9.280312248	0.22347
9.290312584	0.18339
9.300312921	0.12315
9.310313257	0.096522
9.320313594	0.092876
9.33031393	0.051834
9.340314266	-0.02291
9.350314603	-0.060162
9.360314939	-0.043766
9.370315276	-0.041032
9.380315612	-0.08824
9.390315949	-0.13506
9.400316285	-0.13376
9.410316622	-0.10811
9.420316958	-0.10089
9.430317295	-0.11349
9.440317631	-0.12809
9.450317968	-0.14551
9.460318304	-0.17386
9.470318641	-0.20541
9.480318977	-0.22407
9.490319314	-0.23082
9.50031965	-0.2531
9.510319987	-0.31518
9.520320323	-0.3934
9.530320659	-0.42636
9.540320996	-0.39326
9.550321332	-0.34864
9.560321669	-0.34363
9.570322005	-0.34972
9.580322342	-0.31388
9.590322678	-0.25587
9.600323015	-0.24589
9.610323351	-0.29937
9.620323688	-0.35543
9.630324024	-0.3592
9.640324361	-0.3197
9.650324697	-0.27955
9.660325034	-0.26226
9.67032537	-0.25976
9.680325707	-0.25566
9.690326043	-0.2488
9.70032638	-0.24861
9.710326716	-0.25091
9.720327052	-0.23633
9.730327389	-0.20076
9.740327725	-0.16326
9.750328062	-0.13339
9.760328398	-0.096428
9.770328735	-0.050478
9.780329071	-0.023135
9.790329408	-0.02486
9.800329744	-0.018538
9.810330081	0.025872
9.820330417	0.075753
9.830330754	0.080161
9.84033109	0.055965
9.850331427	0.078066
9.860331763	0.17411
9.8703321	0.26933
9.880332436	0.27464
9.890332773	0.20639
9.900333109	0.17009
9.910333445	0.21891
9.920333782	0.28685
9.930334118	0.29183
9.940334455	0.25255
9.950334791	0.24654
9.960335128	0.28707
9.970335464	0.31596
9.980335801	0.30043
9.990336137	0.2693
10.00033647	0.25376
10.01033681	0.25355
10.02033715	0.257
10.03033748	0.2515
10.04033782	0.22309
10.05033816	0.18124
10.06033849	0.1606
10.07033883	0.16813
10.08033917	0.1663
10.0903395	0.14222
10.10033984	0.14209
10.11034017	0.18793
10.12034051	0.22062
10.13034085	0.19004
10.14034118	0.14281
10.15034152	0.14391
10.16034186	0.17003
10.17034219	0.16345
10.18034253	0.13585
10.19034287	0.12747
10.2003432	0.11288
10.21034354	0.046903
10.22034388	-0.032595
10.23034421	-0.047342
10.24034455	-0.0021759
10.25034489	0.028213
10.26034522	0.019906
10.27034556	0.017631
10.2803459	0.041388
10.29034623	0.056372
10.30034657	0.042389
10.3103469	0.02983
10.32034724	0.054842
10.33034758	0.11216
10.34034791	0.15993
10.35034825	0.15389
10.36034859	0.086556
10.37034892	-0.00082873
10.38034926	-0.055715
10.3903496	-0.068063
10.40034993	-0.065617
10.41035027	-0.068262
10.42035061	-0.07022
10.43035094	-0.068831
10.44035128	-0.075622
10.45035162	-0.092543
10.46035195	-0.0961
10.47035229	-0.06116
10.48035262	0.0046707
10.49035296	0.059284
10.5003533	0.065249
10.51035363	0.031821
10.52035397	0.0019234
10.53035431	-0.0037323
10.54035464	-0.0072184
10.55035498	-0.029275
10.56035532	-0.054436
10.57035565	-0.058977
10.58035599	-0.046596
10.59035633	-0.035168
10.60035666	-0.032398
10.610357	-0.040975
10.62035734	-0.059827
10.63035767	-0.065989
10.64035801	-0.033
10.65035834	0.017972
10.66035868	0.027945
10.67035902	-0.015803
10.68035935	-0.055237
10.69035969	-0.049305
10.70036003	-0.032182
10.71036036	-0.048277
10.7203607	-0.081951
10.73036104	-0.098156
10.74036137	-0.10253
10.75036171	-0.11272
10.76036205	-0.11032
10.77036238	-0.075984
10.78036272	-0.038085
10.79036306	-0.039937
10.80036339	-0.082127
10.81036373	-0.13081
10.82036406	-0.15583
10.8303644	-0.13973
10.84036474	-0.086006
10.85036507	-0.039131
10.86036541	-0.050874
10.87036575	-0.10868
10.88036608	-0.14298
10.89036642	-0.12468
10.90036676	-0.097635
10.91036709	-0.099383
10.92036743	-0.10679
10.93036777	-0.088036
10.9403681	-0.057644
10.95036844	-0.048598
10.96036878	-0.066089
10.97036911	-0.092341
10.98036945	-0.113
10.99036978	-0.12093
11.00037012	-0.11611
11.01037046	-0.11071
11.02037079	-0.11924
11.03037113	-0.13995
11.04037147	-0.15559
11.0503718	-0.1495
11.06037214	-0.11702
11.07037248	-0.07186
11.08037281	-0.039788
11.09037315	-0.032053
11.10037349	-0.032907
11.11037382	-0.028936
11.12037416	-0.032097
11.1303745	-0.05171
11.14037483	-0.065521
11.15037517	-0.050217
11.1603755	-0.020313
11.17037584	-0.004331
11.18037618	0.00026947
11.19037651	0.012332
11.20037685	0.029521
11.21037719	0.040364
11.22037752	0.05453
11.23037786	0.085835
11.2403782	0.12292
11.25037853	0.14758
11.26037887	0.16585
11.27037921	0.18856
11.28037954	0.19386
11.29037988	0.14837
11.30038022	0.065633
11.31038055	0.0068598
11.32038089	0.012599
11.33038122	0.058689
11.34038156	0.092824
11.3503819	0.094156
11.36038223	0.079918
11.37038257	0.072777
11.38038291	0.082508
11.39038324	0.10834
11.40038358	0.13684
11.41038392	0.14667
11.42038425	0.13133
11.43038459	0.10808
11.44038493	0.092304
11.45038526	0.075777
11.4603856	0.044471
11.47038594	0.0017193
11.48038627	-0.039196
11.49038661	-0.069043
11.50038694	-0.078809
11.51038728	-0.060732
11.52038762	-0.023125
11.53038795	0.010417
11.54038829	0.022724
11.55038863	0.015719
11.56038896	0.0044672
11.5703893	0.0032025
11.58038964	0.0113
11.59038997	0.0091406
11.60039031	-0.018667
11.61039065	-0.059985
11.62039098	-0.093293
11.63039132	-0.12106
11.64039166	-0.15523
11.65039199	-0.17979
11.66039233	-0.16929
11.67039266	-0.13628
11.680393	-0.11832
11.69039334	-0.12201
11.70039367	-0.12331
11.71039401	-0.11463
11.72039435	-0.11035
11.73039468	-0.10963
11.74039502	-0.092845
11.75039536	-0.054714
11.76039569	-0.016386
11.77039603	-0.0050056
11.78039637	-0.0314
11.7903967	-0.076867
11.80039704	-0.10077
11.81039738	-0.082807
11.82039771	-0.051174
11.83039805	-0.042183
11.84039838	-0.043893
11.85039872	-0.023717
11.86039906	0.006493
11.87039939	0.0072688
11.88039973	-0.014517
11.89040007	-0.01212
11.9004004	0.021398
11.91040074	0.040999
11.92040108	0.024696
11.93040141	0.0079285
11.94040175	0.028079
11.95040209	0.074364
11.96040242	0.11084
11.97040276	0.12245
11.9804031	0.12306
11.99040343	0.13011
12.00040377	0.14613
12.0104041	0.15854
12.02040444	0.1547
12.03040478	0.13672
12.04040511	0.12137
12.05040545	0.12351
12.06040579	0.14127
12.07040612	0.15684
12.08040646	0.15137
12.0904068	0.12182
12.10040713	0.082357
12.11040747	0.051829
12.12040781	0.045248
12.13040814	0.072283
12.14040848	0.12371
12.15040882	0.1632
12.16040915	0.15708
12.17040949	0.11867
12.18040983	0.094337
12.19041016	0.10007
12.2004105	0.1034
12.21041083	0.082381
12.22041117	0.065126
12.23041151	0.082641
12.24041184	0.11063
12.25041218	0.098726
12.26041252	0.046845
12.27041285	0.010683
12.28041319	0.022988
12.29041353	0.049251
12.30041386	0.044578
12.3104142	0.020427
12.32041454	0.014058
12.33041487	0.018093
12.34041521	-0.0053979
12.35041555	-0.05134
12.36041588	-0.069521
12.37041622	-0.04246
12.38041655	-0.011288
12.39041689	-0.011667
12.40041723	-0.026232
12.41041756	-0.021577
12.4204179	0.0047437
12.43041824	0.030473
12.44041857	0.038999
12.45041891	0.029915
12.46041925	0.014885
12.47041958	0.0065151
12.48041992	0.0046789
12.49042026	-0.0013839
12.50042059	-0.014707
12.51042093	-0.025702
12.52042127	-0.027381
12.5304216	-0.022296
12.54042194	-0.013453
12.55042227	-0.0024062
12.56042261	0.0076576
12.57042295	0.016253
12.58042328	0.025051
12.59042362	0.024944
12.60042396	0.0059804
12.61042429	-0.015084
12.62042463	-0.006109
12.63042497	0.029173
12.6404253	0.047419
12.65042564	0.027097
12.66042598	-0.00090361
12.67042631	-0.0020728
12.68042665	0.019542
12.69042699	0.045367
12.70042732	0.072357
12.71042766	0.096535
12.72042799	0.098623
12.73042833	0.070723
12.74042867	0.035327
12.750429	0.017365
12.76042934	0.01316
12.77042968	0.0039917
12.78043001	-0.013047
12.79043035	-0.025006
12.80043069	-0.02656
12.81043102	-0.026639
12.82043136	-0.03017
12.8304317	-0.028107
12.84043203	-0.014643
12.85043237	-0.0039146
12.86043271	-0.01291
12.87043304	-0.034165
12.88043338	-0.04478
12.89043371	-0.040697
12.90043405	-0.040539
12.91043439	-0.056168
12.92043472	-0.079969
12.93043506	-0.103
12.9404354	-0.12416
12.95043573	-0.13585
12.96043607	-0.12428
12.97043641	-0.093976
12.98043674	-0.074095
12.99043708	-0.084209
13.00043742	-0.10857
13.01043775	-0.11726
13.02043809	-0.10527
13.03043843	-0.093906
13.04043876	-0.098597
13.0504391	-0.11236
13.06043943	-0.12511
13.07043977	-0.13958
13.08044011	-0.15906
13.09044044	-0.17412
13.10044078	-0.1743
13.11044112	-0.16191
13.12044145	-0.14472
13.13044179	-0.12421
13.14044213	-0.098601
13.15044246	-0.071216
13.1604428	-0.052795
13.17044314	-0.059178
13.18044347	-0.096699
13.19044381	-0.14045
13.20044415	-0.14679
13.21044448	-0.10739
13.22044482	-0.069513
13.23044515	-0.076532
13.24044549	-0.11199
13.25044583	-0.13412
13.26044616	-0.13817
13.2704465	-0.14322
13.28044684	-0.14111
13.29044717	-0.10993
13.30044751	-0.065064
13.31044785	-0.04668
13.32044818	-0.057575
13.33044852	-0.059004
13.34044886	-0.031663
13.35044919	0.00023214
13.36044953	0.014732
13.37044987	0.024982
13.3804502	0.047305
13.39045054	0.066924
13.40045087	0.062005
13.41045121	0.044553
13.42045155	0.045907
13.43045188	0.072034
13.44045222	0.099444
13.45045256	0.11161
13.46045289	0.11268
13.47045323	0.10763
13.48045357	0.093486
13.4904539	0.075415
13.50045424	0.069237
13.51045458	0.080919
13.52045491	0.098796
13.53045525	0.10974
13.54045559	0.11035
13.55045592	0.10389
13.56045626	0.096094
13.57045659	0.090866
13.58045693	0.083612
13.59045727	0.068098
13.6004576	0.053055
13.61045794	0.059764
13.62045828	0.092661
13.63045861	0.125
13.64045895	0.12652
13.65045929	0.10024
13.66045962	0.077667
13.67045996	0.078594
13.6804603	0.08812
13.69046063	0.081692
13.70046097	0.064611
13.71046131	0.067739
13.72046164	0.10073
13.73046198	0.13189
13.74046231	0.13044
13.75046265	0.10792
13.76046299	0.097577
13.77046332	0.10784
13.78046366	0.11946
13.790464	0.11747
13.80046433	0.10755
13.81046467	0.10439
13.82046501	0.11543
13.83046534	0.13134
13.84046568	0.13069
13.85046602	0.10145
13.86046635	0.05888
13.87046669	0.029385
13.88046703	0.021376
13.89046736	0.024549
13.9004677	0.031206
13.91046803	0.040745
13.92046837	0.050065
13.93046871	0.054407
13.94046904	0.053333
13.95046938	0.048925
13.96046972	0.043208
13.97047005	0.039662
13.98047039	0.038854
13.99047073	0.035274
14.00047106	0.026251
14.0104714	0.016241
14.02047174	0.00041798
14.03047207	-0.037937
14.04047241	-0.096234
14.05047275	-0.1378
14.06047308	-0.13529
14.07047342	-0.11034
14.08047376	-0.10112
14.09047409	-0.10619
14.10047443	-0.094226
14.11047476	-0.058958
14.1204751	-0.027477
14.13047544	-0.01875
14.14047577	-0.027032
14.15047611	-0.046873
14.16047645	-0.080203
14.17047678	-0.11422
14.18047712	-0.1241
14.19047746	-0.10873
14.20047779	-0.094277
14.21047813	-0.091605
14.22047847	-0.081007
14.2304788	-0.056261
14.24047914	-0.050516
14.25047948	-0.087922
14.26047981	-0.13594
14.27048015	-0.14432
14.28048048	-0.11537
14.29048082	-0.094301
14.30048116	-0.097369
14.31048149	-0.094508
14.32048183	-0.06759
14.33048217	-0.042326
14.3404825	-0.042653
14.35048284	-0.050882
14.36048318	-0.04099
14.37048351	-0.022403
14.38048385	-0.016239
14.39048419	-0.0085369
14.40048452	0.03051
14.41048486	0.090655
14.4204852	0.12499
14.43048553	0.11306
14.44048587	0.082285
14.4504862	0.060873
14.46048654	0.041584
14.47048688	0.010212
14.48048721	-0.022275
14.49048755	-0.035247
14.50048789	-0.027805
14.51048822	-0.011348
14.52048856	0.0094864
14.5304889	0.034148
14.54048923	0.053557
14.55048957	0.05789
14.56048991	0.051327
14.57049024	0.050523
14.58049058	0.068447
14.59049092	0.10444
14.60049125	0.14159
14.61049159	0.15532
14.62049192	0.13573
14.63049226	0.1013
14.6404926	0.076329
14.65049293	0.059013
14.66049327	0.031078
14.67049361	-0.0047926
14.68049394	-0.022905
14.69049428	-0.015153
14.70049462	-0.0060791
14.71049495	-0.016977
14.72049529	-0.036091
14.73049563	-0.038919
14.74049596	-0.021118
14.7504963	-0.000663
14.76049664	0.0055687
14.77049697	-0.0024958
14.78049731	-0.010001
14.79049764	-0.0059683
14.80049798	0.0027022
14.81049832	-0.0019629
14.82049865	-0.025835
14.83049899	-0.059141
14.84049933	-0.091735
14.85049966	-0.1185
14.8605	-0.13009
14.87050034	-0.11936
14.88050067	-0.097002
14.89050101	-0.084206
14.90050135	-0.089312
14.91050168	-0.1055
14.92050202	-0.12425
14.93050236	-0.13812
14.94050269	-0.13852
14.95050303	-0.12899
14.96050336	-0.12821
14.9705037	-0.14446
14.98050404	-0.15699
14.99050437	-0.14223
15.00050471	-0.10574
15.01050505	-0.07321
15.02050538	-0.059646
15.03050572	-0.062842
15.04050606	-0.075492
15.05050639	-0.088978
15.06050673	-0.09399
15.07050707	-0.088443
15.0805074	-0.080532
15.09050774	-0.07532
15.10050808	-0.068872
15.11050841	-0.062246
15.12050875	-0.068915
15.13050908	-0.091864
15.14050942	-0.10473
15.15050976	-0.077488
15.16051009	-0.019922
15.17051043	0.02186
15.18051077	0.022302
15.1905111	0.0098948
15.20051144	0.026686
15.21051178	0.068088
15.22051211	0.089015
15.23051245	0.064712
15.24051279	0.020867
15.25051312	-0.0026835
15.26051346	0.0053175
15.2705138	0.031258
15.28051413	0.062221
15.29051447	0.088579
15.3005148	0.098921
15.31051514	0.091531
15.32051548	0.081443
15.33051581	0.081072
15.34051615	0.085578
15.35051649	0.085753
15.36051682	0.080752
15.37051716	0.068319
15.3805175	0.044177
15.39051783	0.020275
15.40051817	0.019617
15.41051851	0.041
15.42051884	0.05869
15.43051918	0.066411
15.44051952	0.085503
15.45051985	0.11671
15.46052019	0.12723
15.47052052	0.10609
15.48052086	0.088032
15.4905212	0.098153
15.50052153	0.11321
15.51052187	0.10713
15.52052221	0.094158
15.53052254	0.095776
15.54052288	0.097877
15.55052322	0.07738
15.56052355	0.045215
15.57052389	0.03015
15.58052423	0.036065
15.59052456	0.044192
15.6005249	0.045742
15.61052524	0.047971
15.62052557	0.05228
15.63052591	0.04741
15.64052624	0.027967
15.65052658	0.0073105
15.66052692	0.0049173
15.67052725	0.023272
15.68052759	0.045789
15.69052793	0.059619
15.70052826	0.07135
15.7105286	0.087878
15.72052894	0.092767
15.73052927	0.065547
15.74052961	0.021857
15.75052995	0.0029708
15.76053028	0.018167
15.77053062	0.031661
15.78053096	0.019281
15.79053129	0.0028253
15.80053163	0.0061838
15.81053197	0.013294
15.8205323	0.00026717
15.83053264	-0.019499
15.84053297	-0.017146
15.85053331	0.0063707
15.86053365	0.030184
15.87053398	0.0497
15.88053432	0.07154
15.89053466	0.088387
15.90053499	0.08598
15.91053533	0.066393
15.92053567	0.043416
15.930536	0.026725
15.94053634	0.020141
15.95053668	0.023135
15.96053701	0.026214
15.97053735	0.021201
15.98053769	0.015907
15.99053802	0.01823
16.00053836	0.014475
16.01053869	-0.010625
16.02053903	-0.039138
16.03053937	-0.040691
16.0405397	-0.019712
16.05054004	-0.0082255
16.06054038	-0.015386
16.07054071	-0.022662
16.08054105	-0.023407
16.09054139	-0.029487
16.10054172	-0.03896
16.11054206	-0.035513
16.1205424	-0.021269
16.13054273	-0.017894
16.14054307	-0.032246
16.15054341	-0.050043
16.16054374	-0.063737
16.17054408	-0.077761
16.18054441	-0.087163
16.19054475	-0.078386
16.20054509	-0.055852
16.21054542	-0.043221
16.22054576	-0.053995
16.2305461	-0.07595
16.24054643	-0.090376
16.25054677	-0.092128
16.26054711	-0.087117
16.27054744	-0.078949
16.28054778	-0.065475
16.29054812	-0.046882
16.30054845	-0.033115
16.31054879	-0.035951
16.32054913	-0.050958
16.33054946	-0.057959
16.3405498	-0.045728
16.35055013	-0.027755
16.36055047	-0.024411
16.37055081	-0.0372
16.38055114	-0.049628
16.39055148	-0.046666
16.40055182	-0.027793
16.41055215	-0.0053585
16.42055249	0.0044748
16.43055283	-0.0040396
16.44055316	-0.023697
16.4505535	-0.046905
16.46055384	-0.072132
16.47055417	-0.090959
16.48055451	-0.085504
16.49055485	-0.053759
16.50055518	-0.021145
16.51055552	-0.0096675
16.52055585	-0.0094473
16.53055619	-0.0005395
16.54055653	0.016127
16.55055686	0.029308
16.5605572	0.040147
16.57055754	0.053106
16.58055787	0.059638
16.59055821	0.052776
16.60055855	0.042481
16.61055888	0.04086
16.62055922	0.042669
16.63055956	0.039178
16.64055989	0.035253
16.65056023	0.037779
16.66056057	0.03959
16.6705609	0.032509
16.68056124	0.02497
16.69056157	0.030328
16.70056191	0.046604
16.71056225	0.058248
16.72056258	0.054013
16.73056292	0.033985
16.74056326	0.0068553
16.75056359	-0.014213
16.76056393	-0.018865
16.77056427	-0.0095287
16.7805646	0.00033929
16.79056494	0.0022089
16.80056528	0.00097661
16.81056561	0.0039188
16.82056595	0.008574
16.83056629	0.0071951
16.84056662	-0.0022153
16.85056696	-0.015008
16.86056729	-0.025543
16.87056763	-0.030476
16.88056797	-0.030656
16.8905683	-0.031582
16.90056864	-0.037812
16.91056898	-0.046078
16.92056931	-0.049034
16.93056965	-0.045253
16.94056999	-0.039219
16.95057032	-0.032237
16.96057066	-0.021054
16.970571	-0.0065838
16.98057133	0.0031703
16.99057167	0.0010091
17.00057201	-0.011007
17.01057234	-0.023281
17.02057268	-0.028692
17.03057301	-0.029353
17.04057335	-0.030165
17.05057369	-0.02776
17.06057402	-0.015453
17.07057436	-0.00015735
17.0805747	0.0010894
17.09057503	-0.010764
17.10057537	-0.012373
17.11057571	0.0042028
17.12057604	0.011477
17.13057638	-0.012233
17.14057672	-0.043289
17.15057705	-0.043887
17.16057739	-0.017376
17.17057773	0.0015221
17.18057806	-0.00083167
17.1905784	-0.0083477
17.20057873	-0.012846
17.21057907	-0.023651
17.22057941	-0.03835
17.23057974	-0.037891
17.24058008	-0.017423
17.25058042	0.0046779
17.26058075	0.015749
17.27058109	0.021486
17.28058143	0.025756
17.29058176	0.020158
17.3005821	0.00059456
17.31058244	-0.025056
17.32058277	-0.048362
17.33058311	-0.065192
17.34058345	-0.06686
17.35058378	-0.043603
17.36058412	0.000058251
17.37058445	0.043665
17.38058479	0.069011
17.39058513	0.071808
17.40058546	0.058844
17.4105858	0.041924
17.42058614	0.032688
17.43058647	0.035314
17.44058681	0.045919
17.45058715	0.058767
17.46058748	0.06835
17.47058782	0.068318
17.48058816	0.056169
17.49058849	0.036789
17.50058883	0.016579
17.51058917	-0.00074862
17.5205895	-0.010161
17.53058984	-0.0071081
17.54059017	0.0018831
17.55059051	0.0028746
17.56059085	-0.0050492
17.57059118	-0.0080374
17.58059152	-0.00067691
17.59059186	0.0054548
17.60059219	0.0036322
17.61059253	0.0022025
17.62059287	0.008393
17.6305932	0.017878
17.64059354	0.027688
17.65059388	0.040809
17.66059421	0.053425
17.67059455	0.054775
17.68059489	0.045806
17.69059522	0.040513
17.70059556	0.043605
17.7105959	0.04384
17.72059623	0.032926
17.73059657	0.016919
17.7405969	0.0050263
17.75059724	0.00084447
17.76059758	0.0050508
17.77059791	0.014171
17.78059825	0.016371
17.79059859	0.0043938
17.80059892	-0.0093989
17.81059926	-0.0085953
17.8205996	0.00025044
17.83059993	-0.0019835
17.84060027	-0.012618
17.85060061	-0.0097357
17.86060094	0.010553
17.87060128	0.02699
17.88060162	0.028809
17.89060195	0.031265
17.90060229	0.044161
17.91060262	0.053263
17.92060296	0.046377
17.9306033	0.033659
17.94060363	0.024727
17.95060397	0.011765
17.96060431	-0.0099455
17.97060464	-0.025238
17.98060498	-0.020981
17.99060532	-0.0052397
18.00060565	0.0094786
18.01060599	0.024989
18.02060633	0.043262
18.03060666	0.051979
18.040607	0.041768
18.05060734	0.023214
18.06060767	0.013638
18.07060801	0.017924
18.08060834	0.030852
18.09060868	0.042276
18.10060902	0.037604
18.11060935	0.010251
18.12060969	-0.022747
18.13061003	-0.037123
18.14061036	-0.03405
18.1506107	-0.035942
18.16061104	-0.05037
18.17061137	-0.061401
18.18061171	-0.057764
18.19061205	-0.044832
18.20061238	-0.028214
18.21061272	-0.0089511
18.22061306	0.004186
18.23061339	0.0020764
18.24061373	-0.0069234
18.25061406	-0.0090361
18.2606144	-0.011129
18.27061474	-0.028676
18.28061507	-0.053946
18.29061541	-0.064519
18.30061575	-0.060536
18.31061608	-0.063098
18.32061642	-0.075448
18.33061676	-0.075081
18.34061709	-0.050459
18.35061743	-0.019326
18.36061777	-0.0020794
18.3706181	0.0017154
18.38061844	0.002528
18.39061878	0.0048488
18.40061911	0.010355
18.41061945	0.023093
18.42061978	0.04208
18.43062012	0.05541
18.44062046	0.049485
18.45062079	0.02401
18.46062113	-0.0057228
18.47062147	-0.0218
18.4806218	-0.019741
18.49062214	-0.011372
18.50062248	-0.0094538
18.51062281	-0.011888
18.52062315	-0.008444
18.53062349	0.0010453
18.54062382	0.0078573
18.55062416	0.011774
18.5606245	0.021633
18.57062483	0.03747
18.58062517	0.046731
18.5906255	0.042194
18.60062584	0.031085
18.61062618	0.022359
18.62062651	0.016704
18.63062685	0.01218
18.64062719	0.0084203
18.65062752	0.0042646
18.66062786	0.0024732
18.6706282	0.012461
18.68062853	0.033633
18.69062887	0.044653
18.70062921	0.029691
18.71062954	0.006977
18.72062988	0.0067634
18.73063022	0.027599
18.74063055	0.040331
18.75063089	0.03153
18.76063122	0.015162
18.77063156	0.0035738
18.7806319	-0.006866
18.79063223	-0.019588
18.80063257	-0.030717
18.81063291	-0.03951
18.82063324	-0.047066
18.83063358	-0.047706
18.84063392	-0.03719
18.85063425	-0.025111
18.86063459	-0.021886
18.87063493	-0.022652
18.88063526	-0.019411
18.8906356	-0.020496
18.90063594	-0.037056
18.91063627	-0.059342
18.92063661	-0.067906
18.93063694	-0.062693
18.94063728	-0.059456
18.95063762	-0.062062
18.96063795	-0.060163
18.97063829	-0.050993
18.98063863	-0.045391
18.99063896	-0.049665
19.0006393	-0.057928
19.01063964	-0.062219
19.02063997	-0.060947
19.03064031	-0.054391
19.04064065	-0.044735
19.05064098	-0.038283
19.06064132	-0.040917
19.07064166	-0.048519
19.08064199	-0.051278
19.09064233	-0.044163
19.10064266	-0.03194
19.110643	-0.022496
19.12064334	-0.019835
19.13064367	-0.020877
19.14064401	-0.020539
19.15064435	-0.01935
19.16064468	-0.023217
19.17064502	-0.032035
19.18064536	-0.034432
19.19064569	-0.022964
19.20064603	-0.0081874
19.21064637	-0.0062452
19.2206467	-0.014568
19.23064704	-0.014178
19.24064738	0.0031968
19.25064771	0.023708
19.26064805	0.03231
19.27064838	0.03314
19.28064872	0.039205
19.29064906	0.051585
19.30064939	0.060432
19.31064973	0.060978
19.32065007	0.056411
19.3306504	0.047767
19.34065074	0.032958
19.35065108	0.015616
19.36065141	0.0059506
19.37065175	0.0085984
19.38065209	0.016886
19.39065242	0.021254
19.40065276	0.020295
19.4106531	0.019755
19.42065343	0.024734
19.43065377	0.033632
19.4406541	0.039967
19.45065444	0.038742
19.46065478	0.031684
19.47065511	0.023466
19.48065545	0.016274
19.49065579	0.0097553
19.50065612	0.0057834
19.51065646	0.0068295
19.5206568	0.012461
19.53065713	0.019808
19.54065747	0.027215
19.55065781	0.032329
19.56065814	0.031144
19.57065848	0.023013
19.58065882	0.015134
19.59065915	0.014585
19.60065949	0.019056
19.61065983	0.020603
19.62066016	0.019487
19.6306605	0.022573
19.64066083	0.029194
19.65066117	0.028166
19.66066151	0.017165
19.67066184	0.010243
19.68066218	0.019572
19.69066252	0.035619
19.70066285	0.041379
19.71066319	0.036429
19.72066353	0.032974
19.73066386	0.03049
19.7406642	0.018199
19.75066454	-0.0011736
19.76066487	-0.010682
19.77066521	-0.0055152
19.78066555	0.0028692
19.79066588	0.0078891
19.80066622	0.014954
19.81066655	0.023444
19.82066689	0.02423
19.83066723	0.01627
19.84066756	0.0093402
19.8506679	0.0061082
19.86066824	0.0019965
19.87066857	0.00028006
19.88066891	0.0083942
19.89066925	0.019264
19.90066958	0.018319
19.91066992	0.0058931
19.92067026	-0.0054299
19.93067059	-0.011577
19.94067093	-0.017539
19.95067127	-0.021756
19.9606716	-0.019467
19.97067194	-0.015735
19.98067227	-0.019887
19.99067261	-0.029451
20.00067295	-0.035345
20.01067328	-0.035432
20.02067362	-0.031909
20.03067396	-0.022423
20.04067429	-0.0071181
20.05067463	0.0050813
20.06067497	0.0072401
20.0706753	0.0044182
20.08067564	0.0046551
20.09067598	0.0086763
20.10067631	0.013779
20.11067665	0.019194
20.12067699	0.021354
20.13067732	0.013261
20.14067766	-0.0046862
20.15067799	-0.020964
20.16067833	-0.026941
20.17067867	-0.02615
20.180679	-0.026505
20.19067934	-0.029994
20.20067968	-0.03355
20.21068001	-0.033604
20.22068035	-0.028853
20.23068069	-0.022033
20.24068102	-0.020085
20.25068136	-0.026207
20.2606817	-0.03251
20.27068203	-0.026776
20.28068237	-0.0094754
20.29068271	0.0048931
20.30068304	0.0047141
20.31068338	-0.006389
20.32068371	-0.017322
20.33068405	-0.021661
20.34068439	-0.019223
20.35068472	-0.012795
20.36068506	-0.0074909
20.3706854	-0.007343
20.38068573	-0.0097006
20.39068607	-0.0086984
20.40068641	-0.0064736
20.41068674	-0.011245
20.42068708	-0.021317
20.43068742	-0.02229
20.44068775	-0.0085027
20.45068809	0.0054079
20.46068843	0.004278
20.47068876	-0.006801
20.4806891	-0.013561
20.49068943	-0.015443
20.50068977	-0.021978
20.51069011	-0.033582
20.52069044	-0.03873
20.53069078	-0.030345
20.54069112	-0.012169
20.55069145	0.0068048
20.56069179	0.018164
20.57069213	0.016423
20.58069246	0.0066877
20.5906928	0.0037477
20.60069314	0.015664
20.61069347	0.032939
20.62069381	0.042479
20.63069415	0.044196
20.64069448	0.044831
20.65069482	0.043621
20.66069515	0.035345
20.67069549	0.021083
20.68069583	0.0056422
20.69069616	-0.009265
20.7006965	-0.021209
20.71069684	-0.023164
20.72069717	-0.012904
20.73069751	0.0014513
20.74069785	0.011923
20.75069818	0.019946
20.76069852	0.028051
20.77069886	0.032467
20.78069919	0.031448
20.79069953	0.031253
20.80069987	0.036584
20.8107002	0.043244
20.82070054	0.046107
20.83070087	0.046715
20.84070121	0.046778
20.85070155	0.042647
20.86070188	0.031195
20.87070222	0.017005
20.88070256	0.0068237
20.89070289	0.0033006
20.90070323	0.0046752
20.91070357	0.0072361
20.9207039	0.0063313
20.93070424	0.002283
20.94070458	0.0026775
20.95070491	0.0134
20.96070525	0.02721
20.97070559	0.029384
20.98070592	0.014239
20.99070626	-0.0085572
21.00070659	-0.023894
21.01070693	-0.023199
21.02070727	-0.0095483
21.0307076	0.0048142
21.04070794	0.0088974
21.05070828	0.0032456
21.06070861	-0.0042029
21.07070895	-0.011642
21.08070929	-0.023078
21.09070962	-0.03416
21.10070996	-0.032666
21.1107103	-0.017235
21.12071063	-0.0022207
21.13071097	0.0026388
21.14071131	0.004203
21.15071164	0.01065
21.16071198	0.017237
21.17071231	0.017478
21.18071265	0.015875
21.19071299	0.017355
21.20071332	0.015842
21.21071366	0.0055354
21.220714	-0.0057565
21.23071433	-0.0084127
21.24071467	-0.0072587
21.25071501	-0.012989
21.26071534	-0.022333
21.27071568	-0.021821
21.28071602	-0.010351
21.29071635	-0.0019906
21.30071669	-0.0051839
21.31071703	-0.011881
21.32071736	-0.011739
21.3307177	-0.0053563
21.34071803	0.00045728
21.35071837	0.0030937
21.36071871	0.0039477
21.37071904	0.0021641
21.38071938	-0.0035829
21.39071972	-0.009641
21.40072005	-0.010726
21.41072039	-0.008611
21.42072073	-0.010171
21.43072106	-0.016979
21.4407214	-0.023121
21.45072174	-0.023933
21.46072207	-0.021621
21.47072241	-0.020001
21.48072275	-0.020404
21.49072308	-0.023566
21.50072342	-0.030357
21.51072376	-0.036407
21.52072409	-0.034942
21.53072443	-0.026717
21.54072476	-0.02101
21.5507251	-0.022677
21.56072544	-0.02659
21.57072577	-0.027017
21.58072611	-0.024696
21.59072645	-0.020952
21.60072678	-0.012319
21.61072712	0.0027937
21.62072746	0.018302
21.63072779	0.027045
21.64072813	0.029678
21.65072847	0.030314
21.6607288	0.027716
21.67072914	0.018124
21.68072948	0.0047031
21.69072981	-0.0045659
21.70073015	-0.0082809
21.71073048	-0.012607
21.72073082	-0.020137
21.73073116	-0.025014
21.74073149	-0.02273
21.75073183	-0.015729
21.76073217	-0.00735
21.7707325	0.0028596
21.78073284	0.012986
21.79073318	0.017267
21.80073351	0.015634
21.81073385	0.017501
21.82073419	0.028793
21.83073452	0.041938
21.84073486	0.045615
21.8507352	0.039818
21.86073553	0.032186
21.87073587	0.026416
21.8807362	0.020075
21.89073654	0.013087
21.90073688	0.0071647
21.91073721	0.0024641
21.92073755	-0.0023222
21.93073789	-0.0059115
21.94073822	-0.0082436
21.95073856	-0.011977
21.9607389	-0.017811
21.97073923	-0.022115
21.98073957	-0.023347
21.99073991	-0.022914
22.00074024	-0.017939
22.01074058	-0.0041366
22.02074092	0.011596
22.03074125	0.01459
22.04074159	0.0029904
22.05074192	-0.0087019
22.06074226	-0.01139
22.0707426	-0.011989
22.08074293	-0.017657
22.09074327	-0.023507
22.10074361	-0.023186
22.11074394	-0.018936
22.12074428	-0.015007
22.13074462	-0.0094506
22.14074495	0.00083568
22.15074529	0.01241
22.16074563	0.01814
22.17074596	0.0164
22.1807463	0.014903
22.19074664	0.022331
22.20074697	0.035445
22.21074731	0.040129
22.22074764	0.030904
22.23074798	0.019837
22.24074832	0.0185
22.25074865	0.020228
22.26074899	0.014541
22.27074933	0.0064989
22.28074966	0.0092344
22.29075	0.020814
22.30075034	0.027725
22.31075067	0.024844
22.32075101	0.019474
22.33075135	0.014697
22.34075168	0.0052368
22.35075202	-0.01032
22.36075236	-0.024504
22.37075269	-0.030608
22.38075303	-0.029632
22.39075336	-0.026266
22.4007537	-0.023134
22.41075404	-0.020817
22.42075437	-0.018711
22.43075471	-0.01547
22.44075505	-0.010845
22.45075538	-0.0087006
22.46075572	-0.011529
22.47075606	-0.014885
22.48075639	-0.011966
22.49075673	-0.0045285
22.50075707	0.00073728
22.5107574	0.0036863
22.52075774	0.0098132
22.53075808	0.016813
22.54075841	0.015999
22.55075875	0.0088282
22.56075908	0.0072271
22.57075942	0.014204
22.58075976	0.018914
22.59076009	0.015394
22.60076043	0.0097754
22.61076077	0.0065918
22.6207611	0.0023468
22.63076144	-0.0038899
22.64076178	-0.0077915
22.65076211	-0.009356
22.66076245	-0.011904
22.67076279	-0.012839
22.68076312	-0.0083601
22.69076346	-0.0037864
22.7007638	-0.0043428
22.71076413	-0.0043743
22.72076447	0.0017188
22.7307648	0.0060379
22.74076514	0.0011221
22.75076548	-0.0057294
22.76076581	-0.0040096
22.77076615	0.0025143
22.78076649	0.0056358
22.79076682	0.0062146
22.80076716	0.0077672
22.8107675	0.0061952
22.82076783	-0.0013316
22.83076817	-0.0089401
22.84076851	-0.010567
22.85076884	-0.0087609
22.86076918	-0.0083015
22.87076952	-0.0095516
22.88076985	-0.010536
22.89077019	-0.010406
22.90077052	-0.0093857
22.91077086	-0.010006
22.9207712	-0.015203
22.93077153	-0.022374
22.94077187	-0.023577
22.95077221	-0.01505
22.96077254	-0.0012394
22.97077288	0.011054
22.98077322	0.017406
22.99077355	0.014496
23.00077389	0.0032781
23.01077423	-0.0073001
23.02077456	-0.0088171
23.0307749	-0.0051389
23.04077524	-0.0056455
23.05077557	-0.0096824
23.06077591	-0.010048
23.07077624	-0.0076431
23.08077658	-0.0082776
23.09077692	-0.0086329
23.10077725	-0.00089143
23.11077759	0.01025
23.12077793	0.013481
23.13077826	0.010537
23.1407786	0.013042
23.15077894	0.018717
23.16077927	0.013515
23.17077961	-0.0026776
23.18077995	-0.013325
23.19078028	-0.011246
23.20078062	-0.0070082
23.21078096	-0.0089962
23.22078129	-0.013859
23.23078163	-0.016526
23.24078197	-0.015263
23.2507823	-0.0069013
23.26078264	0.0073039
23.27078297	0.016179
23.28078331	0.012431
23.29078365	0.0062436
23.30078398	0.0099629
23.31078432	0.018434
23.32078466	0.018809
23.33078499	0.01135
23.34078533	0.0062179
23.35078567	0.0058323
23.360786	0.0034969
23.37078634	-0.0045166
23.38078668	-0.013293
23.39078701	-0.015044
23.40078735	-0.0066391
23.41078769	0.0049298
23.42078802	0.0094091
23.43078836	0.0072192
23.44078869	0.0098781
23.45078903	0.020874
23.46078937	0.030627
23.4707897	0.033444
23.48079004	0.037122
23.49079038	0.04706
23.50079071	0.056631
23.51079105	0.058342
23.52079139	0.053409
23.53079172	0.043998
23.54079206	0.030697
23.5507924	0.019853
23.56079273	0.019066
23.57079307	0.022317
23.58079341	0.015162
23.59079374	-0.0024001
23.60079408	-0.013779
23.61079441	-0.011185
23.62079475	-0.006809
23.63079509	-0.010192
23.64079542	-0.011076
23.65079576	0.0021725
23.6607961	0.019617
23.67079643	0.02302
23.68079677	0.014262
23.69079711	0.010379
23.70079744	0.011993
23.71079778	0.0026058
23.72079812	-0.017248
23.73079845	-0.025893
23.74079879	-0.018956
23.75079913	-0.019298
23.76079946	-0.03479
23.7707998	-0.041485
23.78080013	-0.026228
23.79080047	-0.013144
23.80080081	-0.02229
23.81080114	-0.034721
23.82080148	-0.0276
23.83080182	-0.015328
23.84080215	-0.021034
23.85080249	-0.033688
23.86080283	-0.029102
23.87080316	-0.013387
23.8808035	-0.010867
23.89080384	-0.023597
23.90080417	-0.033278
23.91080451	-0.034254
23.92080485	-0.037483
23.93080518	-0.045776
23.94080552	-0.047536
23.95080585	-0.036317
23.96080619	-0.020792
23.97080653	-0.013223
23.98080686	-0.016954
23.9908072	-0.026189
24.00080754	-0.033037
24.01080787	-0.034104
24.02080821	-0.03112
24.03080855	-0.026315
24.04080888	-0.020311
24.05080922	-0.015358
24.06080956	-0.014968
24.07080989	-0.01938
24.08081023	-0.024667
24.09081057	-0.027516
24.1008109	-0.025773
24.11081124	-0.01847
24.12081157	-0.0094814
24.13081191	-0.0073707
24.14081225	-0.012898
24.15081258	-0.015098
24.16081292	-0.007448
24.17081326	0.00024497
24.18081359	-0.0024627
24.19081393	-0.0087267
24.20081427	-0.0049982
24.2108146	0.0080844
24.22081494	0.018544
24.23081528	0.021175
24.24081561	0.019415
24.25081595	0.016412
24.26081629	0.014435
24.27081662	0.017718
24.28081696	0.025784
24.29081729	0.031683
24.30081763	0.031886
24.31081797	0.031361
24.3208183	0.032445
24.33081864	0.02979
24.34081898	0.0214
24.35081931	0.016413
24.36081965	0.021739
24.37081999	0.030433
24.38082032	0.030222
24.39082066	0.01977
24.400821	0.0075695
24.41082133	0.00064563
24.42082167	0.000035449
24.43082201	0.0041648
24.44082234	0.010336
24.45082268	0.015066
24.46082301	0.017173
24.47082335	0.01871
24.48082369	0.020338
24.49082402	0.018055
24.50082436	0.0089985
24.5108247	-0.0021188
24.52082503	-0.0079401
24.53082537	-0.0081159
24.54082571	-0.0090628
24.55082604	-0.014358
24.56082638	-0.020045
24.57082672	-0.021054
24.58082705	-0.018633
24.59082739	-0.01818
24.60082773	-0.019325
24.61082806	-0.014164
24.6208284	0.0022701
24.63082873	0.02121
24.64082907	0.028916
24.65082941	0.024606
24.66082974	0.020878
24.67083008	0.02343
24.68083042	0.023369
24.69083075	0.0147
24.70083109	0.0064264
24.71083143	0.0087118
24.72083176	0.017318
24.7308321	0.020877
24.74083244	0.016413
24.75083277	0.0082113
24.76083311	0.00033111
24.77083345	-0.0045283
24.78083378	-0.0034484
24.79083412	0.0024579
24.80083445	0.0092843
24.81083479	0.01514
24.82083513	0.019307
24.83083546	0.01965
24.8408358	0.017117
24.85083614	0.018321
24.86083647	0.025576
24.87083681	0.031064
24.88083715	0.028262
24.89083748	0.02201
24.90083782	0.019153
24.91083816	0.018025
24.92083849	0.015908
24.93083883	0.015171
24.94083917	0.015615
24.9508395	0.011668
24.96083984	0.0050017
24.97084017	0.0046602
24.98084051	0.010514
24.99084085	0.011262
25.00084118	0.0049337
25.01084152	0.0036954
25.02084186	0.011886
25.03084219	0.016181
25.04084253	0.0062942
25.05084287	-0.0089337
25.0608432	-0.016641
25.07084354	-0.017646
25.08084388	-0.019801
25.09084421	-0.023409
25.10084455	-0.023422
25.11084489	-0.019839
25.12084522	-0.017979
25.13084556	-0.020352
25.1408459	-0.022934
25.15084623	-0.021447
25.16084657	-0.017339
25.1708469	-0.015802
25.18084724	-0.017711
25.19084758	-0.018924
25.20084791	-0.017356
25.21084825	-0.016868
25.22084859	-0.020103
25.23084892	-0.022998
25.24084926	-0.02156
25.2508496	-0.019122
25.26084993	-0.020496
25.27085027	-0.022368
25.28085061	-0.018067
25.29085094	-0.008745
25.30085128	-0.002972
25.31085162	-0.0046533
25.32085195	-0.0089323
25.33085229	-0.010506
25.34085262	-0.01016
25.35085296	-0.010236
25.3608533	-0.01003
25.37085363	-0.0094147
25.38085397	-0.011754
25.39085431	-0.018089
25.40085464	-0.022735
25.41085498	-0.020901
25.42085532	-0.016595
25.43085565	-0.016422
25.44085599	-0.018481
25.45085633	-0.01635
25.46085666	-0.011101
25.470857	-0.009831
25.48085734	-0.011766
25.49085767	-0.0073968
25.50085801	0.0066079
25.51085834	0.021257
25.52085868	0.028076
25.53085902	0.02916
25.54085935	0.02966
25.55085969	0.028538
25.56086003	0.022944
25.57086036	0.016214
25.5808607	0.014057
25.59086104	0.016252
25.60086137	0.016917
25.61086171	0.012739
25.62086205	0.0059413
25.63086238	0.00045398
25.64086272	-0.0027319
25.65086306	-0.0042386
25.66086339	-0.0046727
25.67086373	-0.0038064
25.68086406	-0.0016204
25.6908644	0.0013107
25.70086474	0.0032975
25.71086507	0.0032239
25.72086541	0.0021084
25.73086575	0.0021337
25.74086608	0.003373
25.75086642	0.0030408
25.76086676	0.00027491
25.77086709	-0.0014955
25.78086743	0.00048349
25.79086777	0.003117
25.8008681	0.0027318
25.81086844	0.0014349
25.82086878	0.0036093
25.83086911	0.0075413
25.84086945	0.0076475
25.85086978	0.0037337
25.86087012	0.0012411
25.87087046	0.0020669
25.88087079	0.0028273
25.89087113	0.0023221
25.90087147	0.0040924
25.9108718	0.0096747
25.92087214	0.01466
25.93087248	0.013391
25.94087281	0.0051911
25.95087315	-0.0052963
25.96087349	-0.011969
25.97087382	-0.011146
25.98087416	-0.0047574
25.9908745	0.0011721
26.00087483	0.002747
26.01087517	0.0018477
26.0208755	0.0016446
26.03087584	0.0019542
26.04087618	0.00105
26.05087651	0.00018202
26.06087685	0.0020172
26.07087719	0.0060163
26.08087752	0.0087186
26.09087786	0.009553
26.1008782	0.011161
26.11087853	0.014073
26.12087887	0.01523
26.13087921	0.013894
26.14087954	0.013375
26.15087988	0.015014
26.16088022	0.015037
26.17088055	0.01141
26.18088089	0.0084106
26.19088122	0.009955
26.20088156	0.012967
26.2108819	0.013683
26.22088223	0.015149
26.23088257	0.020936
26.24088291	0.025902
26.25088324	0.0228
26.26088358	0.01484
26.27088392	0.01162
26.28088425	0.014515
26.29088459	0.015634
26.30088493	0.011302
26.31088526	0.0074215
26.3208856	0.0088387
26.33088594	0.011247
26.34088627	0.0081686
26.35088661	0.0003412
26.36088694	-0.0069196
26.37088728	-0.011487
26.38088762	-0.014438
26.39088795	-0.0156
26.40088829	-0.014128
26.41088863	-0.013079
26.42088896	-0.015729
26.4308893	-0.019089
26.44088964	-0.016509
26.45088997	-0.0085889
26.46089031	-0.0023113
26.47089065	-0.00093204
26.48089098	-0.00016018
26.49089132	0.0021265
26.50089166	0.0029659
26.51089199	0.0010734
26.52089233	1.7783E-06
26.53089266	-0.000060187
26.540893	-0.0029207
26.55089334	-0.0090302
26.56089367	-0.013749
26.57089401	-0.014589
26.58089435	-0.012226
26.59089468	-0.006294
26.60089502	0.003024
26.61089536	0.011305
26.62089569	0.01405
26.63089603	0.013032
26.64089637	0.012428
26.6508967	0.012777
26.66089704	0.012801
26.67089738	0.013196
26.68089771	0.013047
26.69089805	0.0090167
26.70089838	0.0017879
26.71089872	-0.0024728
26.72089906	-0.0015311
26.73089939	8.3328E-06
26.74089973	-0.00097823
26.75090007	-0.0018553
26.7609004	-0.00093813
26.77090074	-0.00027657
26.78090108	-0.0011601
26.79090141	-0.0029893
26.80090175	-0.007155
26.81090209	-0.014994
26.82090242	-0.022642
26.83090276	-0.024458
26.8409031	-0.021843
26.85090343	-0.021448
26.86090377	-0.025103
26.8709041	-0.02833
26.88090444	-0.02842
26.89090478	-0.027158
26.90090511	-0.026815
26.91090545	-0.028394
26.92090579	-0.032043
26.93090612	-0.036575
26.94090646	-0.039401
26.9509068	-0.038879
26.96090713	-0.035201
26.97090747	-0.029863
26.98090781	-0.024695
26.99090814	-0.022123
27.00090848	-0.022966
27.01090882	-0.024418
27.02090915	-0.022659
27.03090949	-0.017543
27.04090983	-0.012429
27.05091016	-0.010424
27.0609105	-0.012841
27.07091083	-0.018548
27.08091117	-0.024776
27.09091151	-0.028585
27.10091184	-0.02926
27.11091218	-0.027071
27.12091252	-0.02282
27.13091285	-0.017629
27.14091319	-0.013171
27.15091353	-0.0096683
27.16091386	-0.0068476
27.1709142	-0.0036554
27.18091454	0.0010767
27.19091487	0.0084519
27.20091521	0.016378
27.21091555	0.021738
27.22091588	0.0243
27.23091622	0.027875
27.24091655	0.033754
27.25091689	0.038505
27.26091723	0.039525
27.27091756	0.038322
27.2809179	0.036922
27.29091824	0.034572
27.30091857	0.030388
27.31091891	0.025768
27.32091925	0.02366
27.33091958	0.024552
27.34091992	0.025644
27.35092026	0.024486
27.36092059	0.023206
27.37092093	0.025838
27.38092127	0.031995
27.3909216	0.036881
27.40092194	0.038418
27.41092227	0.039101
27.42092261	0.039029
27.43092295	0.034973
27.44092328	0.027736
27.45092362	0.023694
27.46092396	0.024123
27.47092429	0.023059
27.48092463	0.016158
27.49092497	0.0071095
27.5009253	0.00066047
27.51092564	-0.002015
27.52092598	-0.0024403
27.53092631	-0.001792
27.54092665	-0.0015033
27.55092699	-0.0019717
27.56092732	-0.0021515
27.57092766	-0.0016659
27.58092799	-0.0017483
27.59092833	-0.0023224
27.60092867	-0.0019944
27.610929	-0.0014455
27.62092934	-0.0021855
27.63092968	-0.0027551
27.64093001	-0.0012513
27.65093035	-0.00078229
27.66093069	-0.0053577
27.67093102	-0.012476
27.68093136	-0.016323
27.6909317	-0.017427
27.70093203	-0.020664
27.71093237	-0.025746
27.72093271	-0.027597
27.73093304	-0.02451
27.74093338	-0.020118
27.75093371	-0.017166
27.76093405	-0.015715
27.77093439	-0.015276
27.78093472	-0.01578
27.79093506	-0.016118
27.8009354	-0.015718
27.81093573	-0.015527
27.82093607	-0.01598
27.83093641	-0.015985
27.84093674	-0.01544
27.85093708	-0.015825
27.86093742	-0.016656
27.87093775	-0.014718
27.88093809	-0.0088713
27.89093843	-0.0029806
27.90093876	-0.001056
27.9109391	-0.0020543
27.92093943	-0.0030651
27.93093977	-0.003334
27.94094011	-0.0024625
27.95094044	0.00315
27.96094078	0.01422
27.97094112	0.023827
27.98094145	0.023469
27.99094179	0.0156
28.00094213	0.010843
28.01094246	0.014364
28.0209428	0.021186
28.03094314	0.025297
28.04094347	0.025534
28.05094381	0.02255
28.06094415	0.017482
28.07094448	0.012496
28.08094482	0.0088959
28.09094515	0.0052981
28.10094549	0.0014347
28.11094583	-0.00076928
28.12094616	-0.0016796
28.1309465	-0.004995
28.14094684	-0.011271
28.15094717	-0.015809
28.16094751	-0.016486
28.17094785	-0.017239
28.18094818	-0.020591
28.19094852	-0.022305
28.20094886	-0.018799
28.21094919	-0.014132
28.22094953	-0.01426
28.23094987	-0.017798
28.2409502	-0.017583
28.25095054	-0.011489
28.26095087	-0.0051242
28.27095121	-0.0028187
28.28095155	-0.00075925
28.29095188	0.0049012
28.30095222	0.0096226
28.31095256	0.0071361
28.32095289	0.00027701
28.33095323	-0.003611
28.34095357	-0.00378
28.3509539	-0.0042989
28.36095424	-0.0047519
28.37095458	-0.0015456
28.38095491	0.0046255
28.39095525	0.0093411
28.40095559	0.011
28.41095592	0.010894
28.42095626	0.009802
28.43095659	0.009458
28.44095693	0.012968
28.45095727	0.019791
28.4609576	0.024555
28.47095794	0.025077
28.48095828	0.024058
28.49095861	0.022304
28.50095895	0.017284
28.51095929	0.010763
28.52095962	0.0085033
28.53095996	0.011059
28.5409603	0.012126
28.55096063	0.0083932
28.56096097	0.0035128
28.57096131	0.00012289
28.58096164	-0.0043395
28.59096198	-0.010318
28.60096231	-0.012463
28.61096265	-0.0081394
28.62096299	-0.0026044
28.63096332	-0.0012148
28.64096366	-0.0025111
28.650964	-0.0027054
28.66096433	-0.0019067
28.67096467	-0.0022087
28.68096501	-0.0033563
28.69096534	-0.0035059
28.70096568	-0.0026611
28.71096602	-0.0033464
28.72096635	-0.0075876
28.73096669	-0.013823
28.74096703	-0.017769
28.75096736	-0.016798
28.7609677	-0.012245
28.77096803	-0.0068961
28.78096837	-0.0027334
28.79096871	-0.0010999
28.80096904	-0.0035638
28.81096938	-0.0087079
28.82096972	-0.01169
28.83097005	-0.0094897
28.84097039	-0.0061438
28.85097073	-0.0075946
28.86097106	-0.013766
28.8709714	-0.018196
28.88097174	-0.01677
28.89097207	-0.013766
28.90097241	-0.015551
28.91097275	-0.01864
28.92097308	-0.014021
28.93097342	-0.0036343
28.94097376	-0.00095185
28.95097409	-0.0083021
28.96097443	-0.011534
28.97097476	-0.0034894
28.9809751	0.0020798
28.99097544	-0.0043341
29.00097577	-0.01132
29.01097611	-0.0075167
29.02097645	-0.0017745
29.03097678	-0.0029568
29.04097712	-0.003015
29.05097746	0.0038484
29.06097779	0.0074984
29.07097813	0.0035894
29.08097847	0.0047308
29.0909788	0.012741
29.10097914	0.011243
29.11097948	-0.0026769
29.12097981	-0.0075433
29.13098015	0.0030078
29.14098048	0.0073883
29.15098082	-0.0044313
29.16098116	-0.012528
29.17098149	-0.0061669
29.18098183	-0.0014712
29.19098217	-0.0050752
29.2009825	-0.0015064
29.21098284	0.010751
29.22098318	0.010668
29.23098351	-0.0048978
29.24098385	-0.013652
29.25098419	-0.0085943
29.26098452	-0.0072092
29.27098486	-0.013497
29.2809852	-0.01289
29.29098553	-0.0074717
29.30098587	-0.014307
29.3109862	-0.028566
29.32098654	-0.029169
29.33098688	-0.016556
29.34098721	-0.0086508
29.35098755	-0.0066534
29.36098789	-0.00070406
29.37098822	0.0043356
29.38098856	0.00023395
29.3909889	-0.0021349
29.40098923	0.008148
29.41098957	0.020627
29.42098991	0.023482
29.43099024	0.023072
29.44099058	0.024915
29.45099092	0.021427
29.46099125	0.012821
29.47099159	0.012766
29.48099192	0.021689
29.49099226	0.022985
29.5009926	0.012761
29.51099293	0.0041951
29.52099327	0.0016585
29.53099361	-0.00084806
29.54099394	0.00060274
29.55099428	0.011477
29.56099462	0.020465
29.57099495	0.015519
29.58099529	0.0080377
29.59099563	0.013335
29.60099596	0.023228
29.6109963	0.021438
29.62099664	0.013266
29.63099697	0.012891
29.64099731	0.017636
29.65099764	0.016141
29.66099798	0.010525
29.67099832	0.0091797
29.68099865	0.011157
29.69099899	0.011647
29.70099933	0.013128
29.71099966	0.019257
29.721	0.025889
#N/A	#N/A
#N/A	#N/A
#N/A	#N/A
#N/A	#N/A
#N/A	#N/A
#N/A	#N/A
#N/A	#N/A
#N/A	#N/A
#N/A	#N/A
#N/A	#N/A
#N/A	#N/A
#N/A	#N/A
#N/A	#N/A
#N/A	#N/A
