0	0
0.010000336	-4.0189E-06
0.020000673	-8.4088E-06
0.030001009	-0.000013239
0.040001346	-0.000018478
0.050001682	-0.000024576
0.060002019	-0.0000325
0.070002355	-0.000041573
0.080002692	-0.000047075
0.090003028	-0.00004229
0.100003365	-0.000024056
0.110003701	6.1414E-06
0.120004038	0.000047498
0.130004374	0.0001022
0.140004711	0.00016893
0.150005047	0.00023756
0.160005384	0.00029607
0.17000572	0.00034174
0.180006057	0.00038054
0.190006393	0.00041678
0.200006729	0.00044841
0.210007066	0.00047152
0.220007402	0.00048457
0.230007739	0.00048962
0.240008075	0.00049262
0.250008412	0.00049911
0.260008748	0.00050421
0.270009085	0.0004907
0.280009421	0.00044474
0.290009758	0.00037146
0.300010094	0.00028623
0.310010431	0.00019337
0.320010767	0.000086429
0.330011104	-0.000028347
0.34001144	-0.00012172
0.350011777	-0.00016198
0.360012113	-0.00013843
0.37001245	-0.000058413
0.380012786	0.000071084
0.390013122	0.00024716
0.400013459	0.00045765
0.410013795	0.00067478
0.420014132	0.00086671
0.430014468	0.0010123
0.440014805	0.0011045
0.450015141	0.0011464
0.460015478	0.0011484
0.470015814	0.0011286
0.480016151	0.0011075
0.490016487	0.001098
0.500016824	0.0011019
0.51001716	0.0011206
0.520017497	0.0011644
0.530017833	0.0012429
0.54001817	0.0013468
0.550018506	0.0014506
0.560018843	0.001534
0.570019179	0.0015895
0.580019515	0.0016124
0.590019852	0.0015997
0.600020188	0.0015654
0.610020525	0.0015373
0.620020861	0.0015316
0.630021198	0.0015437
0.640021534	0.0015667
0.650021871	0.0016009
0.660022207	0.0016412
0.670022544	0.0016733
0.68002288	0.0016892
0.690023217	0.0016888
0.700023553	0.0016662
0.71002389	0.0016119
0.720024226	0.0015283
0.730024563	0.0014261
0.740024899	0.0013108
0.750025236	0.0011871
0.760025572	0.0010689
0.770025908	0.00096919
0.780026245	0.00088739
0.790026581	0.00081792
0.800026918	0.00075541
0.810027254	0.00068129
0.820027591	0.00057192
0.830027927	0.00043725
0.840028264	0.00032339
0.8500286	0.00025209
0.860028937	0.00018158
0.870029273	0.00005604
0.88002961	-0.00011961
0.890029946	-0.00027693
0.900030283	-0.00034708
0.910030619	-0.00031029
0.920030956	-0.00019364
0.930031292	-0.00003999
0.940031629	0.00012115
0.950031965	0.00028671
0.960032301	0.00046987
0.970032638	0.00067282
0.980032974	0.00086869
0.990033311	0.0010165
1.000033647	0.0010975
1.010033984	0.0011281
1.02003432	0.0011294
1.030034657	0.0010964
1.040034993	0.001019
1.05003533	0.00092568
1.060035666	0.00087545
1.070036003	0.00089859
1.080036339	0.00096966
1.090036676	0.0010445
1.100037012	0.0010993
1.110037349	0.0011313
1.120037685	0.0011533
1.130038022	0.0011957
1.140038358	0.0012777
1.150038694	0.0013657
1.160039031	0.0013909
1.170039367	0.001323
1.180039704	0.0011958
1.19004004	0.0010522
1.200040377	0.00090433
1.210040713	0.00076292
1.22004105	0.00066193
1.230041386	0.00062281
1.240041723	0.00062176
1.250042059	0.00061728
1.260042396	0.00058826
1.270042732	0.00053093
1.280043069	0.00044757
1.290043405	0.00035565
1.300043742	0.00027607
1.310044078	0.00018963
1.320044415	0.000035811
1.330044751	-0.00021376
1.340045087	-0.00049726
1.350045424	-0.00070251
1.36004576	-0.00075498
1.370046097	-0.0006569
1.380046433	-0.00046484
1.39004677	-0.00025174
1.400047106	-0.000070002
1.410047443	0.000077265
1.420047779	0.00022135
1.430048116	0.00036797
1.440048452	0.00046423
1.450048789	0.00044072
1.460049125	0.0002761
1.470049462	0.000009563
1.480049798	-0.00029325
1.490050135	-0.0005707
1.500050471	-0.00078149
1.510050808	-0.000918
1.520051144	-0.0010008
1.53005148	-0.0010503
1.540051817	-0.0010748
1.550052153	-0.00109
1.56005249	-0.001122
1.570052826	-0.0011811
1.580053163	-0.0012529
1.590053499	-0.0013308
1.600053836	-0.0014345
1.610054172	-0.0015824
1.620054509	-0.0017633
1.630054845	-0.0019456
1.640055182	-0.0021043
1.650055518	-0.0022308
1.660055855	-0.002332
1.670056191	-0.0024285
1.680056528	-0.0025437
1.690056864	-0.002689
1.700057201	-0.0028563
1.710057537	-0.0030255
1.720057873	-0.0031845
1.73005821	-0.0033471
1.740058546	-0.003532
1.750058883	-0.0037072
1.760059219	-0.0037834
1.770059556	-0.0037042
1.780059892	-0.0035256
1.790060229	-0.0033676
1.800060565	-0.0032968
1.810060902	-0.003289
1.820061238	-0.003288
1.830061575	-0.0032646
1.840061911	-0.0032371
1.850062248	-0.0032704
1.860062584	-0.0034286
1.870062921	-0.0036921
1.880063257	-0.0039491
1.890063594	-0.0041012
1.90006393	-0.0041455
1.910064266	-0.0041282
1.920064603	-0.0040656
1.930064939	-0.0039568
1.940065276	-0.0038351
1.950065612	-0.003757
1.960065949	-0.0037558
1.970066285	-0.0038331
1.980066622	-0.0039748
1.990066958	-0.0041563
2.000067295	-0.0043601
2.010067631	-0.0046058
2.020067968	-0.0049334
2.030068304	-0.0053434
2.040068641	-0.0057796
2.050068977	-0.0061793
2.060069314	-0.0065083
2.07006965	-0.0067437
2.080069987	-0.0068667
2.090070323	-0.0068917
2.100070659	-0.0068646
2.110070996	-0.0068073
2.120071332	-0.0066912
2.130071669	-0.006485
2.140072005	-0.0062018
2.150072342	-0.0058798
2.160072678	-0.0055392
2.170073015	-0.0051806
2.180073351	-0.0048153
2.190073688	-0.0044762
2.200074024	-0.0041948
2.210074361	-0.0039696
2.220074697	-0.0037626
2.230075034	-0.0035364
2.24007537	-0.0032967
2.250075707	-0.0030863
2.260076043	-0.0029345
2.27007638	-0.0028321
2.280076716	-0.0027587
2.290077052	-0.0027114
2.300077389	-0.0026967
2.310077725	-0.0027117
2.320078062	-0.0027447
2.330078398	-0.0027848
2.340078735	-0.0028212
2.350079071	-0.0028381
2.360079408	-0.0028154
2.370079744	-0.0027392
2.380080081	-0.0026153
2.390080417	-0.0024618
2.400080754	-0.0022762
2.41008109	-0.0020266
2.420081427	-0.0016989
2.430081763	-0.0013338
2.4400821	-0.00097931
2.450082436	-0.00061956
2.460082773	-0.00019437
2.470083109	0.00031141
2.480083445	0.00083895
2.490083782	0.0013196
2.500084118	0.0017339
2.510084455	0.0020985
2.520084791	0.00242
2.530085128	0.0026747
2.540085464	0.0028258
2.550085801	0.0028579
2.560086137	0.0027908
2.570086474	0.0026576
2.58008681	0.002477
2.590087147	0.0022569
2.600087483	0.0020097
2.61008782	0.0017441
2.620088156	0.0014545
2.630088493	0.0011455
2.640088829	0.00085469
2.650089166	0.00062005
2.660089502	0.00043113
2.670089838	0.00024136
2.680090175	0.000029274
2.690090511	-0.00017765
2.700090848	-0.00034279
2.710091184	-0.00046418
2.720091521	-0.00057297
2.730091857	-0.00070107
2.740092194	-0.00085608
2.75009253	-0.0010191
2.760092867	-0.0011589
2.770093203	-0.0012493
2.78009354	-0.0012815
2.790093876	-0.0012699
2.800094213	-0.001247
2.810094549	-0.0012431
2.820094886	-0.0012644
2.830095222	-0.0012946
2.840095559	-0.0013207
2.850095895	-0.0013499
2.860096231	-0.0014
2.870096568	-0.001481
2.880096904	-0.0015848
2.890097241	-0.001681
2.900097577	-0.0017251
2.910097914	-0.0016884
2.92009825	-0.0015805
2.930098587	-0.0014293
2.940098923	-0.0012474
2.95009926	-0.0010379
2.960099596	-0.00081959
2.970099933	-0.00061444
2.980100269	-0.0004152
2.990100606	-0.0001956
3.000100942	0.000054357
3.010101279	0.00033529
3.020101615	0.00066582
3.030101952	0.001059
3.040102288	0.0014798
3.050102624	0.0018755
3.060102961	0.0022527
3.070103297	0.0026792
3.080103634	0.0032068
3.09010397	0.0038293
3.100104307	0.0045159
3.110104643	0.0052399
3.12010498	0.00596
3.130105316	0.0066112
3.140105653	0.0071378
3.150105989	0.0075259
3.160106326	0.0077942
3.170106662	0.0079662
3.180106999	0.0080551
3.190107335	0.0080697
3.200107672	0.0080213
3.210108008	0.0079188
3.220108345	0.0077557
3.230108681	0.0075129
3.240109017	0.007189
3.250109354	0.0068281
3.26010969	0.006506
3.270110027	0.0062843
3.280110363	0.0061784
3.2901107	0.0061679
3.300111036	0.0062259
3.310111373	0.0063384
3.320111709	0.0065026
3.330112046	0.0067195
3.340112382	0.0069982
3.350112719	0.007362
3.360113055	0.0078369
3.370113392	0.0084266
3.380113728	0.0091057
3.390114065	0.0098383
3.400114401	0.01059
3.410114738	0.011317
3.420115074	0.011956
3.43011541	0.012457
3.440115747	0.012811
3.450116083	0.013051
3.46011642	0.013211
3.470116756	0.0133
3.480117093	0.013321
3.490117429	0.013306
3.500117766	0.013312
3.510118102	0.013379
3.520118439	0.013505
3.530118775	0.013667
3.540119112	0.013852
3.550119448	0.014069
3.560119785	0.014308
3.570120121	0.014517
3.580120458	0.014623
3.590120794	0.014578
3.600121131	0.014379
3.610121467	0.014034
3.620121803	0.013544
3.63012214	0.01291
3.640122476	0.012162
3.650122813	0.011359
3.660123149	0.010553
3.670123486	0.0097689
3.680123822	0.009006
3.690124159	0.0082707
3.700124495	0.0075907
3.710124832	0.0070023
3.720125168	0.0065296
3.730125505	0.0061814
3.740125841	0.0059601
3.750126178	0.0058592
3.760126514	0.0058459
3.770126851	0.0058521
3.780127187	0.0057919
3.790127524	0.005598
3.80012786	0.0052493
3.810128197	0.0047629
3.820128533	0.0041591
3.830128869	0.0034428
3.840129206	0.0026241
3.850129542	0.0017431
3.860129879	0.00085449
3.870130215	-6.5886E-06
3.880130552	-0.00083063
3.890130888	-0.001609
3.900131225	-0.0023224
3.910131561	-0.0029549
3.920131898	-0.0035055
3.930132234	-0.0039755
3.940132571	-0.0043533
3.950132907	-0.0046221
3.960133244	-0.0047807
3.97013358	-0.0048542
3.980133917	-0.004881
3.990134253	-0.004895
4.00013459	-0.0049239
4.010134926	-0.0049954
4.020135262	-0.0051288
4.030135599	-0.0053181
4.040135935	-0.0055351
4.050136272	-0.0057582
4.060136608	-0.0059892
4.070136945	-0.0062396
4.080137281	-0.0065111
4.090137618	-0.0067944
4.100137954	-0.0070798
4.110138291	-0.0073655
4.120138627	-0.0076593
4.130138964	-0.0079736
4.1401393	-0.0083119
4.150139637	-0.0086599
4.160139973	-0.0089946
4.17014031	-0.0092991
4.180140646	-0.0095623
4.190140983	-0.0097718
4.200141319	-0.0099204
4.210141655	-0.010023
4.220141992	-0.010112
4.230142328	-0.010219
4.240142665	-0.010348
4.250143001	-0.010489
4.260143338	-0.010626
4.270143674	-0.010755
4.280144011	-0.010878
4.290144347	-0.01099
4.300144684	-0.011071
4.31014502	-0.011097
4.320145357	-0.011061
4.330145693	-0.010987
4.34014603	-0.010909
4.350146366	-0.010852
4.360146703	-0.010813
4.370147039	-0.010767
4.380147376	-0.010676
4.390147712	-0.010514
4.400148048	-0.010293
4.410148385	-0.010056
4.420148721	-0.0098552
4.430149058	-0.009729
4.440149394	-0.0097028
4.450149731	-0.0097967
4.460150067	-0.010013
4.470150404	-0.010319
4.48015074	-0.010652
4.490151077	-0.010957
4.500151413	-0.011208
4.51015175	-0.011416
4.520152086	-0.0116
4.530152423	-0.011785
4.540152759	-0.01199
4.550153096	-0.012223
4.560153432	-0.012466
4.570153769	-0.012681
4.580154105	-0.012836
4.590154441	-0.012919
4.600154778	-0.012932
4.610155114	-0.012882
4.620155451	-0.01278
4.630155787	-0.012649
4.640156124	-0.012528
4.65015646	-0.01245
4.660156797	-0.012413
4.670157133	-0.012369
4.68015747	-0.012266
4.690157806	-0.012089
4.700158143	-0.011867
4.710158479	-0.011638
4.720158816	-0.011424
4.730159152	-0.011226
4.740159489	-0.011043
4.750159825	-0.010876
4.760160162	-0.010726
4.770160498	-0.010584
4.780160834	-0.010443
4.790161171	-0.010301
4.800161507	-0.010162
4.810161844	-0.010022
4.82016218	-0.0098673
4.830162517	-0.0096895
4.840162853	-0.0094969
4.85016319	-0.0093062
4.860163526	-0.0091283
4.870163863	-0.008965
4.880164199	-0.0088177
4.890164536	-0.0086874
4.900164872	-0.0085686
4.910165209	-0.0084474
4.920165545	-0.0083078
4.930165882	-0.0081399
4.940166218	-0.0079411
4.950166555	-0.0077101
4.960166891	-0.0074413
4.970167227	-0.0071258
4.980167564	-0.0067582
4.9901679	-0.0063399
5.000168237	-0.0058758
5.010168573	-0.005371
5.02016891	-0.0048348
5.030169246	-0.0042851
5.040169583	-0.0037441
5.050169919	-0.0032271
5.060170256	-0.0027377
5.070170592	-0.0022717
5.080170929	-0.0018244
5.090171265	-0.0013958
5.100171602	-0.0009915
5.110171938	-0.00062079
5.120172275	-0.00029376
5.130172611	-0.000017358
5.140172948	0.00020917
5.150173284	0.00039522
5.16017362	0.00055197
5.170173957	0.00068211
5.180174293	0.00077889
5.19017463	0.00083876
5.200174966	0.00087255
5.210175303	0.0008987
5.220175639	0.00092625
5.230175976	0.00095039
5.240176312	0.00096597
5.250176649	0.00097982
5.260176985	0.0010064
5.270177322	0.0010543
5.280177658	0.0011214
5.290177995	0.0012014
5.300178331	0.0012938
5.310178668	0.0014048
5.320179004	0.0015391
5.330179341	0.0016923
5.340179677	0.0018519
5.350180013	0.0020089
5.36018035	0.002164
5.370180686	0.0023242
5.380181023	0.002495
5.390181359	0.0026776
5.400181696	0.0028696
5.410182032	0.0030691
5.420182369	0.0032788
5.430182705	0.0035047
5.440183042	0.0037495
5.450183378	0.0040083
5.460183715	0.0042747
5.470184051	0.004548
5.480184388	0.0048288
5.490184724	0.0051098
5.500185061	0.0053772
5.510185397	0.0056204
5.520185734	0.0058362
5.53018607	0.006022
5.540186406	0.0061712
5.550186743	0.0062786
5.560187079	0.0063472
5.570187416	0.0063867
5.580187752	0.006406
5.590188089	0.0064077
5.600188425	0.0063898
5.610188762	0.00635
5.620189098	0.0062892
5.630189435	0.0062129
5.640189771	0.0061323
5.650190108	0.0060599
5.660190444	0.0060014
5.670190781	0.0059524
5.680191117	0.0059054
5.690191454	0.0058575
5.70019179	0.0058084
5.710192127	0.0057555
5.720192463	0.0056947
5.730192799	0.0056234
5.740193136	0.0055387
5.750193472	0.005437
5.760193809	0.0053189
5.770194145	0.0051903
5.780194482	0.0050554
5.790194818	0.0049144
5.800195155	0.0047709
5.810195491	0.0046353
5.820195828	0.0045135
5.830196164	0.0044
5.840196501	0.0042865
5.850196837	0.0041724
5.860197174	0.0040619
5.87019751	0.0039573
5.880197847	0.0038619
5.890198183	0.0037837
5.90019852	0.00373
5.910198856	0.0036986
5.920199192	0.0036815
5.930199529	0.0036742
5.940199865	0.0036775
5.950200202	0.003692
5.960200538	0.0037156
5.970200875	0.003747
5.980201211	0.0037898
5.990201548	0.003852
6.000201884	0.0039407
6.010202221	0.0040532
6.020202557	0.0041767
6.030202894	0.0042972
6.04020323	0.0044112
6.050203567	0.0045251
6.060203903	0.0046462
6.07020424	0.0047763
6.080204576	0.0049146
6.090204913	0.005063
6.100205249	0.0052221
6.110205585	0.0053848
6.120205922	0.0055377
6.130206258	0.005673
6.140206595	0.0057965
6.150206931	0.0059197
6.160207268	0.0060449
6.170207604	0.0061641
6.180207941	0.0062685
6.190208277	0.0063558
6.200208614	0.0064247
6.21020895	0.0064694
6.220209287	0.0064839
6.230209623	0.0064692
6.24020996	0.0064337
6.250210296	0.0063875
6.260210633	0.0063362
6.270210969	0.0062825
6.280211306	0.0062279
6.290211642	0.0061731
6.300211978	0.0061177
6.310212315	0.0060612
6.320212651	0.0060055
6.330212988	0.0059528
6.340213324	0.0059023
6.350213661	0.0058485
6.360213997	0.0057845
6.370214334	0.0057042
6.38021467	0.0056015
6.390215007	0.0054724
6.400215343	0.005317
6.41021568	0.0051384
6.420216016	0.0049396
6.430216353	0.0047209
6.440216689	0.0044828
6.450217026	0.0042274
6.460217362	0.0039582
6.470217699	0.0036804
6.480218035	0.0034019
6.490218371	0.0031295
6.500218708	0.0028643
6.510219044	0.0026014
6.520219381	0.0023376
6.530219717	0.0020753
6.540220054	0.0018182
6.55022039	0.0015653
6.560220727	0.0013118
6.570221063	0.0010561
6.5802214	0.00080299
6.590221736	0.00055896
6.600222073	0.00032817
6.610222409	0.00011089
6.620222746	-0.000095958
6.630223082	-0.00029706
6.640223419	-0.00049508
6.650223755	-0.00068781
6.660224092	-0.00087006
6.670224428	-0.0010377
6.680224764	-0.0011894
6.690225101	-0.0013261
6.700225437	-0.0014512
6.710225774	-0.0015701
6.72022611	-0.001686
6.730226447	-0.0017971
6.740226783	-0.0018983
6.75022712	-0.0019869
6.760227456	-0.0020632
6.770227793	-0.0021285
6.780228129	-0.0021839
6.790228466	-0.0022289
6.800228802	-0.0022622
6.810229139	-0.0022822
6.820229475	-0.0022886
6.830229812	-0.0022808
6.840230148	-0.002256
6.850230485	-0.0022137
6.860230821	-0.0021627
6.870231157	-0.0021182
6.880231494	-0.0020899
6.89023183	-0.0020773
6.900232167	-0.0020777
6.910232503	-0.0020922
6.92023284	-0.0021208
6.930233176	-0.0021568
6.940233513	-0.0021915
6.950233849	-0.0022237
6.960234186	-0.0022568
6.970234522	-0.0022896
6.980234859	-0.002316
6.990235195	-0.0023343
7.000235532	-0.0023495
7.010235868	-0.0023651
7.020236205	-0.002377
7.030236541	-0.0023776
7.040236878	-0.0023644
7.050237214	-0.0023419
7.06023755	-0.0023163
7.070237887	-0.0022921
7.080238223	-0.0022718
7.09023856	-0.0022564
7.100238896	-0.0022467
7.110239233	-0.0022458
7.120239569	-0.0022613
7.130239906	-0.0022994
7.140240242	-0.0023565
7.150240579	-0.0024194
7.160240915	-0.0024748
7.170241252	-0.0025187
7.180241588	-0.0025536
7.190241925	-0.0025816
7.200242261	-0.0026024
7.210242598	-0.0026151
7.220242934	-0.0026182
7.230243271	-0.0026085
7.240243607	-0.0025824
7.250243943	-0.0025392
7.26024428	-0.002482
7.270244616	-0.0024146
7.280244953	-0.0023389
7.290245289	-0.0022544
7.300245626	-0.002159
7.310245962	-0.0020518
7.320246299	-0.0019359
7.330246635	-0.0018181
7.340246972	-0.001706
7.350247308	-0.0016036
7.360247645	-0.0015099
7.370247981	-0.0014204
7.380248318	-0.0013305
7.390248654	-0.0012373
7.400248991	-0.0011403
7.410249327	-0.0010407
7.420249664	-0.00094216
7.43025	-0.00085111
7.440250336	-0.00077634
7.450250673	-0.00072356
7.460251009	-0.0006897
7.470251346	-0.00066484
7.480251682	-0.00064171
7.490252019	-0.00062171
7.500252355	-0.00060985
7.510252692	-0.00060659
7.520253028	-0.00060824
7.530253365	-0.00061345
7.540253701	-0.00062469
7.550254038	-0.00064398
7.560254374	-0.00067214
7.570254711	-0.00071292
7.580255047	-0.00077252
7.590255384	-0.00085266
7.60025572	-0.00094867
7.610256057	-0.0010579
7.620256393	-0.0011862
7.630256729	-0.0013418
7.640257066	-0.0015252
7.650257402	-0.0017291
7.660257739	-0.0019467
7.670258075	-0.0021756
7.680258412	-0.0024125
7.690258748	-0.0026506
7.700259085	-0.002886
7.710259421	-0.0031204
7.720259758	-0.0033576
7.730260094	-0.0035967
7.740260431	-0.0038334
7.750260767	-0.004064
7.760261104	-0.0042859
7.77026144	-0.0044946
7.780261777	-0.0046868
7.790262113	-0.004863
7.80026245	-0.0050252
7.810262786	-0.0051724
7.820263122	-0.0053011
7.830263459	-0.0054099
7.840263795	-0.0055005
7.850264132	-0.0055737
7.860264468	-0.0056287
7.870264805	-0.0056649
7.880265141	-0.0056839
7.890265478	-0.0056894
7.900265814	-0.0056852
7.910266151	-0.0056742
7.920266487	-0.0056563
7.930266824	-0.0056305
7.94026716	-0.0055973
7.950267497	-0.0055592
7.960267833	-0.0055185
7.97026817	-0.0054756
7.980268506	-0.0054301
7.990268843	-0.0053827
8.000269179	-0.0053349
8.010269515	-0.005287
8.020269852	-0.0052399
8.030270188	-0.0051963
8.040270525	-0.0051583
8.050270861	-0.005125
8.060271198	-0.0050929
8.070271534	-0.0050596
8.080271871	-0.0050242
8.090272207	-0.004985
8.100272544	-0.0049394
8.11027288	-0.0048872
8.120273217	-0.0048322
8.130273553	-0.0047789
8.14027389	-0.0047301
8.150274226	-0.0046874
8.160274563	-0.0046511
8.170274899	-0.0046196
8.180275236	-0.0045894
8.190275572	-0.0045579
8.200275908	-0.0045219
8.210276245	-0.0044745
8.220276581	-0.0044061
8.230276918	-0.0043133
8.240277254	-0.0042026
8.250277591	-0.0040831
8.260277927	-0.0039605
8.270278264	-0.0038378
8.2802786	-0.0037198
8.290278937	-0.0036104
8.300279273	-0.0035088
8.31027961	-0.0034129
8.320279946	-0.0033253
8.330280283	-0.0032513
8.340280619	-0.0031913
8.350280956	-0.0031384
8.360281292	-0.003085
8.370281629	-0.003028
8.380281965	-0.0029659
8.390282301	-0.0028928
8.400282638	-0.0028009
8.410282974	-0.0026876
8.420283311	-0.0025565
8.430283647	-0.0024134
8.440283984	-0.0022639
8.45028432	-0.0021135
8.460284657	-0.0019673
8.470284993	-0.0018273
8.48028533	-0.0016938
8.490285666	-0.0015677
8.500286003	-0.0014492
8.510286339	-0.0013357
8.520286676	-0.0012225
8.530287012	-0.0011069
8.540287349	-0.00098749
8.550287685	-0.00086191
8.560288022	-0.00072723
8.570288358	-0.00058363
8.580288694	-0.00043483
8.590289031	-0.00028478
8.600289367	-0.00013564
8.610289704	0.000011543
8.62029004	0.0001557
8.630290377	0.00029492
8.640290713	0.00042572
8.65029105	0.00054358
8.660291386	0.00064528
8.670291723	0.00073024
8.680292059	0.00079904
8.690292396	0.00085144
8.700292732	0.00088612
8.710293069	0.00090124
8.720293405	0.00089415
8.730293742	0.00086171
8.740294078	0.00080252
8.750294415	0.00071906
8.760294751	0.00061665
8.770295087	0.00049982
8.780295424	0.00037085
8.79029576	0.00023256
8.800296097	0.000091184
8.810296433	-0.000045963
8.82029677	-0.00017524
8.830297106	-0.00029679
8.840297443	-0.00041035
8.850297779	-0.00051421
8.860298116	-0.00060877
8.870298452	-0.00069778
8.880298789	-0.00078504
8.890299125	-0.00087262
8.900299462	-0.00096298
8.910299798	-0.0010594
8.920300135	-0.0011627
8.930300471	-0.0012715
8.940300808	-0.0013849
8.950301144	-0.0015023
8.96030148	-0.0016187
8.970301817	-0.0017246
8.980302153	-0.0018126
8.99030249	-0.0018816
9.000302826	-0.0019331
9.010303163	-0.0019682
9.020303499	-0.0019887
9.030303836	-0.0019978
9.040304172	-0.0019964
9.050304509	-0.0019832
9.060304845	-0.0019591
9.070305182	-0.0019279
9.080305518	-0.0018914
9.090305855	-0.0018478
9.100306191	-0.0017969
9.110306528	-0.0017408
9.120306864	-0.0016782
9.130307201	-0.0016027
9.140307537	-0.0015096
9.150307873	-0.0013989
9.16030821	-0.0012712
9.170308546	-0.001124
9.180308883	-0.00095684
9.190309219	-0.00077514
9.200309556	-0.00058519
9.210309892	-0.00038738
9.220310229	-0.00017702
9.230310565	0.000050248
9.240310902	0.00029621
9.250311238	0.00056147
9.260311575	0.00084664
9.270311911	0.0011526
9.280312248	0.0014804
9.290312584	0.0018294
9.300312921	0.0021963
9.310313257	0.0025763
9.320313594	0.0029665
9.33031393	0.0033651
9.340314266	0.0037681
9.350314603	0.0041697
9.360314939	0.0045666
9.370315276	0.0049588
9.380315612	0.0053456
9.390315949	0.0057236
9.400316285	0.0060894
9.410316622	0.0064423
9.420316958	0.006784
9.430317295	0.0071151
9.440317631	0.0074348
9.450317968	0.0077416
9.460318304	0.0080336
9.470318641	0.0083082
9.480318977	0.0085625
9.490319314	0.0087947
9.50031965	0.0090034
9.510319987	0.0091858
9.520320323	0.0093364
9.530320659	0.0094487
9.540320996	0.00952
9.550321332	0.0095522
9.560321669	0.0095487
9.570322005	0.0095104
9.580322342	0.0094383
9.590322678	0.0093353
9.600323015	0.0092056
9.610323351	0.0090496
9.620323688	0.0088637
9.630324024	0.0086435
9.640324361	0.0083885
9.650324697	0.0081015
9.660325034	0.007786
9.67032537	0.0074439
9.680325707	0.0070759
9.690326043	0.0066824
9.70032638	0.0062638
9.710326716	0.0058203
9.720327052	0.0053522
9.730327389	0.0048609
9.740327725	0.0043496
9.750328062	0.0038218
9.760328398	0.0032808
9.770328735	0.0027304
9.780329071	0.0021745
9.790329408	0.0016155
9.800329744	0.0010543
9.810330081	0.00049217
9.820330417	-0.000067242
9.830330754	-0.00062022
9.84033109	-0.0011659
9.850331427	-0.0017048
9.860331763	-0.0022341
9.8703321	-0.0027459
9.880332436	-0.0032331
9.890332773	-0.0036947
9.900333109	-0.0041348
9.910333445	-0.0045558
9.920333782	-0.0049544
9.930334118	-0.0053259
9.940334455	-0.0056694
9.950334791	-0.0059867
9.960335128	-0.0062782
9.970335464	-0.0065413
9.980335801	-0.006774
9.990336137	-0.0069769
10.00033647	-0.0071526
10.01033681	-0.0073025
10.02033715	-0.0074269
10.03033748	-0.0075259
10.04033782	-0.0076003
10.05033816	-0.0076527
10.06033849	-0.0076865
10.07033883	-0.0077035
10.08033917	-0.0077039
10.0903395	-0.0076883
10.10033984	-0.0076578
10.11034017	-0.007612
10.12034051	-0.0075477
10.13034085	-0.0074629
10.14034118	-0.0073596
10.15034152	-0.0072407
10.16034186	-0.0071068
10.17034219	-0.0069568
10.18034253	-0.0067909
10.19034287	-0.006611
10.2003432	-0.0064185
10.21034354	-0.0062159
10.22034388	-0.006009
10.23034421	-0.0058038
10.24034455	-0.0056018
10.25034489	-0.0054004
10.26034522	-0.0051971
10.27034556	-0.0049917
10.2803459	-0.0047839
10.29034623	-0.0045721
10.30034657	-0.0043555
10.3103469	-0.0041345
10.32034724	-0.0039097
10.33034758	-0.0036785
10.34034791	-0.0034364
10.35034825	-0.0031796
10.36034859	-0.002909
10.37034892	-0.0026302
10.38034926	-0.0023507
10.3903496	-0.0020757
10.40034993	-0.0018071
10.41035027	-0.0015452
10.42035061	-0.0012902
10.43035094	-0.001042
10.44035128	-0.00080098
10.45035162	-0.00056775
10.46035195	-0.00034343
10.47035229	-0.00012777
10.48035262	0.000082548
10.49035296	0.00029305
10.5003533	0.00050827
10.51035363	0.00072903
10.52035397	0.00095306
10.53035431	0.0011779
10.54035464	0.0014024
10.55035498	0.0016257
10.56035532	0.001846
10.57035565	0.0020614
10.58035599	0.0022713
10.59035633	0.0024766
10.60035666	0.0026781
10.610357	0.002876
10.62035734	0.0030697
10.63035767	0.0032576
10.64035801	0.0034399
10.65035834	0.0036194
10.66035868	0.0037997
10.67035902	0.0039814
10.68035935	0.0041616
10.69035969	0.0043375
10.70036003	0.0045087
10.71036036	0.0046758
10.7203607	0.0048377
10.73036104	0.0049918
10.74036137	0.0051364
10.75036171	0.0052706
10.76036205	0.0053939
10.77036238	0.0055069
10.78036272	0.0056124
10.79036306	0.0057131
10.80036339	0.0058088
10.81036373	0.0058961
10.82036406	0.0059709
10.8303644	0.0060312
10.84036474	0.0060785
10.85036507	0.0061169
10.86036541	0.00615
10.87036575	0.0061769
10.88036608	0.0061935
10.89036642	0.0061971
10.90036676	0.0061884
10.91036709	0.0061693
10.92036743	0.0061401
10.93036777	0.0061008
10.9403681	0.0060531
10.95036844	0.005999
10.96036878	0.0059394
10.97036911	0.005873
10.98036945	0.0057975
10.99036978	0.005711
11.00037012	0.0056128
11.01037046	0.0055029
11.02037079	0.0053817
11.03037113	0.0052482
11.04037147	0.0051008
11.0503718	0.0049384
11.06037214	0.0047617
11.07037248	0.0045737
11.08037281	0.0043781
11.09037315	0.0041779
11.10037349	0.0039744
11.11037382	0.0037676
11.12037416	0.0035578
11.1303745	0.0033443
11.14037483	0.0031259
11.15037517	0.0029016
11.1603755	0.0026726
11.17037584	0.0024413
11.18037618	0.0022093
11.19037651	0.0019774
11.20037685	0.0017469
11.21037719	0.0015193
11.22037752	0.0012957
11.23037786	0.001078
11.2403782	0.00086908
11.25037853	0.00067211
11.26037887	0.00048974
11.27037921	0.00032407
11.28037954	0.00017681
11.29037988	0.000047674
11.30038022	-0.000067557
11.31038055	-0.00017563
11.32038089	-0.0002814
11.33038122	-0.0003849
11.34038156	-0.00048283
11.3503819	-0.0005723
11.36038223	-0.00065274
11.37038257	-0.00072502
11.38038291	-0.00078959
11.39038324	-0.00084551
11.40038358	-0.00089053
11.41038392	-0.00092233
11.42038425	-0.0009401
11.43038459	-0.00094493
11.44038493	-0.00093877
11.45038526	-0.00092339
11.4603856	-0.00090081
11.47038594	-0.00087406
11.48038627	-0.0008471
11.49038661	-0.00082378
11.50038694	-0.00080686
11.51038728	-0.00079713
11.52038762	-0.00079298
11.53038795	-0.00079125
11.54038829	-0.000789
11.55038863	-0.00078497
11.56038896	-0.00077947
11.5703893	-0.00077327
11.58038964	-0.00076652
11.59038997	-0.0007589
11.60039031	-0.000751
11.61039065	-0.00074531
11.62039098	-0.00074541
11.63039132	-0.00075471
11.64039166	-0.00077627
11.65039199	-0.00081312
11.66039233	-0.00086707
11.67039266	-0.00093738
11.680393	-0.0010217
11.69039334	-0.0011184
11.70039367	-0.0012272
11.71039401	-0.0013481
11.72039435	-0.0014806
11.73039468	-0.0016242
11.74039502	-0.0017784
11.75039536	-0.0019413
11.76039569	-0.0021097
11.77039603	-0.0022804
11.78039637	-0.0024526
11.7903967	-0.0026283
11.80039704	-0.0028112
11.81039738	-0.0030032
11.82039771	-0.0032031
11.83039805	-0.0034086
11.84039838	-0.0036187
11.85039872	-0.0038326
11.86039906	-0.0040486
11.87039939	-0.0042647
11.88039973	-0.0044806
11.89040007	-0.0046974
11.9004004	-0.0049146
11.91040074	-0.00513
11.92040108	-0.0053423
11.93040141	-0.005552
11.94040175	-0.0057601
11.95040209	-0.0059647
11.96040242	-0.0061621
11.97040276	-0.006349
11.9804031	-0.0065239
11.99040343	-0.0066864
12.00040377	-0.0068357
12.0104041	-0.0069704
12.02040444	-0.0070897
12.03040478	-0.0071939
12.04040511	-0.0072843
12.05040545	-0.0073622
12.06040579	-0.0074273
12.07040612	-0.0074784
12.08040646	-0.0075143
12.0904068	-0.0075356
12.10040713	-0.007545
12.11040747	-0.007546
12.12040781	-0.0075412
12.13040814	-0.007531
12.14040848	-0.007513
12.15040882	-0.0074829
12.16040915	-0.0074376
12.17040949	-0.0073774
12.18040983	-0.007305
12.19041016	-0.0072225
12.2004105	-0.0071299
12.21041083	-0.0070277
12.22041117	-0.0069171
12.23041151	-0.0067991
12.24041184	-0.0066726
12.25041218	-0.0065361
12.26041252	-0.0063906
12.27041285	-0.0062401
12.28041319	-0.0060873
12.29041353	-0.0059319
12.30041386	-0.0057723
12.3104142	-0.0056087
12.32041454	-0.0054427
12.33041487	-0.0052749
12.34041521	-0.0051061
12.35041555	-0.0049384
12.36041588	-0.0047751
12.37041622	-0.0046176
12.38041655	-0.0044642
12.39041689	-0.0043128
12.40041723	-0.0041629
12.41041756	-0.0040152
12.4204179	-0.003869
12.43041824	-0.0037225
12.44041857	-0.0035732
12.45041891	-0.0034206
12.46041925	-0.003265
12.47041958	-0.0031079
12.48041992	-0.0029499
12.49042026	-0.0027915
12.50042059	-0.0026335
12.51042093	-0.0024769
12.52042127	-0.0023226
12.5304216	-0.0021709
12.54042194	-0.0020213
12.55042227	-0.0018731
12.56042261	-0.001725
12.57042295	-0.0015763
12.58042328	-0.0014259
12.59042362	-0.0012733
12.60042396	-0.0011186
12.61042429	-0.00096335
12.62042463	-0.00080887
12.63042497	-0.00065436
12.6404253	-0.00049735
12.65042564	-0.00033656
12.66042598	-0.00017326
12.67042631	-9.3721E-06
12.68042665	0.00015488
12.69042699	0.00032118
12.70042732	0.00049205
12.71042766	0.00067009
12.72042799	0.00085723
12.73042833	0.0010535
12.74042867	0.0012566
12.750429	0.0014637
12.76042934	0.0016729
12.77042968	0.0018833
12.78043001	0.0020939
12.79043035	0.0023033
12.80043069	0.0025104
12.81043102	0.002715
12.82043136	0.0029168
12.8304317	0.0031157
12.84043203	0.0033121
12.85043237	0.0035069
12.86043271	0.0037009
12.87043304	0.0038933
12.88043338	0.0040825
12.89043371	0.0042676
12.90043405	0.0044486
12.91043439	0.0046251
12.92043472	0.0047957
12.93043506	0.0049584
12.9404354	0.0051109
12.95043573	0.0052511
12.96043607	0.0053784
12.97043641	0.0054937
12.98043674	0.0055994
12.99043708	0.0056968
13.00043742	0.0057855
13.01043775	0.0058638
13.02043809	0.0059308
13.03043843	0.0059873
13.04043876	0.006034
13.0504391	0.0060706
13.06043943	0.006096
13.07043977	0.0061089
13.08044011	0.0061076
13.09044044	0.0060906
13.10044078	0.0060565
13.11044112	0.0060054
13.12044145	0.0059381
13.13044179	0.0058564
13.14044213	0.0057625
13.15044246	0.0056587
13.1604428	0.0055476
13.17044314	0.0054306
13.18044347	0.0053069
13.19044381	0.0051734
13.20044415	0.0050268
13.21044448	0.0048666
13.22044482	0.0046957
13.23044515	0.0045167
13.24044549	0.0043293
13.25044583	0.004131
13.26044616	0.0039198
13.2704465	0.0036948
13.28044684	0.0034556
13.29044717	0.003203
13.30044751	0.0029398
13.31044785	0.0026694
13.32044818	0.0023936
13.33044852	0.0021123
13.34044886	0.0018258
13.35044919	0.0015362
13.36044953	0.0012462
13.37044987	0.00095764
13.3804502	0.00067185
13.39045054	0.00039071
13.40045087	0.00011566
13.41045121	-0.00015351
13.42045155	-0.00041776
13.43045188	-0.00067679
13.44045222	-0.00092859
13.45045256	-0.0011708
13.46045289	-0.0014022
13.47045323	-0.0016224
13.48045357	-0.0018321
13.4904539	-0.0020326
13.50045424	-0.0022252
13.51045458	-0.0024104
13.52045491	-0.0025874
13.53045525	-0.0027547
13.54045559	-0.0029113
13.55045592	-0.003057
13.56045626	-0.0031923
13.57045659	-0.003318
13.58045693	-0.0034347
13.59045727	-0.0035432
13.6004576	-0.0036448
13.61045794	-0.0037406
13.62045828	-0.0038298
13.63045861	-0.0039098
13.64045895	-0.003978
13.65045929	-0.0040342
13.66045962	-0.0040804
13.67045996	-0.0041182
13.6804603	-0.0041479
13.69046063	-0.0041692
13.70046097	-0.0041825
13.71046131	-0.004189
13.72046164	-0.0041879
13.73046198	-0.0041768
13.74046231	-0.0041533
13.75046265	-0.0041172
13.76046299	-0.0040701
13.77046332	-0.0040127
13.78046366	-0.0039445
13.790464	-0.0038647
13.80046433	-0.0037734
13.81046467	-0.0036711
13.82046501	-0.003558
13.83046534	-0.0034333
13.84046568	-0.0032958
13.85046602	-0.003146
13.86046635	-0.0029864
13.87046669	-0.0028206
13.88046703	-0.0026512
13.89046736	-0.0024795
13.9004677	-0.0023052
13.91046803	-0.0021278
13.92046837	-0.0019462
13.93046871	-0.0017598
13.94046904	-0.0015681
13.95046938	-0.0013711
13.96046972	-0.0011693
13.97047005	-0.00096309
13.98047039	-0.00075285
13.99047073	-0.00053879
14.00047106	-0.00032134
14.0104714	-0.00010129
14.02047174	0.00012024
14.03047207	0.00034125
14.04047241	0.00055796
14.05047275	0.00076547
14.06047308	0.0009603
14.07047342	0.0011422
14.08047376	0.0013126
14.09047409	0.0014726
14.10047443	0.0016223
14.11047476	0.0017633
14.1204751	0.0018982
14.13047544	0.0020298
14.14047577	0.0021592
14.15047611	0.0022855
14.16047645	0.0024068
14.17047678	0.0025201
14.18047712	0.0026225
14.19047746	0.0027132
14.20047779	0.002793
14.21047813	0.0028631
14.22047847	0.0029241
14.2304788	0.0029775
14.24047914	0.0030247
14.25047948	0.0030659
14.26047981	0.0030979
14.27048015	0.0031174
14.28048048	0.0031233
14.29048082	0.0031176
14.30048116	0.0031017
14.31048149	0.0030763
14.32048183	0.0030421
14.33048217	0.003001
14.3404825	0.0029551
14.35048284	0.0029047
14.36048318	0.0028497
14.37048351	0.0027908
14.38048385	0.0027294
14.39048419	0.0026663
14.40048452	0.0026032
14.41048486	0.0025437
14.4204852	0.0024926
14.43048553	0.0024528
14.44048587	0.0024239
14.4504862	0.0024034
14.46048654	0.0023891
14.47048688	0.0023786
14.48048721	0.0023692
14.49048755	0.0023579
14.50048789	0.0023437
14.51048822	0.0023269
14.52048856	0.0023091
14.5304889	0.0022923
14.54048923	0.0022789
14.55048957	0.0022703
14.56048991	0.0022674
14.57049024	0.0022696
14.58049058	0.0022775
14.59049092	0.0022926
14.60049125	0.0023181
14.61049159	0.0023573
14.62049192	0.0024111
14.63049226	0.0024782
14.6404926	0.0025556
14.65049293	0.0026408
14.66049327	0.0027317
14.67049361	0.0028255
14.68049394	0.0029193
14.69049428	0.0030114
14.70049462	0.003102
14.71049495	0.0031915
14.72049529	0.0032791
14.73049563	0.0033636
14.74049596	0.0034446
14.7504963	0.0035236
14.76049664	0.0036022
14.77049697	0.0036809
14.78049731	0.0037595
14.79049764	0.0038373
14.80049798	0.0039146
14.81049832	0.0039919
14.82049865	0.0040685
14.83049899	0.0041423
14.84049933	0.0042102
14.85049966	0.004269
14.8605	0.0043164
14.87050034	0.0043514
14.88050067	0.0043747
14.89050101	0.004388
14.90050135	0.0043925
14.91050168	0.0043878
14.92050202	0.0043724
14.93050236	0.0043448
14.94050269	0.0043037
14.95050303	0.004249
14.96050336	0.0041811
14.9705037	0.0041
14.98050404	0.0040046
14.99050437	0.0038942
15.00050471	0.00377
15.01050505	0.0036352
15.02050538	0.0034926
15.03050572	0.0033436
15.04050606	0.0031881
15.05050639	0.0030251
15.06050673	0.0028533
15.07050707	0.0026724
15.0805074	0.0024827
15.09050774	0.0022849
15.10050808	0.0020796
15.11050841	0.0018674
15.12050875	0.0016487
15.13050908	0.0014226
15.14050942	0.0011877
15.15050976	0.00094322
15.16051009	0.00069178
15.17051043	0.00043796
15.18051077	0.00018529
15.1905111	-0.000065472
15.20051144	-0.00031451
15.21051178	-0.00056027
15.22051211	-0.00079973
15.23051245	-0.0010314
15.24051279	-0.0012571
15.25051312	-0.0014802
15.26051346	-0.0017028
15.2705138	-0.0019245
15.28051413	-0.0021428
15.29051447	-0.0023551
15.3005148	-0.0025589
15.31051514	-0.0027532
15.32051548	-0.0029385
15.33051581	-0.0031154
15.34051615	-0.003284
15.35051649	-0.0034442
15.36051682	-0.003596
15.37051716	-0.0037398
15.3805175	-0.0038771
15.39051783	-0.00401
15.40051817	-0.0041403
15.41051851	-0.0042681
15.42051884	-0.0043919
15.43051918	-0.00451
15.44051952	-0.0046213
15.45051985	-0.0047236
15.46052019	-0.0048148
15.47052052	-0.0048941
15.48052086	-0.0049627
15.4905212	-0.0050218
15.50052153	-0.005071
15.51052187	-0.0051093
15.52052221	-0.0051372
15.53052254	-0.0051552
15.54052288	-0.0051637
15.55052322	-0.0051629
15.56052355	-0.0051547
15.57052389	-0.0051415
15.58052423	-0.0051248
15.59052456	-0.0051044
15.6005249	-0.0050798
15.61052524	-0.0050506
15.62052557	-0.0050165
15.63052591	-0.0049775
15.64052624	-0.004934
15.65052658	-0.0048878
15.66052692	-0.0048404
15.67052725	-0.004792
15.68052759	-0.0047412
15.69052793	-0.004686
15.70052826	-0.0046249
15.7105286	-0.0045565
15.72052894	-0.0044797
15.73052927	-0.0043943
15.74052961	-0.0043029
15.75052995	-0.0042086
15.76053028	-0.0041132
15.77053062	-0.004016
15.78053096	-0.0039162
15.79053129	-0.0038147
15.80053163	-0.0037124
15.81053197	-0.0036093
15.8205323	-0.0035055
15.83053264	-0.0034017
15.84053297	-0.0032994
15.85053331	-0.0031983
15.86053365	-0.0030965
15.87053398	-0.0029918
15.88053432	-0.0028821
15.89053466	-0.0027653
15.90053499	-0.0026402
15.91053533	-0.0025069
15.92053567	-0.0023671
15.930536	-0.0022228
15.94053634	-0.0020755
15.95053668	-0.001926
15.96053701	-0.0017742
15.97053735	-0.0016199
15.98053769	-0.0014636
15.99053802	-0.0013054
16.00053836	-0.0011456
16.01053869	-0.00098488
16.02053903	-0.0008253
16.03053937	-0.00066897
16.0405397	-0.00051614
16.05054004	-0.00036551
16.06054038	-0.00021618
16.07054071	-0.000068386
16.08054105	0.000077303
16.09054139	0.00022052
16.10054172	0.0003607
16.11054206	0.00049731
16.1205424	0.00063064
16.13054273	0.00076157
16.14054307	0.00089026
16.15054341	0.0010156
16.16054374	0.0011361
16.17054408	0.0012502
16.18054441	0.0013567
16.19054475	0.0014549
16.20054509	0.0015455
16.21054542	0.0016304
16.22054576	0.0017103
16.2305461	0.0017846
16.24054643	0.0018515
16.25054677	0.0019096
16.26054711	0.0019587
16.27054744	0.0019992
16.28054778	0.0020319
16.29054812	0.0020581
16.30054845	0.0020796
16.31054879	0.0020974
16.32054913	0.0021112
16.33054946	0.0021201
16.3405498	0.0021238
16.35055013	0.002123
16.36055047	0.0021191
16.37055081	0.0021123
16.38055114	0.0021018
16.39055148	0.0020867
16.40055182	0.0020674
16.41055215	0.0020453
16.42055249	0.0020225
16.43055283	0.0019996
16.44055316	0.001976
16.4505535	0.00195
16.46055384	0.0019192
16.47055417	0.0018814
16.48055451	0.0018351
16.49055485	0.0017809
16.50055518	0.0017213
16.51055552	0.0016591
16.52055585	0.0015956
16.53055619	0.0015315
16.54055653	0.0014674
16.55055686	0.0014049
16.5605572	0.0013453
16.57055754	0.0012897
16.58055787	0.0012393
16.59055821	0.0011945
16.60055855	0.0011549
16.61055888	0.0011197
16.62055922	0.0010887
16.63055956	0.0010619
16.64055989	0.001039
16.65056023	0.0010197
16.66056057	0.0010043
16.6705609	0.00099252
16.68056124	0.00098402
16.69056157	0.00097834
16.70056191	0.00097596
16.71056225	0.00097812
16.72056258	0.00098572
16.73056292	0.00099832
16.74056326	0.0010141
16.75056359	0.0010308
16.76056393	0.0010464
16.77056427	0.0010606
16.7805646	0.0010737
16.79056494	0.0010867
16.80056528	0.0010999
16.81056561	0.0011132
16.82056595	0.001127
16.83056629	0.0011415
16.84056662	0.0011565
16.85056696	0.0011712
16.86056729	0.0011845
16.87056763	0.0011953
16.88056797	0.0012032
16.8905683	0.0012081
16.90056864	0.0012096
16.91056898	0.0012073
16.92056931	0.0012006
16.93056965	0.0011891
16.94056999	0.0011731
16.95057032	0.0011532
16.96057066	0.0011302
16.970571	0.0011052
16.98057133	0.0010795
16.99057167	0.0010537
17.00057201	0.0010278
17.01057234	0.0010008
17.02057268	0.00097158
17.03057301	0.00093965
17.04057335	0.00090479
17.05057369	0.00086699
17.06057402	0.00082666
17.07057436	0.00078486
17.0805747	0.00074269
17.09057503	0.00070031
17.10057537	0.0006571
17.11057571	0.00061311
17.12057604	0.00056931
17.13057638	0.00052588
17.14057672	0.00048105
17.15057705	0.00043265
17.16057739	0.00038053
17.17057773	0.00032649
17.18057806	0.00027207
17.1905784	0.00021744
17.20057873	0.00016205
17.21057907	0.00010521
17.22057941	0.000045919
17.23057974	-0.000016834
17.24058008	-0.000082875
17.25058042	-0.00015062
17.26058075	-0.00021817
17.27058109	-0.00028428
17.28058143	-0.00034827
17.29058176	-0.00040994
17.3005821	-0.00046994
17.31058244	-0.00053004
17.32058277	-0.00059258
17.33058311	-0.0006598
17.34058345	-0.00073315
17.35058378	-0.00081257
17.36058412	-0.00089584
17.37058445	-0.0009791
17.38058479	-0.0010585
17.39058513	-0.0011315
17.40058546	-0.0011977
17.4105858	-0.0012582
17.42058614	-0.0013142
17.43058647	-0.0013667
17.44058681	-0.0014155
17.45058715	-0.0014596
17.46058748	-0.0014979
17.47058782	-0.0015296
17.48058816	-0.0015548
17.49058849	-0.0015746
17.50058883	-0.0015907
17.51058917	-0.0016051
17.5205895	-0.0016193
17.53058984	-0.0016343
17.54059017	-0.0016498
17.55059051	-0.0016653
17.56059085	-0.0016808
17.57059118	-0.0016966
17.58059152	-0.001713
17.59059186	-0.0017295
17.60059219	-0.0017457
17.61059253	-0.0017614
17.62059287	-0.0017768
17.6305932	-0.0017912
17.64059354	-0.0018039
17.65059388	-0.0018136
17.66059421	-0.0018194
17.67059455	-0.00182
17.68059489	-0.0018155
17.69059522	-0.0018062
17.70059556	-0.0017927
17.7105959	-0.001775
17.72059623	-0.0017531
17.73059657	-0.001728
17.7405969	-0.0017012
17.75059724	-0.0016736
17.76059758	-0.0016458
17.77059791	-0.0016173
17.78059825	-0.0015876
17.79059859	-0.0015566
17.80059892	-0.0015253
17.81059926	-0.0014944
17.8205996	-0.0014643
17.83059993	-0.0014344
17.84060027	-0.0014049
17.85060061	-0.0013763
17.86060094	-0.0013483
17.87060128	-0.0013193
17.88060162	-0.001288
17.89060195	-0.0012538
17.90060229	-0.0012162
17.91060262	-0.0011742
17.92060296	-0.0011274
17.9306033	-0.001076
17.94060363	-0.0010212
17.95060397	-0.00096406
17.96060431	-0.00090593
17.97060464	-0.00084862
17.98060498	-0.00079336
17.99060532	-0.0007399
18.00060565	-0.00068699
18.01060599	-0.00063312
18.02060633	-0.00057668
18.03060666	-0.00051615
18.040607	-0.0004509
18.05060734	-0.00038167
18.06060767	-0.00030991
18.07060801	-0.00023643
18.08060834	-0.00016094
18.09060868	-0.000082406
18.10060902	-4.681E-08
18.11060935	0.000085506
18.12060969	0.00017194
18.13061003	0.00025657
18.14061036	0.00033792
18.1506107	0.00041574
18.16061104	0.00048966
18.17061137	0.00055862
18.18061171	0.00062181
18.19061205	0.00067946
18.20061238	0.00073271
18.21061272	0.00078321
18.22061306	0.00083266
18.23061339	0.00088215
18.24061373	0.00093167
18.25061406	0.00098068
18.2606144	0.0010288
18.27061474	0.0010754
18.28061507	0.0011189
18.29061541	0.0011574
18.30061575	0.0011899
18.31061608	0.0012161
18.32061642	0.0012357
18.33061676	0.0012481
18.34061709	0.0012537
18.35061743	0.0012543
18.36061777	0.0012527
18.3706181	0.0012505
18.38061844	0.0012484
18.39061878	0.0012466
18.40061911	0.0012454
18.41061945	0.0012454
18.42061978	0.0012478
18.43062012	0.0012543
18.44062046	0.0012659
18.45062079	0.001282
18.46062113	0.0013003
18.47062147	0.0013184
18.4806218	0.0013348
18.49062214	0.0013493
18.50062248	0.0013626
18.51062281	0.0013748
18.52062315	0.0013859
18.53062349	0.0013964
18.54062382	0.0014069
18.55062416	0.0014181
18.5606245	0.0014307
18.57062483	0.0014456
18.58062517	0.001464
18.5906255	0.0014868
18.60062584	0.0015136
18.61062618	0.0015436
18.62062651	0.0015759
18.63062685	0.0016099
18.64062719	0.0016451
18.65062752	0.0016812
18.66062786	0.0017178
18.6706282	0.0017549
18.68062853	0.0017935
18.69062887	0.0018352
18.70062921	0.0018808
18.71062954	0.0019291
18.72062988	0.0019787
18.73063022	0.0020295
18.74063055	0.0020829
18.75063089	0.0021397
18.76063122	0.0021995
18.77063156	0.0022609
18.7806319	0.0023228
18.79063223	0.0023839
18.80063257	0.002443
18.81063291	0.0024992
18.82063324	0.0025514
18.83063358	0.0025991
18.84063392	0.0026423
18.85063425	0.0026818
18.86063459	0.0027186
18.87063493	0.0027531
18.88063526	0.0027855
18.8906356	0.0028158
18.90063594	0.0028436
18.91063627	0.0028676
18.92063661	0.0028861
18.93063694	0.002898
18.94063728	0.0029037
18.95063762	0.0029032
18.96063795	0.0028967
18.97063829	0.0028843
18.98063863	0.0028668
18.99063896	0.0028444
19.0006393	0.002817
19.01063964	0.0027839
19.02063997	0.0027447
19.03064031	0.0026996
19.04064065	0.0026491
19.05064098	0.002594
19.06064132	0.0025349
19.07064166	0.0024716
19.08064199	0.0024035
19.09064233	0.0023306
19.10064266	0.0022533
19.110643	0.0021728
19.12064334	0.0020899
19.13064367	0.0020049
19.14064401	0.0019179
19.15064435	0.0018288
19.16064468	0.0017376
19.17064502	0.0016441
19.18064536	0.0015474
19.19064569	0.0014477
19.20064603	0.0013458
19.21064637	0.0012427
19.2206467	0.0011387
19.23064704	0.0010335
19.24064738	0.00092733
19.25064771	0.00082154
19.26064805	0.00071782
19.27064838	0.00061713
19.28064872	0.00051989
19.29064906	0.00042673
19.30064939	0.00033864
19.31064973	0.00025638
19.32065007	0.0001801
19.3306504	0.00010935
19.34065074	0.000043227
19.35065108	-0.000019664
19.36065141	-0.000080802
19.37065175	-0.00014104
19.38065209	-0.00020027
19.39065242	-0.00025792
19.40065276	-0.00031357
19.4106531	-0.00036718
19.42065343	-0.00041868
19.43065377	-0.0004676
19.4406541	-0.00051323
19.45065444	-0.00055505
19.46065478	-0.00059314
19.47065511	-0.00062809
19.48065545	-0.00066067
19.49065579	-0.00069161
19.50065612	-0.0007215
19.51065646	-0.0007507
19.5206568	-0.00077909
19.53065713	-0.0008062
19.54065747	-0.00083132
19.55065781	-0.00085378
19.56065814	-0.00087316
19.57065848	-0.00088961
19.58065882	-0.00090374
19.59065915	-0.00091618
19.60065949	-0.00092704
19.61065983	-0.00093606
19.62066016	-0.00094309
19.6306605	-0.00094806
19.64066083	-0.00095069
19.65066117	-0.00095059
19.66066151	-0.00094793
19.67066184	-0.00094344
19.68066218	-0.00093753
19.69066252	-0.00092949
19.70066285	-0.00091814
19.71066319	-0.00090293
19.72066353	-0.00088403
19.73066386	-0.00086182
19.7406642	-0.00083679
19.75066454	-0.00081013
19.76066487	-0.00078334
19.77066521	-0.00075725
19.78066555	-0.00073162
19.79066588	-0.0007058
19.80066622	-0.00067914
19.81066655	-0.00065094
19.82066689	-0.0006206
19.83066723	-0.00058805
19.84066756	-0.00055384
19.8506679	-0.00051861
19.86066824	-0.00048279
19.87066857	-0.00044672
19.88066891	-0.00041036
19.89066925	-0.0003731
19.90066958	-0.00033421
19.91066992	-0.00029378
19.92067026	-0.00025272
19.93067059	-0.00021208
19.94067093	-0.0001726
19.95067127	-0.00013482
19.9606716	-0.000099057
19.97067194	-0.000065204
19.98067227	-0.000033122
19.99067261	-3.1641E-06
20.00067295	0.000023941
20.01067328	0.000047656
20.02067362	0.000067919
20.03067396	0.000085139
20.04067429	0.00010026
20.05067463	0.0001146
20.06067497	0.00012919
20.0706753	0.00014438
20.08067564	0.00016009
20.09067598	0.00017636
20.10067631	0.00019352
20.11067665	0.00021207
20.12067699	0.00023246
20.13067732	0.00025473
20.14067766	0.00027807
20.15067799	0.00030099
20.16067833	0.00032207
20.17067867	0.00034063
20.180679	0.00035654
20.19067934	0.00036972
20.20067968	0.00037991
20.21068001	0.00038682
20.22068035	0.0003905
20.23068069	0.00039134
20.24068102	0.00038985
20.25068136	0.00038616
20.2606817	0.00037984
20.27068203	0.00037057
20.28068237	0.00035891
20.29068271	0.00034623
20.30068304	0.00033368
20.31068338	0.00032132
20.32068371	0.00030833
20.33068405	0.00029378
20.34068439	0.00027722
20.35068472	0.00025885
20.36068506	0.00023916
20.3706854	0.0002186
20.38068573	0.00019724
20.39068607	0.000175
20.40068641	0.00015191
20.41068674	0.00012801
20.42068708	0.00010285
20.43068742	0.000075778
20.44068775	0.00004685
20.45068809	0.000017076
20.46068843	-0.000012534
20.47068876	-0.000041965
20.4806891	-0.000071968
20.49068943	-0.00010321
20.50068977	-0.0001361
20.51069011	-0.00017133
20.52069044	-0.00020974
20.53069078	-0.0002517
20.54069112	-0.00029644
20.55069145	-0.00034238
20.56069179	-0.00038783
20.57069213	-0.00043179
20.58069246	-0.00047431
20.5906928	-0.00051599
20.60069314	-0.00055693
20.61069347	-0.00059616
20.62069381	-0.00063229
20.63069415	-0.00066438
20.64069448	-0.00069206
20.65069482	-0.00071532
20.66069515	-0.00073438
20.67069549	-0.00075006
20.68069583	-0.00076366
20.69069616	-0.00077669
20.7006965	-0.00079057
20.71069684	-0.00080631
20.72069717	-0.00082407
20.73069751	-0.00084302
20.74069785	-0.00086192
20.75069818	-0.00087969
20.76069852	-0.00089546
20.77069886	-0.00090852
20.78069919	-0.00091847
20.79069953	-0.00092525
20.80069987	-0.00092877
20.8107002	-0.0009286
20.82070054	-0.00092419
20.83070087	-0.00091524
20.84070121	-0.00090162
20.85070155	-0.00088344
20.86070188	-0.00086117
20.87070222	-0.00083585
20.88070256	-0.00080873
20.89070289	-0.00078076
20.90070323	-0.00075234
20.91070357	-0.00072342
20.9207039	-0.00069386
20.93070424	-0.00066375
20.94070458	-0.0006333
20.95070491	-0.00060232
20.96070525	-0.00056993
20.97070559	-0.00053511
20.98070592	-0.00049778
20.99070626	-0.00045922
21.00070659	-0.00042132
21.01070693	-0.00038542
21.02070727	-0.00035151
21.0307076	-0.00031854
21.04070794	-0.00028535
21.05070828	-0.00025151
21.06070861	-0.00021739
21.07070895	-0.00018369
21.08070929	-0.00015125
21.09070962	-0.00012111
21.10070996	-0.000094074
21.1107103	-0.000069956
21.12071063	-0.000047572
21.13071097	-0.000025664
21.14071131	-3.5744E-06
21.15071164	0.000019058
21.16071198	0.000042758
21.17071231	0.000068024
21.18071265	0.000094991
21.19071299	0.00012362
21.20071332	0.00015392
21.21071366	0.00018557
21.220714	0.00021776
21.23071433	0.00024958
21.24071467	0.00028066
21.25071501	0.00031085
21.26071534	0.00033964
21.27071568	0.00036644
21.28071602	0.00039134
21.29071635	0.00041513
21.30071669	0.00043842
21.31071703	0.00046112
21.32071736	0.00048279
21.3307177	0.00050344
21.34071803	0.00052355
21.35071837	0.00054362
21.36071871	0.00056396
21.37071904	0.00058463
21.38071938	0.00060541
21.39071972	0.00062583
21.40072005	0.0006454
21.41072039	0.00066399
21.42072073	0.00068162
21.43072106	0.0006981
21.4407214	0.00071291
21.45072174	0.00072553
21.46072207	0.00073584
21.47072241	0.00074397
21.48072275	0.00075005
21.49072308	0.00075401
21.50072342	0.00075554
21.51072376	0.00075404
21.52072409	0.00074909
21.53072443	0.00074082
21.54072476	0.00072981
21.5507251	0.00071652
21.56072544	0.0007009
21.57072577	0.00068271
21.58072611	0.00066189
21.59072645	0.00063863
21.60072678	0.0006134
21.61072712	0.0005871
21.62072746	0.00056109
21.63072779	0.00053674
21.64072813	0.00051495
21.65072847	0.00049607
21.6607288	0.00048014
21.67072914	0.00046681
21.68072948	0.00045519
21.69072981	0.00044415
21.70073015	0.00043279
21.71073048	0.00042059
21.72073082	0.00040704
21.73073116	0.00039155
21.74073149	0.00037374
21.75073183	0.00035377
21.76073217	0.00033227
21.7707325	0.00031007
21.78073284	0.00028816
21.79073318	0.0002674
21.80073351	0.00024822
21.81073385	0.00023069
21.82073419	0.00021514
21.83073452	0.00020253
21.84073486	0.00019386
21.8507352	0.00018953
21.86073553	0.00018913
21.87073587	0.00019199
21.8807362	0.00019748
21.89073654	0.00020497
21.90073688	0.00021379
21.91073721	0.00022335
21.92073755	0.00023316
21.93073789	0.00024277
21.94073822	0.00025182
21.95073856	0.00026
21.9607389	0.00026694
21.97073923	0.00027214
21.98073957	0.0002752
21.99073991	0.00027597
22.00074024	0.00027455
22.01074058	0.00027157
22.02074092	0.00026822
22.03074125	0.00026571
22.04074159	0.0002643
22.05074192	0.00026318
22.06074226	0.00026142
22.0707426	0.00025857
22.08074293	0.0002544
22.09074327	0.00024845
22.10074361	0.00024031
22.11074394	0.00022995
22.12074428	0.00021769
22.13074462	0.00020396
22.14074495	0.00018941
22.15074529	0.00017498
22.16074563	0.00016164
22.17074596	0.00014993
22.1807463	0.00013986
22.19074664	0.00013151
22.20074697	0.00012553
22.21074731	0.00012289
22.22074764	0.00012391
22.23074798	0.00012798
22.24074832	0.00013427
22.25074865	0.00014249
22.26074899	0.00015254
22.27074933	0.000164
22.28074966	0.00017637
22.29075	0.00018988
22.30075034	0.00020536
22.31075067	0.00022337
22.32075101	0.0002438
22.33075135	0.0002662
22.34075168	0.00028994
22.35075202	0.00031406
22.36075236	0.00033718
22.37075269	0.00035805
22.38075303	0.00037603
22.39075336	0.00039112
22.4007537	0.00040357
22.41075404	0.00041368
22.42075437	0.00042171
22.43075471	0.0004279
22.44075505	0.00043258
22.45075538	0.0004361
22.46075572	0.00043864
22.47075606	0.00044001
22.48075639	0.00044004
22.49075673	0.00043899
22.50075707	0.00043744
22.5107574	0.0004359
22.52075774	0.00043481
22.53075808	0.00043472
22.54075841	0.00043612
22.55075875	0.00043896
22.56075908	0.00044282
22.57075942	0.00044762
22.58075976	0.00045378
22.59076009	0.00046163
22.60076043	0.00047097
22.61076077	0.00048134
22.6207611	0.00049234
22.63076144	0.00050354
22.64076178	0.0005144
22.65076211	0.00052453
22.66076245	0.00053371
22.67076279	0.00054174
22.68076312	0.00054862
22.69076346	0.00055467
22.7007638	0.00056021
22.71076413	0.00056533
22.72076447	0.00057016
22.7307648	0.00057513
22.74076514	0.00058046
22.75076548	0.00058586
22.76076581	0.0005909
22.77076615	0.00059566
22.78076649	0.00060059
22.79076682	0.00060601
22.80076716	0.00061208
22.8107675	0.00061885
22.82076783	0.00062609
22.83076817	0.0006332
22.84076851	0.00063956
22.85076884	0.00064495
22.86076918	0.00064943
22.87076952	0.00065304
22.88076985	0.0006557
22.89077019	0.00065733
22.90077052	0.00065795
22.91077086	0.00065758
22.9207712	0.0006561
22.93077153	0.00065305
22.94077187	0.00064791
22.95077221	0.00064066
22.96077254	0.00063204
22.97077288	0.00062325
22.98077322	0.00061542
22.99077355	0.0006091
23.00077389	0.00060402
23.01077423	0.00059929
23.02077456	0.00059405
23.0307749	0.00058806
23.04077524	0.00058145
23.05077557	0.00057419
23.06077591	0.00056605
23.07077624	0.00055698
23.08077658	0.00054706
23.09077692	0.00053633
23.10077725	0.00052493
23.11077759	0.00051353
23.12077793	0.00050296
23.13077826	0.00049358
23.1407786	0.00048539
23.15077894	0.00047859
23.16077927	0.00047338
23.17077961	0.00046925
23.18077995	0.000465
23.19078028	0.00045972
23.20078062	0.00045338
23.21078096	0.00044618
23.22078129	0.00043801
23.23078163	0.00042851
23.24078197	0.00041745
23.2507823	0.00040505
23.26078264	0.0003921
23.27078297	0.00037975
23.28078331	0.0003687
23.29078365	0.00035883
23.30078398	0.00034983
23.31078432	0.00034195
23.32078466	0.00033571
23.33078499	0.00033116
23.34078533	0.0003278
23.35078567	0.00032518
23.360786	0.00032309
23.37078634	0.00032121
23.38078668	0.00031886
23.39078701	0.00031536
23.40078735	0.00031061
23.41078769	0.00030527
23.42078802	0.00030025
23.43078836	0.000296
23.44078869	0.00029259
23.45078903	0.00029038
23.46078937	0.00029023
23.4707897	0.00029297
23.48079004	0.00029907
23.49079038	0.00030904
23.50079071	0.00032371
23.51079105	0.00034384
23.52079139	0.00036965
23.53079172	0.00040068
23.54079206	0.00043601
23.5507924	0.00047448
23.56079273	0.00051518
23.57079307	0.00055789
23.58079341	0.00060257
23.59079374	0.00064851
23.60079408	0.00069436
23.61079441	0.00073918
23.62079475	0.00078293
23.63079509	0.00082581
23.64079542	0.00086773
23.65079576	0.00090889
23.6607961	0.00095038
23.67079643	0.00099347
23.68079677	0.0010386
23.69079711	0.0010852
23.70079744	0.001133
23.71079778	0.0011818
23.72079812	0.0012305
23.73079845	0.0012778
23.74079879	0.0013229
23.75079913	0.0013659
23.76079946	0.0014066
23.7707998	0.0014441
23.78080013	0.0014779
23.79080047	0.0015091
23.80080081	0.0015384
23.81080114	0.0015654
23.82080148	0.0015894
23.83080182	0.0016108
23.84080215	0.0016302
23.85080249	0.0016473
23.86080283	0.0016615
23.87080316	0.001673
23.8808035	0.0016829
23.89080384	0.0016913
23.90080417	0.0016975
23.91080451	0.0017005
23.92080485	0.0017
23.93080518	0.0016957
23.94080552	0.0016869
23.95080585	0.0016738
23.96080619	0.001657
23.97080653	0.0016381
23.98080686	0.0016175
23.9908072	0.0015951
24.00080754	0.0015701
24.01080787	0.0015419
24.02080821	0.0015105
24.03080855	0.001476
24.04080888	0.0014389
24.05080922	0.0013997
24.06080956	0.0013589
24.07080989	0.0013164
24.08081023	0.001272
24.09081057	0.0012252
24.1008109	0.0011758
24.11081124	0.0011239
24.12081157	0.0010702
24.13081191	0.0010154
24.14081225	0.00095966
24.15081258	0.00090272
24.16081292	0.00084452
24.17081326	0.00078557
24.18081359	0.00072639
24.19081393	0.00066687
24.20081427	0.00060673
24.2108146	0.00054632
24.22081494	0.00048665
24.23081528	0.00042865
24.24081561	0.00037265
24.25081595	0.00031856
24.26081629	0.00026614
24.27081662	0.0002153
24.28081696	0.00016634
24.29081729	0.00011991
24.30081763	0.000076506
24.31081797	0.000036272
24.3208183	-7.8536E-07
24.33081864	-0.000034692
24.34081898	-0.000065763
24.35081931	-0.000094609
24.36081965	-0.00012156
24.37081999	-0.00014624
24.38082032	-0.00016811
24.39082066	-0.00018721
24.400821	-0.00020438
24.41082133	-0.00022066
24.42082167	-0.00023672
24.43082201	-0.00025266
24.44082234	-0.00026812
24.45082268	-0.00028259
24.46082301	-0.00029562
24.47082335	-0.00030695
24.48082369	-0.0003164
24.49082402	-0.00032392
24.50082436	-0.0003298
24.5108247	-0.00033483
24.52082503	-0.00033994
24.53082537	-0.00034571
24.54082571	-0.0003523
24.55082604	-0.00035992
24.56082638	-0.00036897
24.57082672	-0.00037992
24.58082705	-0.00039288
24.59082739	-0.00040775
24.60082773	-0.00042449
24.61082806	-0.000443
24.6208284	-0.00046264
24.63082873	-0.00048199
24.64082907	-0.00049951
24.65082941	-0.00051443
24.66082974	-0.00052688
24.67083008	-0.00053708
24.68083042	-0.000545
24.69083075	-0.00055081
24.70083109	-0.00055513
24.71083143	-0.00055855
24.72083176	-0.00056093
24.7308321	-0.00056171
24.74083244	-0.00056061
24.75083277	-0.00055796
24.76083311	-0.00055447
24.77083345	-0.00055088
24.78083378	-0.00054759
24.79083412	-0.00054453
24.80083445	-0.0005412
24.81083479	-0.00053696
24.82083513	-0.00053126
24.83083546	-0.00052371
24.8408358	-0.00051428
24.85083614	-0.00050304
24.86083647	-0.00048981
24.87083681	-0.00047408
24.88083715	-0.00045544
24.89083748	-0.00043406
24.90083782	-0.0004104
24.91083816	-0.00038478
24.92083849	-0.00035738
24.93083883	-0.00032836
24.94083917	-0.00029779
24.9508395	-0.00026576
24.96083984	-0.00023264
24.97084017	-0.00019886
24.98084051	-0.00016446
24.99084085	-0.00012914
25.00084118	-0.000092863
25.01084152	-0.000055969
25.02084186	-0.00001847
25.03084219	0.000020121
25.04084253	0.000059975
25.05084287	0.00010033
25.0608432	0.00013997
25.07084354	0.00017812
25.08084388	0.00021447
25.09084421	0.00024881
25.10084455	0.0002809
25.11084489	0.00031073
25.12084522	0.00033854
25.13084556	0.00036445
25.1408459	0.00038831
25.15084623	0.00040998
25.16084657	0.00042958
25.1708469	0.00044737
25.18084724	0.0004635
25.19084758	0.00047788
25.20084791	0.00049043
25.21084825	0.00050122
25.22084859	0.00051023
25.23084892	0.00051723
25.24084926	0.00052205
25.2508496	0.00052474
25.26084993	0.00052541
25.27085027	0.00052403
25.28085061	0.00052056
25.29085094	0.00051541
25.30085128	0.0005093
25.31085162	0.00050271
25.32085195	0.00049558
25.33085229	0.00048763
25.34085262	0.00047868
25.35085296	0.0004687
25.3608533	0.0004577
25.37085363	0.00044571
25.38085397	0.00043271
25.39085431	0.00041843
25.40085464	0.00040238
25.41085498	0.00038423
25.42085532	0.00036404
25.43085565	0.00034209
25.44085599	0.00031844
25.45085633	0.00029305
25.46085666	0.00026611
25.470857	0.00023795
25.48085734	0.00020873
25.49085767	0.00017849
25.50085801	0.00014775
25.51085834	0.00011769
25.52085868	0.000089561
25.53085902	0.000064094
25.54085935	0.000041528
25.55085969	0.000021888
25.56086003	4.9903E-06
25.57086036	-9.6418E-06
25.5808607	-0.000022538
25.59086104	-0.00003392
25.60086137	-0.000043715
25.61086171	-0.000051939
25.62086205	-0.000058955
25.63086238	-0.000065344
25.64086272	-0.000071631
25.65086306	-0.000078148
25.66086339	-0.000085062
25.67086373	-0.000092411
25.68086406	-0.00010011
25.6908644	-0.00010795
25.70086474	-0.00011568
25.71086507	-0.00012314
25.72086541	-0.00013029
25.73086575	-0.00013721
25.74086608	-0.00014389
25.75086642	-0.00015026
25.76086676	-0.0001564
25.77086709	-0.00016248
25.78086743	-0.00016862
25.79086777	-0.00017469
25.8008681	-0.00018053
25.81086844	-0.00018611
25.82086878	-0.00019147
25.83086911	-0.00019642
25.84086945	-0.00020071
25.85086978	-0.00020434
25.86087012	-0.00020756
25.87087046	-0.00021057
25.88087079	-0.00021338
25.89087113	-0.00021593
25.90087147	-0.0002182
25.9108718	-0.00021996
25.92087214	-0.00022077
25.93087248	-0.00022027
25.94087281	-0.00021861
25.95087315	-0.00021648
25.96087349	-0.00021479
25.97087382	-0.0002141
25.98087416	-0.00021439
25.9908745	-0.00021517
26.00087483	-0.00021594
26.01087517	-0.0002165
26.0208755	-0.00021685
26.03087584	-0.00021703
26.04087618	-0.00021705
26.05087651	-0.00021695
26.06087685	-0.00021677
26.07087719	-0.00021634
26.08087752	-0.00021534
26.09087786	-0.00021351
26.1008782	-0.0002107
26.11087853	-0.00020675
26.12087887	-0.00020144
26.13087921	-0.00019466
26.14087954	-0.00018647
26.15087988	-0.0001769
26.16088022	-0.00016586
26.17088055	-0.00015341
26.18088089	-0.0001398
26.19088122	-0.00012524
26.20088156	-0.00010964
26.2108819	-0.000092809
26.22088223	-0.000074588
26.23088257	-0.000054744
26.24088291	-0.000032828
26.25088324	-8.5221E-06
26.26088358	0.000017942
26.27088392	0.000046008
26.28088425	0.00007539
26.29088459	0.00010618
26.30088493	0.00013839
26.31088526	0.00017175
26.3208856	0.00020598
26.33088594	0.00024112
26.34088627	0.00027725
26.35088661	0.00031408
26.36088694	0.00035095
26.37088728	0.0003872
26.38088762	0.00042234
26.39088795	0.00045608
26.40088829	0.00048833
26.41088863	0.00051916
26.42088896	0.00054858
26.4308893	0.00057641
26.44088964	0.00060249
26.45088997	0.00062704
26.46089031	0.0006507
26.47089065	0.000674
26.48089098	0.0006972
26.49089132	0.00072041
26.50089166	0.0007438
26.51089199	0.00076742
26.52089233	0.00079117
26.53089266	0.00081495
26.540893	0.00083865
26.55089334	0.00086197
26.56089367	0.00088443
26.57089401	0.0009056
26.58089435	0.0009254
26.59089468	0.00094407
26.60089502	0.00096219
26.61089536	0.00098059
26.62089569	0.00099998
26.63089603	0.0010207
26.64089637	0.0010427
26.6508967	0.001066
26.66089704	0.0010905
26.67089738	0.0011164
26.68089771	0.0011435
26.69089805	0.0011719
26.70089838	0.001201
26.71089872	0.0012305
26.72089906	0.0012598
26.73089939	0.001289
26.74089973	0.0013181
26.75090007	0.0013471
26.7609004	0.001376
26.77090074	0.0014047
26.78090108	0.0014334
26.79090141	0.001462
26.80090175	0.0014902
26.81090209	0.0015176
26.82090242	0.0015435
26.83090276	0.0015673
26.8409031	0.0015888
26.85090343	0.001608
26.86090377	0.001625
26.8709041	0.0016394
26.88090444	0.0016512
26.89090478	0.0016601
26.90090511	0.0016662
26.91090545	0.0016697
26.92090579	0.0016702
26.93090612	0.0016675
26.94090646	0.0016612
26.9509068	0.0016511
26.96090713	0.0016371
26.97090747	0.0016197
26.98090781	0.0015993
26.99090814	0.0015763
27.00090848	0.0015511
27.01090882	0.0015235
27.02090915	0.0014936
27.03090949	0.0014614
27.04090983	0.0014276
27.05091016	0.0013924
27.0609105	0.001356
27.07091083	0.0013183
27.08091117	0.0012787
27.09091151	0.0012368
27.10091184	0.001192
27.11091218	0.0011444
27.12091252	0.0010941
27.13091285	0.0010415
27.14091319	0.0009872
27.15091353	0.00093153
27.16091386	0.00087489
27.1709142	0.00081756
27.18091454	0.00075991
27.19091487	0.00070243
27.20091521	0.00064581
27.21091555	0.00059077
27.22091588	0.00053783
27.23091622	0.00048734
27.24091655	0.0004397
27.25091689	0.00039541
27.26091723	0.00035487
27.27091756	0.00031823
27.2809179	0.00028542
27.29091824	0.00025628
27.30091857	0.00023054
27.31091891	0.00020784
27.32091925	0.00018777
27.33091958	0.00017015
27.34091992	0.00015499
27.35092026	0.00014233
27.36092059	0.00013212
27.37092093	0.00012433
27.38092127	0.00011921
27.3909216	0.00011726
27.40092194	0.00011891
27.41092227	0.00012438
27.42092261	0.00013375
27.43092295	0.00014691
27.44092328	0.0001635
27.45092362	0.00018294
27.46092396	0.00020486
27.47092429	0.00022915
27.48092463	0.00025561
27.49092497	0.00028363
27.5009253	0.00031242
27.51092564	0.00034137
27.52092598	0.00037018
27.53092631	0.00039877
27.54092665	0.00042717
27.55092699	0.00045541
27.56092732	0.00048345
27.57092766	0.00051129
27.58092799	0.00053896
27.59092833	0.00056644
27.60092867	0.0005937
27.610929	0.00062078
27.62092934	0.00064767
27.63092968	0.00067435
27.64093001	0.00070081
27.65093035	0.00072712
27.66093069	0.00075322
27.67093102	0.00077873
27.68093136	0.00080307
27.6909317	0.00082584
27.70093203	0.00084682
27.71093237	0.00086569
27.72093271	0.00088206
27.73093304	0.00089579
27.74093338	0.00090711
27.75093371	0.00091638
27.76093405	0.0009239
27.77093439	0.00092981
27.78093472	0.00093418
27.79093506	0.00093698
27.8009354	0.00093818
27.81093573	0.0009378
27.82093607	0.00093585
27.83093641	0.00093232
27.84093674	0.0009272
27.85093708	0.00092052
27.86093742	0.00091224
27.87093775	0.00090237
27.88093809	0.00089112
27.89093843	0.00087899
27.90093876	0.00086645
27.9109391	0.00085374
27.92093943	0.00084083
27.93093977	0.00082762
27.94094011	0.00081411
27.95094044	0.00080048
27.96094078	0.00078729
27.97094112	0.00077549
27.98094145	0.00076583
27.99094179	0.00075832
28.00094213	0.00075245
28.01094246	0.00074787
28.0209428	0.00074481
28.03094314	0.00074381
28.04094347	0.00074523
28.05094381	0.00074913
28.06094415	0.00075523
28.07094448	0.00076308
28.08094482	0.00077221
28.09094515	0.00078224
28.10094549	0.00079279
28.11094583	0.00080352
28.12094616	0.00081421
28.1309465	0.00082467
28.14094684	0.00083455
28.15094717	0.00084336
28.16094751	0.00085067
28.17094785	0.00085634
28.18094818	0.00086022
28.19094852	0.00086208
28.20094886	0.00086184
28.21094919	0.00085975
28.22094953	0.00085613
28.23094987	0.000851
28.2409502	0.00084418
28.25095054	0.00083575
28.26095087	0.00082617
28.27095121	0.00081598
28.28095155	0.00080551
28.29095188	0.00079505
28.30095222	0.00078505
28.31095256	0.00077584
28.32095289	0.00076723
28.33095323	0.00075873
28.34095357	0.00074995
28.3509539	0.00074079
28.36095424	0.0007312
28.37095458	0.00072123
28.38095491	0.00071117
28.39095525	0.00070155
28.40095559	0.00069278
28.41095592	0.00068506
28.42095626	0.00067841
28.43095659	0.00067276
28.44095693	0.00066816
28.45095727	0.00066493
28.4609576	0.00066363
28.47095794	0.00066467
28.48095828	0.00066819
28.49095861	0.0006741
28.50095895	0.00068215
28.51095929	0.0006919
28.52095962	0.00070282
28.53095996	0.00071472
28.5409603	0.00072769
28.55096063	0.00074175
28.56096097	0.00075662
28.57096131	0.00077188
28.58096164	0.00078712
28.59096198	0.00080189
28.60096231	0.00081573
28.61096265	0.00082848
28.62096299	0.00084045
28.63096332	0.00085206
28.64096366	0.00086347
28.650964	0.00087466
28.66096433	0.00088561
28.67096467	0.00089634
28.68096501	0.00090682
28.69096534	0.000917
28.70096568	0.00092685
28.71096602	0.00093639
28.72096635	0.00094551
28.73096669	0.00095383
28.74096703	0.00096082
28.75096736	0.00096615
28.7609677	0.00096989
28.77096803	0.00097243
28.78096837	0.00097425
28.79096871	0.00097574
28.80096904	0.00097701
28.81096938	0.00097785
28.82096972	0.00097789
28.83097005	0.00097688
28.84097039	0.00097495
28.85097073	0.00097228
28.86097106	0.00096874
28.8709714	0.00096387
28.88097174	0.00095732
28.89097207	0.00094914
28.90097241	0.00093946
28.91097275	0.00092819
28.92097308	0.00091525
28.93097342	0.00090105
28.94097376	0.0008863
28.95097409	0.0008712
28.96097443	0.00085537
28.97097476	0.00083867
28.9809751	0.00082156
28.99097544	0.00080436
29.00097577	0.00078671
29.01097611	0.0007682
29.02097645	0.00074899
29.03097678	0.00072942
29.04097712	0.00070959
29.05097746	0.00068963
29.06097779	0.00066997
29.07097813	0.00065088
29.08097847	0.00063227
29.0909788	0.0006143
29.10097914	0.00059738
29.11097948	0.00058126
29.12097981	0.0005651
29.13098015	0.00054858
29.14098048	0.0005322
29.15098082	0.00051615
29.16098116	0.00049976
29.17098149	0.00048247
29.18098183	0.00046453
29.19098217	0.00044623
29.2009825	0.0004276
29.21098284	0.00040904
29.22098318	0.00039124
29.23098351	0.00037413
29.24098385	0.0003567
29.25098419	0.00033824
29.26098452	0.00031884
29.27098486	0.00029852
29.2809852	0.00027702
29.29098553	0.00025436
29.30098587	0.00023064
29.3109862	0.00020531
29.32098654	0.00017746
29.33098688	0.00014702
29.34098721	0.00011481
29.35098755	0.000081591
29.36098789	0.000047803
29.37098822	0.000013922
29.38098856	-0.000019755
29.3909889	-0.000053364
29.40098923	-0.000086871
29.41098957	-0.00011951
29.42098991	-0.00015032
29.43099024	-0.00017887
29.44099058	-0.00020506
29.45099092	-0.00022888
29.46099125	-0.0002507
29.47099159	-0.00027101
29.48099192	-0.00028983
29.49099226	-0.00030666
29.5009926	-0.00032149
29.51099293	-0.000335
29.52099327	-0.00034794
29.53099361	-0.00036071
29.54099394	-0.00037347
29.55099428	-0.00038593
29.56099462	-0.00039729
29.57099495	-0.00040695
29.58099529	-0.00041513
29.59099563	-0.00042218
29.60099596	-0.00042778
29.6109963	-0.00043135
29.62099664	-0.00043294
29.63099697	-0.00043301
29.64099731	-0.00043166
29.65099764	-0.0004287
29.66099798	-0.00042423
29.67099832	-0.0004186
29.68099865	-0.00041197
29.69099899	-0.00040426
29.70099933	-0.00039536
29.71099966	-0.00038504
29.721	-0.00037277
#N/A	#N/A
#N/A	#N/A
#N/A	#N/A
#N/A	#N/A
#N/A	#N/A
#N/A	#N/A
#N/A	#N/A
#N/A	#N/A
#N/A	#N/A
#N/A	#N/A
#N/A	#N/A
#N/A	#N/A
#N/A	#N/A
#N/A	#N/A
