0	0
0.010000336	-8.6513E-07
0.020000673	-0.000001569
0.030001009	-2.0384E-06
0.040001346	-2.3269E-06
0.050001682	-0.000002692
0.060002019	-3.4453E-06
0.070002355	-4.4938E-06
0.080002692	-4.9823E-06
0.090003028	-3.6188E-06
0.100003365	5.1737E-07
0.110003701	7.5892E-06
0.120004038	0.000017387
0.130004374	0.000029818
0.140004711	0.000044927
0.150005047	0.000062736
0.160005384	0.000083271
0.17000572	0.00010661
0.180006057	0.00013275
0.190006393	0.00016164
0.200006729	0.00019332
0.210007066	0.00022783
0.220007402	0.00026466
0.230007739	0.00030249
0.240008075	0.00033975
0.250008412	0.00037548
0.260008748	0.00040968
0.270009085	0.00044301
0.280009421	0.00047625
0.290009758	0.00050994
0.300010094	0.00054448
0.310010431	0.00058023
0.320010767	0.00061729
0.330011104	0.00065534
0.34001144	0.00069373
0.350011777	0.00073185
0.360012113	0.00076935
0.37001245	0.0008062
0.380012786	0.00084281
0.390013122	0.00087979
0.400013459	0.0009175
0.410013795	0.00095586
0.420014132	0.00099447
0.430014468	0.0010325
0.440014805	0.0010687
0.450015141	0.0011018
0.460015478	0.0011314
0.470015814	0.0011581
0.480016151	0.001183
0.490016487	0.0012073
0.500016824	0.001232
0.51001716	0.0012575
0.520017497	0.0012831
0.530017833	0.0013078
0.54001817	0.0013319
0.550018506	0.0013569
0.560018843	0.0013848
0.570019179	0.0014164
0.580019515	0.0014518
0.590019852	0.0014915
0.600020188	0.0015351
0.610020525	0.0015806
0.620020861	0.0016245
0.630021198	0.0016642
0.640021534	0.0017002
0.650021871	0.0017354
0.660022207	0.0017719
0.670022544	0.00181
0.68002288	0.0018497
0.690023217	0.0018909
0.700023553	0.0019322
0.71002389	0.0019699
0.720024226	0.0020008
0.730024563	0.0020248
0.740024899	0.0020455
0.750025236	0.0020679
0.760025572	0.0020961
0.770025908	0.0021325
0.780026245	0.0021756
0.790026581	0.0022198
0.800026918	0.0022575
0.810027254	0.0022838
0.820027591	0.0022991
0.830027927	0.0023074
0.840028264	0.002313
0.8500286	0.0023196
0.860028937	0.0023309
0.870029273	0.0023497
0.88002961	0.0023767
0.890029946	0.0024088
0.900030283	0.0024413
0.910030619	0.0024703
0.920030956	0.0024931
0.930031292	0.0025074
0.940031629	0.0025135
0.950031965	0.0025149
0.960032301	0.0025157
0.970032638	0.002518
0.980032974	0.0025216
0.990033311	0.0025262
1.000033647	0.0025309
1.010033984	0.002533
1.02003432	0.0025306
1.030034657	0.0025246
1.040034993	0.0025179
1.05003533	0.0025117
1.060035666	0.0025039
1.070036003	0.0024916
1.080036339	0.002474
1.090036676	0.0024526
1.100037012	0.0024295
1.110037349	0.0024069
1.120037685	0.0023873
1.130038022	0.0023739
1.140038358	0.0023676
1.150038694	0.002364
1.160039031	0.0023555
1.170039367	0.0023386
1.180039704	0.0023174
1.19004004	0.0022986
1.200040377	0.0022856
1.210040713	0.0022781
1.22004105	0.0022753
1.230041386	0.0022765
1.240041723	0.0022801
1.250042059	0.0022859
1.260042396	0.0022963
1.270042732	0.0023134
1.280043069	0.0023342
1.290043405	0.002353
1.300043742	0.0023655
1.310044078	0.0023695
1.320044415	0.0023634
1.330044751	0.0023481
1.340045087	0.002328
1.350045424	0.0023076
1.36004576	0.0022852
1.370046097	0.0022538
1.380046433	0.0022092
1.39004677	0.0021534
1.400047106	0.0020916
1.410047443	0.0020277
1.420047779	0.0019651
1.430048116	0.0019078
1.440048452	0.0018559
1.450048789	0.0018009
1.460049125	0.0017295
1.470049462	0.0016344
1.480049798	0.0015191
1.490050135	0.0013937
1.500050471	0.0012681
1.510050808	0.0011498
1.520051144	0.0010451
1.53005148	0.00095673
1.540051817	0.00088158
1.550052153	0.00081135
1.56005249	0.00073752
1.570052826	0.00065433
1.580053163	0.00055835
1.590053499	0.00044768
1.600053836	0.00032288
1.610054172	0.00018701
1.620054509	0.000043145
1.630054845	-0.00010745
1.640055182	-0.00026328
1.650055518	-0.00042027
1.660055855	-0.0005741
1.670056191	-0.00072544
1.680056528	-0.00088055
1.690056864	-0.0010445
1.700057201	-0.0012136
1.710057537	-0.0013763
1.720057873	-0.0015205
1.73005821	-0.0016425
1.740058546	-0.0017456
1.750058883	-0.0018337
1.760059219	-0.0019058
1.770059556	-0.0019581
1.780059892	-0.0019895
1.790060229	-0.0020047
1.800060565	-0.0020141
1.810060902	-0.0020318
1.820061238	-0.0020714
1.830061575	-0.0021394
1.840061911	-0.002231
1.850062248	-0.0023345
1.860062584	-0.0024398
1.870062921	-0.0025437
1.880063257	-0.00265
1.890063594	-0.0027665
1.90006393	-0.0029004
1.910064266	-0.0030535
1.920064603	-0.0032211
1.930064939	-0.0033961
1.940065276	-0.0035743
1.950065612	-0.0037553
1.960065949	-0.0039375
1.970066285	-0.0041145
1.980066622	-0.0042769
1.990066958	-0.0044176
2.000067295	-0.0045364
2.010067631	-0.0046393
2.020067968	-0.0047347
2.030068304	-0.004826
2.040068641	-0.0049067
2.050068977	-0.0049628
2.060069314	-0.0049835
2.07006965	-0.0049742
2.080069987	-0.0049589
2.090070323	-0.0049681
2.100070659	-0.0050228
2.110070996	-0.0051292
2.120071332	-0.005282
2.130071669	-0.0054717
2.140072005	-0.0056903
2.150072342	-0.005936
2.160072678	-0.0062127
2.170073015	-0.0065223
2.180073351	-0.0068585
2.190073688	-0.0072058
2.200074024	-0.0075471
2.210074361	-0.0078675
2.220074697	-0.0081531
2.230075034	-0.008387
2.24007537	-0.0085508
2.250075707	-0.0086308
2.260076043	-0.0086196
2.27007638	-0.0085119
2.280076716	-0.008303
2.290077052	-0.0079944
2.300077389	-0.007601
2.310077725	-0.0071513
2.320078062	-0.0066793
2.330078398	-0.0062168
2.340078735	-0.0057892
2.350079071	-0.0054146
2.360079408	-0.0051028
2.370079744	-0.0048584
2.380080081	-0.0046838
2.390080417	-0.004581
2.400080754	-0.0045495
2.41008109	-0.0045812
2.420081427	-0.0046566
2.430081763	-0.0047457
2.4400821	-0.0048145
2.450082436	-0.004831
2.460082773	-0.0047679
2.470083109	-0.0046033
2.480083445	-0.0043205
2.490083782	-0.0039081
2.500084118	-0.0033578
2.510084455	-0.0026634
2.520084791	-0.0018215
2.530085128	-0.00083147
2.540085464	0.00030478
2.550085801	0.0015837
2.560086137	0.0030009
2.570086474	0.0045517
2.58008681	0.0062274
2.590087147	0.0080053
2.600087483	0.0098416
2.61008782	0.011673
2.620088156	0.013428
2.630088493	0.015041
2.640088829	0.01646
2.650089166	0.017656
2.660089502	0.018613
2.670089838	0.01932
2.680090175	0.01977
2.690090511	0.019959
2.700090848	0.019884
2.710091184	0.019549
2.720091521	0.018954
2.730091857	0.018099
2.740092194	0.016984
2.75009253	0.015606
2.760092867	0.013965
2.770093203	0.012075
2.78009354	0.0099777
2.790093876	0.0077345
2.800094213	0.0054111
2.810094549	0.0030601
2.820094886	0.00071918
2.830095222	-0.0015815
2.840095559	-0.0038128
2.850095895	-0.0059467
2.860096231	-0.0079593
2.870096568	-0.0098335
2.880096904	-0.011557
2.890097241	-0.01312
2.900097577	-0.014514
2.910097914	-0.015728
2.92009825	-0.016749
2.930098587	-0.017566
2.940098923	-0.018167
2.95009926	-0.018545
2.960099596	-0.018703
2.970099933	-0.018662
2.980100269	-0.018467
2.990100606	-0.018176
3.000100942	-0.017838
3.010101279	-0.017486
3.020101615	-0.017141
3.030101952	-0.016817
3.040102288	-0.016525
3.050102624	-0.016276
3.060102961	-0.016074
3.070103297	-0.015918
3.080103634	-0.0158
3.09010397	-0.0157
3.100104307	-0.015588
3.110104643	-0.015432
3.12010498	-0.0152
3.130105316	-0.014872
3.140105653	-0.014433
3.150105989	-0.013875
3.160106326	-0.013185
3.170106662	-0.012363
3.180106999	-0.011429
3.190107335	-0.010432
3.200107672	-0.0094311
3.210108008	-0.0084751
3.220108345	-0.007596
3.230108681	-0.006813
3.240109017	-0.0061372
3.250109354	-0.0055747
3.26010969	-0.0051332
3.270110027	-0.0048245
3.280110363	-0.0046626
3.2901107	-0.0046602
3.300111036	-0.0048296
3.310111373	-0.0051794
3.320111709	-0.0057032
3.330112046	-0.0063724
3.340112382	-0.0071455
3.350112719	-0.0079852
3.360113055	-0.0088656
3.370113392	-0.0097662
3.380113728	-0.010667
3.390114065	-0.011547
3.400114401	-0.012389
3.410114738	-0.013173
3.420115074	-0.013877
3.43011541	-0.014477
3.440115747	-0.014954
3.450116083	-0.015293
3.46011642	-0.015487
3.470116756	-0.015529
3.480117093	-0.015409
3.490117429	-0.015117
3.500117766	-0.014642
3.510118102	-0.013979
3.520118439	-0.013124
3.530118775	-0.012076
3.540119112	-0.01084
3.550119448	-0.0094306
3.560119785	-0.0078744
3.570120121	-0.006205
3.580120458	-0.0044664
3.590120794	-0.0027102
3.600121131	-0.00098506
3.610121467	0.00067521
3.620121803	0.0022543
3.63012214	0.0037465
3.640122476	0.0051491
3.650122813	0.0064574
3.660123149	0.007665
3.670123486	0.0087687
3.680123822	0.0097751
3.690124159	0.010702
3.700124495	0.011571
3.710124832	0.012401
3.720125168	0.01321
3.730125505	0.01402
3.740125841	0.014859
3.750126178	0.015756
3.760126514	0.016733
3.770126851	0.017807
3.780127187	0.018989
3.790127524	0.020292
3.80012786	0.021727
3.810128197	0.023302
3.820128533	0.02502
3.830128869	0.026876
3.840129206	0.028857
3.850129542	0.030939
3.860129879	0.033085
3.870130215	0.035251
3.880130552	0.037396
3.890130888	0.039487
3.900131225	0.041498
3.910131561	0.043407
3.920131898	0.045194
3.930132234	0.046844
3.940132571	0.048339
3.950132907	0.049666
3.960133244	0.050811
3.97013358	0.051764
3.980133917	0.052518
3.990134253	0.053061
4.00013459	0.05338
4.010134926	0.053463
4.020135262	0.053298
4.030135599	0.052879
4.040135935	0.052214
4.050136272	0.051322
4.060136608	0.050238
4.070136945	0.049003
4.080137281	0.047651
4.090137618	0.046205
4.100137954	0.044671
4.110138291	0.043053
4.120138627	0.041349
4.130138964	0.039558
4.1401393	0.037682
4.150139637	0.035735
4.160139973	0.033736
4.17014031	0.031705
4.180140646	0.029664
4.190140983	0.027633
4.200141319	0.025629
4.210141655	0.023669
4.220141992	0.021762
4.230142328	0.019922
4.240142665	0.018162
4.250143001	0.016494
4.260143338	0.01492
4.270143674	0.013434
4.280144011	0.012025
4.290144347	0.010675
4.300144684	0.0093676
4.31014502	0.0080864
4.320145357	0.0068222
4.330145693	0.0055697
4.34014603	0.0043249
4.350146366	0.0030835
4.360146703	0.0018422
4.370147039	0.00060026
4.380147376	-0.00063911
4.390147712	-0.0018696
4.400148048	-0.003082
4.410148385	-0.0042641
4.420148721	-0.0054013
4.430149058	-0.0064792
4.440149394	-0.0074852
4.450149731	-0.0084079
4.460150067	-0.0092365
4.470150404	-0.0099655
4.48015074	-0.010599
4.490151077	-0.011154
4.500151413	-0.011651
4.51015175	-0.012112
4.520152086	-0.012549
4.530152423	-0.012964
4.540152759	-0.013347
4.550153096	-0.013684
4.560153432	-0.013959
4.570153769	-0.014162
4.580154105	-0.014286
4.590154441	-0.014327
4.600154778	-0.014285
4.610155114	-0.014165
4.620155451	-0.013983
4.630155787	-0.013775
4.640156124	-0.013584
4.65015646	-0.01345
4.660156797	-0.013399
4.670157133	-0.013445
4.68015747	-0.013599
4.690157806	-0.013864
4.700158143	-0.014245
4.710158479	-0.014746
4.720158816	-0.015372
4.730159152	-0.016114
4.740159489	-0.01695
4.750159825	-0.017846
4.760160162	-0.018767
4.770160498	-0.019689
4.780160834	-0.020597
4.790161171	-0.021479
4.800161507	-0.022319
4.810161844	-0.023097
4.82016218	-0.023792
4.830162517	-0.024396
4.840162853	-0.024909
4.85016319	-0.025344
4.860163526	-0.025719
4.870163863	-0.026046
4.880164199	-0.026338
4.890164536	-0.026603
4.900164872	-0.026841
4.910165209	-0.027047
4.920165545	-0.027214
4.930165882	-0.027331
4.940166218	-0.027392
4.950166555	-0.027396
4.960166891	-0.027345
4.970167227	-0.027249
4.980167564	-0.027116
4.9901679	-0.026959
5.000168237	-0.026789
5.010168573	-0.026616
5.02016891	-0.026446
5.030169246	-0.026282
5.040169583	-0.026124
5.050169919	-0.025972
5.060170256	-0.025822
5.070170592	-0.025671
5.080170929	-0.025517
5.090171265	-0.025354
5.100171602	-0.025173
5.110171938	-0.024961
5.120172275	-0.024704
5.130172611	-0.02439
5.140172948	-0.024011
5.150173284	-0.023562
5.16017362	-0.023048
5.170173957	-0.022476
5.180174293	-0.021863
5.19017463	-0.021232
5.200174966	-0.020605
5.210175303	-0.020003
5.220175639	-0.019442
5.230175976	-0.018937
5.240176312	-0.018494
5.250176649	-0.018119
5.260176985	-0.017807
5.270177322	-0.017549
5.280177658	-0.017329
5.290177995	-0.017132
5.300178331	-0.016948
5.310178668	-0.016771
5.320179004	-0.016597
5.330179341	-0.01642
5.340179677	-0.016233
5.350180013	-0.016032
5.36018035	-0.015812
5.370180686	-0.015572
5.380181023	-0.015311
5.390181359	-0.015027
5.400181696	-0.014713
5.410182032	-0.014362
5.420182369	-0.013963
5.430182705	-0.013508
5.440183042	-0.012992
5.450183378	-0.012411
5.460183715	-0.011764
5.470184051	-0.011052
5.480184388	-0.010274
5.490184724	-0.0094324
5.500185061	-0.0085324
5.510185397	-0.0075827
5.520185734	-0.0065981
5.53018607	-0.0055955
5.540186406	-0.0045896
5.550186743	-0.0035897
5.560187079	-0.0026009
5.570187416	-0.0016262
5.580187752	-0.00066731
5.590188089	0.00027597
5.600188425	0.0012059
5.610188762	0.0021234
5.620189098	0.003025
5.630189435	0.0039012
5.640189771	0.0047388
5.650190108	0.0055239
5.660190444	0.0062435
5.670190781	0.0068882
5.680191117	0.0074518
5.690191454	0.0079313
5.70019179	0.008325
5.710192127	0.0086313
5.720192463	0.008849
5.730192799	0.0089771
5.740193136	0.0090153
5.750193472	0.0089653
5.760193809	0.0088309
5.770194145	0.0086182
5.780194482	0.0083347
5.790194818	0.007987
5.800195155	0.0075798
5.810195491	0.0071165
5.820195828	0.0066005
5.830196164	0.0060354
5.840196501	0.0054264
5.850196837	0.0047796
5.860197174	0.0041027
5.87019751	0.003405
5.880197847	0.0026987
5.890198183	0.0019993
5.90019852	0.0013237
5.910198856	0.000687
5.920199192	0.00010067
5.930199529	-0.0004263
5.940199865	-0.00088636
5.950200202	-0.0012743
5.960200538	-0.0015888
5.970200875	-0.0018333
5.980201211	-0.0020132
5.990201548	-0.002134
6.000201884	-0.0021988
6.010202221	-0.0022087
6.020202557	-0.0021623
6.030202894	-0.0020565
6.04020323	-0.0018869
6.050203567	-0.00165
6.060203903	-0.0013443
6.07020424	-0.00096951
6.080204576	-0.00052543
6.090204913	-0.00001183
6.100205249	0.00057038
6.110205585	0.0012183
6.120205922	0.0019274
6.130206258	0.002692
6.140206595	0.0035046
6.150206931	0.0043555
6.160207268	0.0052333
6.170207604	0.0061267
6.180207941	0.0070252
6.190208277	0.0079196
6.200208614	0.0088015
6.21020895	0.0096641
6.220209287	0.010502
6.230209623	0.011313
6.24020996	0.012094
6.250210296	0.012842
6.260210633	0.013553
6.270210969	0.014224
6.280211306	0.014854
6.290211642	0.015443
6.300211978	0.015998
6.310212315	0.016529
6.320212651	0.017046
6.330212988	0.017558
6.340213324	0.018067
6.350213661	0.018573
6.360213997	0.019071
6.370214334	0.019559
6.38021467	0.02003
6.390215007	0.020481
6.400215343	0.020906
6.41021568	0.021305
6.420216016	0.021675
6.430216353	0.02202
6.440216689	0.022341
6.450217026	0.022643
6.460217362	0.022927
6.470217699	0.023194
6.480218035	0.023441
6.490218371	0.023664
6.500218708	0.023858
6.510219044	0.024018
6.520219381	0.024137
6.530219717	0.024211
6.540220054	0.024235
6.55022039	0.024205
6.560220727	0.024117
6.570221063	0.023967
6.5802214	0.023755
6.590221736	0.023483
6.600222073	0.023153
6.610222409	0.022768
6.620222746	0.022334
6.630223082	0.021854
6.640223419	0.021335
6.650223755	0.020781
6.660224092	0.020201
6.670224428	0.0196
6.680224764	0.018981
6.690225101	0.018345
6.700225437	0.017693
6.710225774	0.017027
6.72022611	0.016348
6.730226447	0.015664
6.740226783	0.014979
6.75022712	0.014299
6.760227456	0.013624
6.770227793	0.012953
6.780228129	0.012283
6.790228466	0.01161
6.800228802	0.010931
6.810229139	0.010243
6.820229475	0.0095449
6.830229812	0.0088374
6.840230148	0.0081254
6.850230485	0.007415
6.860230821	0.006713
6.870231157	0.0060261
6.880231494	0.0053601
6.89023183	0.0047193
6.900232167	0.0041072
6.910232503	0.0035289
6.92023284	0.0029916
6.930233176	0.0025039
6.940233513	0.0020727
6.950233849	0.0017021
6.960234186	0.0013918
6.970234522	0.0011377
6.980234859	0.0009312
6.990235195	0.0007613
7.000235532	0.00061675
7.010235868	0.00048915
7.020236205	0.00037379
7.030236541	0.00026841
7.040236878	0.00017135
7.050237214	0.000081191
7.06023755	-2.6679E-06
7.070237887	-0.000080187
7.080238223	-0.00015182
7.09023856	-0.00021941
7.100238896	-0.0002862
7.110239233	-0.00035633
7.120239569	-0.00043407
7.130239906	-0.000523
7.140240242	-0.00062541
7.150240579	-0.00074243
7.160240915	-0.0008747
7.170241252	-0.0010231
7.180241588	-0.0011893
7.190241925	-0.001376
7.200242261	-0.0015861
7.210242598	-0.0018212
7.220242934	-0.0020803
7.230243271	-0.002359
7.240243607	-0.0026508
7.250243943	-0.0029479
7.26024428	-0.0032423
7.270244616	-0.0035269
7.280244953	-0.003796
7.290245289	-0.0040455
7.300245626	-0.004273
7.310245962	-0.0044775
7.320246299	-0.0046585
7.330246635	-0.0048166
7.340246972	-0.0049531
7.350247308	-0.00507
7.360247645	-0.0051681
7.370247981	-0.0052476
7.380248318	-0.0053085
7.390248654	-0.0053513
7.400248991	-0.0053765
7.410249327	-0.0053852
7.420249664	-0.0053789
7.43025	-0.0053599
7.440250336	-0.0053301
7.450250673	-0.0052905
7.460251009	-0.0052407
7.470251346	-0.0051799
7.480251682	-0.0051078
7.490252019	-0.0050257
7.500252355	-0.0049371
7.510252692	-0.004847
7.520253028	-0.0047615
7.530253365	-0.0046871
7.540253701	-0.0046304
7.550254038	-0.004596
7.560254374	-0.0045863
7.570254711	-0.0046008
7.580255047	-0.0046366
7.590255384	-0.0046886
7.60025572	-0.0047499
7.610256057	-0.0048145
7.620256393	-0.0048786
7.630256729	-0.0049413
7.640257066	-0.005003
7.650257402	-0.0050648
7.660257739	-0.0051279
7.670258075	-0.0051943
7.680258412	-0.0052661
7.690258748	-0.0053457
7.700259085	-0.0054342
7.710259421	-0.00553
7.720259758	-0.0056288
7.730260094	-0.0057254
7.740260431	-0.0058169
7.750260767	-0.005904
7.760261104	-0.0059903
7.77026144	-0.0060808
7.780261777	-0.0061816
7.790262113	-0.0062986
7.80026245	-0.0064359
7.810262786	-0.0065953
7.820263122	-0.0067771
7.830263459	-0.0069814
7.840263795	-0.0072082
7.850264132	-0.0074572
7.860264468	-0.0077277
7.870264805	-0.0080187
7.880265141	-0.0083277
7.890265478	-0.0086498
7.900265814	-0.0089791
7.910266151	-0.0093103
7.920266487	-0.0096404
7.930266824	-0.009968
7.94026716	-0.010292
7.950267497	-0.010611
7.960267833	-0.010922
7.97026817	-0.011223
7.980268506	-0.011513
7.990268843	-0.011791
8.000269179	-0.012057
8.010269515	-0.012312
8.020269852	-0.012557
8.030270188	-0.01279
8.040270525	-0.013008
8.050270861	-0.013202
8.060271198	-0.013369
8.070271534	-0.013504
8.080271871	-0.013603
8.090272207	-0.013666
8.100272544	-0.01369
8.11027288	-0.013677
8.120273217	-0.013626
8.130273553	-0.013539
8.14027389	-0.013421
8.150274226	-0.013276
8.160274563	-0.01311
8.170274899	-0.012924
8.180275236	-0.01272
8.190275572	-0.012493
8.200275908	-0.012241
8.210276245	-0.011958
8.220276581	-0.01164
8.230276918	-0.011288
8.240277254	-0.010902
8.250277591	-0.010484
8.260277927	-0.010036
8.270278264	-0.0095604
8.2802786	-0.0090608
8.290278937	-0.0085397
8.300279273	-0.0079994
8.31027961	-0.0074411
8.320279946	-0.0068652
8.330280283	-0.0062722
8.340280619	-0.0056641
8.350280956	-0.0050451
8.360281292	-0.0044221
8.370281629	-0.0038029
8.380281965	-0.0031934
8.390282301	-0.0025963
8.400282638	-0.0020127
8.410282974	-0.0014435
8.420283311	-0.00089012
8.430283647	-0.00035389
8.440283984	0.00016491
8.45028432	0.00066652
8.460284657	0.0011515
8.470284993	0.0016211
8.48028533	0.0020768
8.490285666	0.0025201
8.500286003	0.002951
8.510286339	0.0033677
8.520286676	0.0037669
8.530287012	0.004145
8.540287349	0.0044993
8.550287685	0.0048285
8.560288022	0.0051323
8.570288358	0.0054107
8.580288694	0.0056639
8.590289031	0.0058927
8.600289367	0.0060989
8.610289704	0.0062853
8.62029004	0.006455
8.630290377	0.0066098
8.640290713	0.0067498
8.65029105	0.006874
8.660291386	0.0069805
8.670291723	0.0070665
8.680292059	0.0071289
8.690292396	0.0071645
8.700292732	0.0071712
8.710293069	0.0071475
8.720293405	0.007093
8.730293742	0.0070085
8.740294078	0.0068962
8.750294415	0.0067593
8.760294751	0.0066009
8.770295087	0.0064237
8.780295424	0.0062283
8.79029576	0.0060142
8.800296097	0.0057803
8.810296433	0.0055272
8.82029677	0.005257
8.830297106	0.0049731
8.840297443	0.0046792
8.850297779	0.0043785
8.860298116	0.0040734
8.870298452	0.003767
8.880298789	0.0034638
8.890299125	0.0031699
8.900299462	0.0028909
8.910299798	0.0026301
8.920300135	0.0023889
8.930300471	0.0021674
8.940300808	0.0019639
8.950301144	0.0017754
8.96030148	0.0015972
8.970301817	0.001425
8.980302153	0.0012562
8.99030249	0.0010907
9.000302826	0.00092941
9.010303163	0.00077338
9.020303499	0.00062334
9.030303836	0.00047998
9.040304172	0.00034429
9.050304509	0.00021798
9.060304845	0.00010357
9.070305182	4.1808E-06
9.080305518	-0.000077131
9.090305855	-0.00013815
9.100306191	-0.00017781
9.110306528	-0.00019585
9.120306864	-0.00019222
9.130307201	-0.00016695
9.140307537	-0.00012045
9.150307873	-0.000053689
9.16030821	0.000032342
9.170308546	0.00013721
9.180308883	0.00026112
9.190309219	0.00040462
9.200309556	0.00056834
9.210309892	0.00075281
9.220310229	0.0009584
9.230310565	0.0011854
9.240310902	0.0014339
9.250311238	0.0017041
9.260311575	0.0019953
9.270311911	0.0023066
9.280312248	0.0026366
9.290312584	0.0029838
9.300312921	0.0033471
9.310313257	0.0037258
9.320313594	0.0041186
9.33031393	0.0045226
9.340314266	0.0049327
9.350314603	0.0053443
9.360314939	0.0057543
9.370315276	0.0061611
9.380315612	0.0065621
9.390315949	0.0069537
9.400316285	0.0073317
9.410316622	0.0076932
9.420316958	0.0080366
9.430317295	0.0083617
9.440317631	0.0086693
9.450317968	0.0089603
9.460318304	0.0092359
9.470318641	0.0094962
9.480318977	0.00974
9.490319314	0.0099655
9.50031965	0.010171
9.510319987	0.010358
9.520320323	0.010526
9.530320659	0.010676
9.540320996	0.010806
9.550321332	0.010916
9.560321669	0.011007
9.570322005	0.011076
9.580322342	0.011123
9.590322678	0.011147
9.600323015	0.011147
9.610323351	0.011122
9.620323688	0.011071
9.630324024	0.010995
9.640324361	0.010893
9.650324697	0.010764
9.660325034	0.010609
9.67032537	0.010425
9.680325707	0.010213
9.690326043	0.0099736
9.70032638	0.0097069
9.710326716	0.0094133
9.720327052	0.0090925
9.730327389	0.0087446
9.740327725	0.0083696
9.750328062	0.0079676
9.760328398	0.0075389
9.770328735	0.007084
9.780329071	0.0066031
9.790329408	0.0060956
9.800329744	0.0055609
9.810330081	0.0049987
9.820330417	0.0044085
9.830330754	0.0037895
9.84033109	0.0031422
9.850331427	0.0024694
9.860331763	0.001776
9.8703321	0.0010673
9.880332436	0.00034785
9.890332773	-0.000379
9.900333109	-0.0011109
9.910333445	-0.001846
9.920333782	-0.0025826
9.930334118	-0.0033194
9.940334455	-0.0040549
9.950334791	-0.0047871
9.960335128	-0.0055129
9.970335464	-0.0062279
9.980335801	-0.0069279
9.990336137	-0.0076088
10.00033647	-0.0082653
10.01033681	-0.008892
10.02033715	-0.0094847
10.03033748	-0.010041
10.04033782	-0.010559
10.05033816	-0.011037
10.06033849	-0.01147
10.07033883	-0.011856
10.08033917	-0.012193
10.0903395	-0.01248
10.10033984	-0.012715
10.11034017	-0.0129
10.12034051	-0.013036
10.13034085	-0.013122
10.14034118	-0.013161
10.15034152	-0.013153
10.16034186	-0.013096
10.17034219	-0.012992
10.18034253	-0.012841
10.19034287	-0.012645
10.2003432	-0.012406
10.21034354	-0.012127
10.22034388	-0.011812
10.23034421	-0.011463
10.24034455	-0.011085
10.25034489	-0.010681
10.26034522	-0.010254
10.27034556	-0.0098067
10.2803459	-0.0093413
10.29034623	-0.0088592
10.30034657	-0.0083608
10.3103469	-0.0078461
10.32034724	-0.0073163
10.33034758	-0.0067735
10.34034791	-0.0062206
10.35034825	-0.0056598
10.36034859	-0.0050928
10.37034892	-0.004522
10.38034926	-0.0039505
10.3903496	-0.0033815
10.40034993	-0.0028179
10.41035027	-0.0022627
10.42035061	-0.0017195
10.43035094	-0.0011917
10.44035128	-0.00068189
10.45035162	-0.00019162
10.46035195	0.00027761
10.47035229	0.00072382
10.48035262	0.0011448
10.49035296	0.0015389
10.5003533	0.0019052
10.51035363	0.0022437
10.52035397	0.0025554
10.53035431	0.002842
10.54035464	0.0031063
10.55035498	0.0033503
10.56035532	0.0035754
10.57035565	0.0037825
10.58035599	0.0039723
10.59035633	0.0041456
10.60035666	0.0043031
10.610357	0.0044448
10.62035734	0.0045707
10.63035767	0.0046801
10.64035801	0.0047724
10.65035834	0.0048478
10.66035868	0.0049073
10.67035902	0.0049522
10.68035935	0.0049827
10.69035969	0.0049984
10.70036003	0.0049979
10.71036036	0.0049787
10.7203607	0.0049382
10.73036104	0.0048743
10.74036137	0.0047868
10.75036171	0.0046768
10.76036205	0.0045476
10.77036238	0.0044041
10.78036272	0.004252
10.79036306	0.0040961
10.80036339	0.0039391
10.81036373	0.0037821
10.82036406	0.0036253
10.8303644	0.0034691
10.84036474	0.003314
10.85036507	0.00316
10.86036541	0.003007
10.87036575	0.002855
10.88036608	0.0027034
10.89036642	0.0025517
10.90036676	0.0023988
10.91036709	0.0022438
10.92036743	0.0020862
10.93036777	0.0019254
10.9403681	0.0017602
10.95036844	0.001589
10.96036878	0.0014104
10.97036911	0.0012246
10.98036945	0.0010329
10.99036978	0.00083701
11.00037012	0.00063732
11.01037046	0.00043328
11.02037079	0.00022407
11.03037113	9.8555E-06
11.04037147	-0.00020774
11.0503718	-0.00042631
11.06037214	-0.0006438
11.07037248	-0.0008591
11.08037281	-0.0010719
11.09037315	-0.0012823
11.10037349	-0.0014909
11.11037382	-0.0016982
11.12037416	-0.0019044
11.1303745	-0.0021089
11.14037483	-0.0023109
11.15037517	-0.0025092
11.1603755	-0.0027018
11.17037584	-0.0028862
11.18037618	-0.0030598
11.19037651	-0.0032204
11.20037685	-0.003367
11.21037719	-0.0034987
11.22037752	-0.0036155
11.23037786	-0.003717
11.2403782	-0.0038034
11.25037853	-0.0038746
11.26037887	-0.0039298
11.27037921	-0.0039673
11.28037954	-0.0039845
11.29037988	-0.003979
11.30038022	-0.0039488
11.31038055	-0.0038933
11.32038089	-0.0038124
11.33038122	-0.0037068
11.34038156	-0.0035779
11.3503819	-0.0034271
11.36038223	-0.003255
11.37038257	-0.0030617
11.38038291	-0.002847
11.39038324	-0.0026109
11.40038358	-0.002354
11.41038392	-0.0020768
11.42038425	-0.0017794
11.43038459	-0.0014626
11.44038493	-0.0011279
11.45038526	-0.00077844
11.4603856	-0.00041773
11.47038594	-0.000049153
11.48038627	0.00032401
11.49038661	0.00069858
11.50038694	0.0010718
11.51038728	0.0014417
11.52038762	0.0018067
11.53038795	0.0021655
11.54038829	0.0025167
11.55038863	0.0028585
11.56038896	0.0031894
11.5703893	0.0035085
11.58038964	0.0038158
11.59038997	0.0041119
11.60039031	0.0043966
11.61039065	0.0046695
11.62039098	0.0049296
11.63039132	0.005176
11.64039166	0.0054084
11.65039199	0.0056274
11.66039233	0.0058345
11.67039266	0.0060308
11.680393	0.0062171
11.69039334	0.0063931
11.70039367	0.0065585
11.71039401	0.006713
11.72039435	0.0068564
11.73039468	0.0069881
11.74039502	0.0071075
11.75039536	0.0072135
11.76039569	0.0073055
11.77039603	0.0073829
11.78039637	0.0074447
11.7903967	0.0074884
11.80039704	0.0075112
11.81039738	0.0075112
11.82039771	0.0074872
11.83039805	0.0074383
11.84039838	0.0073636
11.85039872	0.0072632
11.86039906	0.0071382
11.87039939	0.0069906
11.88039973	0.0068224
11.89040007	0.0066348
11.9004004	0.006428
11.91040074	0.0062023
11.92040108	0.0059574
11.93040141	0.0056926
11.94040175	0.0054066
11.95040209	0.005099
11.96040242	0.0047705
11.97040276	0.0044232
11.9804031	0.0040594
11.99040343	0.0036813
12.00040377	0.0032914
12.0104041	0.0028921
12.02040444	0.0024854
12.03040478	0.0020733
12.04040511	0.0016575
12.05040545	0.0012395
12.06040579	0.00082046
12.07040612	0.00040145
12.08040646	-0.0000176
12.0904068	-0.00043815
12.10040713	-0.00086226
12.11040747	-0.0012911
12.12040781	-0.0017238
12.13040814	-0.0021581
12.14040848	-0.0025902
12.15040882	-0.0030153
12.16040915	-0.0034284
12.17040949	-0.0038255
12.18040983	-0.0042038
12.19041016	-0.0045611
12.2004105	-0.0048964
12.21041083	-0.0052093
12.22041117	-0.0054997
12.23041151	-0.0057672
12.24041184	-0.006011
12.25041218	-0.0062295
12.26041252	-0.0064213
12.27041285	-0.006586
12.28041319	-0.006724
12.29041353	-0.0068352
12.30041386	-0.0069183
12.3104142	-0.0069716
12.32041454	-0.0069939
12.33041487	-0.0069853
12.34041521	-0.0069461
12.35041555	-0.0068761
12.36041588	-0.0067754
12.37041622	-0.0066442
12.38041655	-0.0064826
12.39041689	-0.0062897
12.40041723	-0.0060638
12.41041756	-0.0058041
12.4204179	-0.0055113
12.43041824	-0.0051873
12.44041857	-0.0048338
12.45041891	-0.0044527
12.46041925	-0.0040456
12.47041958	-0.0036146
12.48041992	-0.0031625
12.49042026	-0.0026919
12.50042059	-0.0022051
12.51042093	-0.0017045
12.52042127	-0.0011925
12.5304216	-0.00067237
12.54042194	-0.00014769
12.55042227	0.00037797
12.56042261	0.00090172
12.57042295	0.0014214
12.58042328	0.0019349
12.59042362	0.0024402
12.60042396	0.0029347
12.61042429	0.0034163
12.62042463	0.0038829
12.63042497	0.0043334
12.6404253	0.0047662
12.65042564	0.0051796
12.66042598	0.0055714
12.67042631	0.0059392
12.68042665	0.0062802
12.69042699	0.0065916
12.70042732	0.0068706
12.71042766	0.007115
12.72042799	0.0073232
12.73042833	0.0074943
12.74042867	0.0076287
12.750429	0.0077275
12.76042934	0.0077925
12.77042968	0.0078252
12.78043001	0.0078275
12.79043035	0.007802
12.80043069	0.007752
12.81043102	0.0076798
12.82043136	0.007587
12.8304317	0.0074746
12.84043203	0.0073443
12.85043237	0.0071983
12.86043271	0.0070391
12.87043304	0.0068685
12.88043338	0.0066883
12.89043371	0.0065003
12.90043405	0.0063059
12.91043439	0.0061057
12.92043472	0.0058989
12.93043506	0.0056845
12.9404354	0.0054618
12.95043573	0.0052305
12.96043607	0.0049907
12.97043641	0.0047428
12.98043674	0.0044878
12.99043708	0.0042276
13.00043742	0.0039639
13.01043775	0.0036987
13.02043809	0.0034331
13.03043843	0.0031673
13.04043876	0.0029003
13.0504391	0.002631
13.06043943	0.0023582
13.07043977	0.0020815
13.08044011	0.0018015
13.09044044	0.0015196
13.10044078	0.0012378
13.11044112	0.00095846
13.12044145	0.00068381
13.13044179	0.00041607
13.14044213	0.000157
13.15044246	-0.000092038
13.1604428	-0.00033002
13.17044314	-0.00055645
13.18044347	-0.00077156
13.19044381	-0.00097588
13.20044415	-0.0011698
13.21044448	-0.0013537
13.22044482	-0.0015281
13.23044515	-0.0016935
13.24044549	-0.00185
13.25044583	-0.0019983
13.26044616	-0.0021397
13.2704465	-0.0022756
13.28044684	-0.0024062
13.29044717	-0.0025305
13.30044751	-0.0026472
13.31044785	-0.0027556
13.32044818	-0.0028551
13.33044852	-0.0029444
13.34044886	-0.0030221
13.35044919	-0.0030876
13.36044953	-0.0031418
13.37044987	-0.003186
13.3804502	-0.0032217
13.39045054	-0.0032503
13.40045087	-0.0032731
13.41045121	-0.0032918
13.42045155	-0.0033069
13.43045188	-0.0033178
13.44045222	-0.0033241
13.45045256	-0.0033261
13.46045289	-0.0033246
13.47045323	-0.00332
13.48045357	-0.0033128
13.4904539	-0.0033037
13.50045424	-0.003293
13.51045458	-0.0032816
13.52045491	-0.00327
13.53045525	-0.0032591
13.54045559	-0.0032494
13.55045592	-0.0032413
13.56045626	-0.0032354
13.57045659	-0.0032319
13.58045693	-0.0032304
13.59045727	-0.0032299
13.6004576	-0.0032296
13.61045794	-0.0032288
13.62045828	-0.0032273
13.63045861	-0.0032254
13.64045895	-0.0032235
13.65045929	-0.0032218
13.66045962	-0.0032203
13.67045996	-0.0032182
13.6804603	-0.003215
13.69046063	-0.0032097
13.70046097	-0.0032016
13.71046131	-0.0031898
13.72046164	-0.0031736
13.73046198	-0.003153
13.74046231	-0.0031276
13.75046265	-0.0030973
13.76046299	-0.0030616
13.77046332	-0.0030195
13.78046366	-0.0029698
13.790464	-0.0029118
13.80046433	-0.0028462
13.81046467	-0.0027745
13.82046501	-0.002698
13.83046534	-0.002618
13.84046568	-0.0025352
13.85046602	-0.0024505
13.86046635	-0.0023641
13.87046669	-0.002276
13.88046703	-0.0021867
13.89046736	-0.002098
13.9004677	-0.0020122
13.91046803	-0.0019312
13.92046837	-0.0018558
13.93046871	-0.0017868
13.94046904	-0.0017252
13.95046938	-0.0016712
13.96046972	-0.0016246
13.97047005	-0.0015844
13.98047039	-0.0015497
13.99047073	-0.0015199
14.00047106	-0.0014942
14.0104714	-0.001472
14.02047174	-0.0014526
14.03047207	-0.0014357
14.04047241	-0.0014213
14.05047275	-0.001409
14.06047308	-0.0013982
14.07047342	-0.0013886
14.08047376	-0.0013799
14.09047409	-0.0013718
14.10047443	-0.0013635
14.11047476	-0.001354
14.1204751	-0.0013431
14.13047544	-0.0013313
14.14047577	-0.0013194
14.15047611	-0.0013082
14.16047645	-0.0012986
14.17047678	-0.0012912
14.18047712	-0.0012863
14.19047746	-0.0012838
14.20047779	-0.001284
14.21047813	-0.0012873
14.22047847	-0.0012942
14.2304788	-0.0013051
14.24047914	-0.0013216
14.25047948	-0.0013451
14.26047981	-0.0013766
14.27048015	-0.0014157
14.28048048	-0.0014614
14.29048082	-0.0015125
14.30048116	-0.0015685
14.31048149	-0.0016287
14.32048183	-0.0016928
14.33048217	-0.0017606
14.3404825	-0.0018324
14.35048284	-0.0019079
14.36048318	-0.0019854
14.37048351	-0.0020625
14.38048385	-0.0021367
14.39048419	-0.0022066
14.40048452	-0.0022718
14.41048486	-0.0023317
14.4204852	-0.002386
14.43048553	-0.0024353
14.44048587	-0.0024808
14.4504862	-0.0025231
14.46048654	-0.0025625
14.47048688	-0.0025992
14.48048721	-0.0026341
14.49048755	-0.0026673
14.50048789	-0.002699
14.51048822	-0.0027292
14.52048856	-0.0027581
14.5304889	-0.0027863
14.54048923	-0.002814
14.55048957	-0.0028415
14.56048991	-0.0028687
14.57049024	-0.0028945
14.58049058	-0.002917
14.59049092	-0.0029331
14.60049125	-0.0029398
14.61049159	-0.0029344
14.62049192	-0.0029153
14.63049226	-0.0028815
14.6404926	-0.0028319
14.65049293	-0.002766
14.66049327	-0.0026833
14.67049361	-0.0025842
14.68049394	-0.0024689
14.69049428	-0.0023383
14.70049462	-0.0021931
14.71049495	-0.0020337
14.72049529	-0.0018605
14.73049563	-0.0016745
14.74049596	-0.001478
14.7504963	-0.001273
14.76049664	-0.001061
14.77049697	-0.00084231
14.78049731	-0.00061749
14.79049764	-0.00038718
14.80049798	-0.00015212
14.81049832	0.000087218
14.82049865	0.00033035
14.83049899	0.00057612
14.84049933	0.00082277
14.85049966	0.0010688
14.8605	0.001314
14.87050034	0.0015585
14.88050067	0.0018023
14.89050101	0.0020445
14.90050135	0.0022842
14.91050168	0.002521
14.92050202	0.0027546
14.93050236	0.0029847
14.94050269	0.0032106
14.95050303	0.0034317
14.96050336	0.0036477
14.9705037	0.0038581
14.98050404	0.0040629
14.99050437	0.0042623
15.00050471	0.0044558
15.01050505	0.0046425
15.02050538	0.0048212
15.03050572	0.0049916
15.04050606	0.0051541
15.05050639	0.0053094
15.06050673	0.0054579
15.07050707	0.0055991
15.0805074	0.0057323
15.09050774	0.0058573
15.10050808	0.0059738
15.11050841	0.006082
15.12050875	0.0061819
15.13050908	0.0062739
15.14050942	0.0063585
15.15050976	0.0064362
15.16051009	0.0065073
15.17051043	0.0065723
15.18051077	0.0066323
15.1905111	0.0066886
15.20051144	0.0067427
15.21051178	0.0067958
15.22051211	0.0068477
15.23051245	0.0068977
15.24051279	0.0069455
15.25051312	0.0069924
15.26051346	0.0070402
15.2705138	0.0070908
15.28051413	0.0071451
15.29051447	0.0072032
15.3005148	0.007265
15.31051514	0.0073293
15.32051548	0.0073945
15.33051581	0.0074591
15.34051615	0.0075226
15.35051649	0.0075849
15.36051682	0.0076459
15.37051716	0.0077046
15.3805175	0.0077593
15.39051783	0.0078085
15.40051817	0.007852
15.41051851	0.0078895
15.42051884	0.0079211
15.43051918	0.0079466
15.44051952	0.0079656
15.45051985	0.0079774
15.46052019	0.0079814
15.47052052	0.0079772
15.48052086	0.0079646
15.4905212	0.0079435
15.50052153	0.0079143
15.51052187	0.0078776
15.52052221	0.0078339
15.53052254	0.007783
15.54052288	0.007725
15.55052322	0.0076603
15.56052355	0.0075893
15.57052389	0.0075129
15.58052423	0.0074317
15.59052456	0.0073454
15.6005249	0.0072532
15.61052524	0.0071537
15.62052557	0.0070456
15.63052591	0.0069276
15.64052624	0.0067987
15.65052658	0.0066585
15.66052692	0.0065069
15.67052725	0.0063441
15.68052759	0.0061701
15.69052793	0.0059847
15.70052826	0.0057877
15.7105286	0.0055785
15.72052894	0.0053557
15.73052927	0.0051182
15.74052961	0.0048663
15.75052995	0.0046018
15.76053028	0.004327
15.77053062	0.0040438
15.78053096	0.0037547
15.79053129	0.0034621
15.80053163	0.0031688
15.81053197	0.0028762
15.8205323	0.0025851
15.83053264	0.0022955
15.84053297	0.0020076
15.85053331	0.0017218
15.86053365	0.0014381
15.87053398	0.0011556
15.88053432	0.00087369
15.89053466	0.00059253
15.90053499	0.00031256
15.91053533	0.000033938
15.92053567	-0.00024354
15.930536	-0.00051985
15.94053634	-0.00079449
15.95053668	-0.0010668
15.96053701	-0.001336
15.97053735	-0.0016011
15.98053769	-0.0018609
15.99053802	-0.0021144
16.00053836	-0.0023611
16.01053869	-0.0026007
16.02053903	-0.0028325
16.03053937	-0.0030558
16.0405397	-0.0032699
16.05054004	-0.0034745
16.06054038	-0.0036696
16.07054071	-0.0038548
16.08054105	-0.0040295
16.09054139	-0.0041929
16.10054172	-0.0043444
16.11054206	-0.0044837
16.1205424	-0.0046111
16.13054273	-0.0047275
16.14054307	-0.0048343
16.15054341	-0.0049326
16.16054374	-0.0050227
16.17054408	-0.0051045
16.18054441	-0.0051777
16.19054475	-0.0052412
16.20054509	-0.0052941
16.21054542	-0.0053363
16.22054576	-0.0053689
16.2305461	-0.0053924
16.24054643	-0.0054066
16.25054677	-0.005411
16.26054711	-0.0054062
16.27054744	-0.0053937
16.28054778	-0.0053757
16.29054812	-0.0053538
16.30054845	-0.0053289
16.31054879	-0.0053012
16.32054913	-0.0052703
16.33054946	-0.0052353
16.3405498	-0.005195
16.35055013	-0.0051481
16.36055047	-0.0050943
16.37055081	-0.005034
16.38055114	-0.0049677
16.39055148	-0.0048955
16.40055182	-0.0048173
16.41055215	-0.0047336
16.42055249	-0.0046443
16.43055283	-0.0045492
16.44055316	-0.0044476
16.4505535	-0.0043394
16.46055384	-0.0042255
16.47055417	-0.004107
16.48055451	-0.0039856
16.49055485	-0.0038628
16.50055518	-0.0037397
16.51055552	-0.0036166
16.52055585	-0.0034932
16.53055619	-0.0033691
16.54055653	-0.0032438
16.55055686	-0.0031173
16.5605572	-0.0029898
16.57055754	-0.0028611
16.58055787	-0.0027312
16.59055821	-0.0025998
16.60055855	-0.0024672
16.61055888	-0.0023335
16.62055922	-0.0021991
16.63055956	-0.0020652
16.64055989	-0.0019331
16.65056023	-0.0018037
16.66056057	-0.0016775
16.6705609	-0.0015544
16.68056124	-0.0014343
16.69056157	-0.0013172
16.70056191	-0.0012041
16.71056225	-0.0010968
16.72056258	-0.00099698
16.73056292	-0.00090488
16.74056326	-0.00081988
16.75056359	-0.00074129
16.76056393	-0.0006686
16.77056427	-0.0006013
16.7805646	-0.0005387
16.79056494	-0.0004801
16.80056528	-0.00042507
16.81056561	-0.00037311
16.82056595	-0.0003233
16.83056629	-0.0002743
16.84056662	-0.0002253
16.85056696	-0.00017663
16.86056729	-0.00012934
16.87056763	-0.000084303
16.88056797	-0.000042215
16.8905683	-4.1041E-06
16.90056864	0.000028867
16.91056898	0.000056219
16.92056931	0.000078568
16.93056965	0.000097443
16.94056999	0.0001151
16.95057032	0.00013429
16.96057066	0.00015761
16.970571	0.00018663
16.98057133	0.00022165
16.99057167	0.00026189
17.00057201	0.00030594
17.01057234	0.00035233
17.02057268	0.00040005
17.03057301	0.00044873
17.04057335	0.00049834
17.05057369	0.00054891
17.06057402	0.00060043
17.07057436	0.00065293
17.0805747	0.00070639
17.09057503	0.00076061
17.10057537	0.00081534
17.11057571	0.0008702
17.12057604	0.00092479
17.13057638	0.00097875
17.14057672	0.0010315
17.15057705	0.0010824
17.16057739	0.0011303
17.17057773	0.0011749
17.18057806	0.0012155
17.1905784	0.0012513
17.20057873	0.0012807
17.21057907	0.0013027
17.22057941	0.001317
17.23057974	0.0013234
17.24058008	0.0013215
17.25058042	0.0013107
17.26058075	0.0012908
17.27058109	0.0012623
17.28058143	0.0012259
17.29058176	0.0011822
17.3005821	0.0011324
17.31058244	0.0010776
17.32058277	0.0010198
17.33058311	0.00096078
17.34058345	0.00090173
17.35058378	0.00084302
17.36058412	0.00078486
17.37058445	0.0007276
17.38058479	0.00067148
17.39058513	0.00061621
17.40058546	0.00056084
17.4105858	0.00050396
17.42058614	0.00044406
17.43058647	0.00037979
17.44058681	0.00031027
17.45058715	0.0002351
17.46058748	0.00015417
17.47058782	0.000067437
17.48058816	-0.000025133
17.49058849	-0.0001235
17.50058883	-0.00022733
17.51058917	-0.00033579
17.5205895	-0.00044765
17.53058984	-0.00056147
17.54059017	-0.00067591
17.55059051	-0.0007901
17.56059085	-0.000904
17.57059118	-0.0010184
17.58059152	-0.0011339
17.59059186	-0.0012507
17.60059219	-0.0013678
17.61059253	-0.0014838
17.62059287	-0.0015975
17.6305932	-0.0017083
17.64059354	-0.0018166
17.65059388	-0.0019237
17.66059421	-0.0020317
17.67059455	-0.0021423
17.68059489	-0.0022574
17.69059522	-0.0023778
17.70059556	-0.0025027
17.7105959	-0.0026291
17.72059623	-0.0027524
17.73059657	-0.0028687
17.7405969	-0.0029759
17.75059724	-0.0030736
17.76059758	-0.0031623
17.77059791	-0.0032428
17.78059825	-0.0033159
17.79059859	-0.0033823
17.80059892	-0.0034415
17.81059926	-0.0034917
17.8205996	-0.0035318
17.83059993	-0.0035616
17.84060027	-0.0035814
17.85060061	-0.0035918
17.86060094	-0.0035931
17.87060128	-0.0035863
17.88060162	-0.0035732
17.89060195	-0.0035555
17.90060229	-0.0035345
17.91060262	-0.0035105
17.92060296	-0.003483
17.9306033	-0.0034518
17.94060363	-0.0034165
17.95060397	-0.0033767
17.96060431	-0.0033318
17.97060464	-0.0032814
17.98060498	-0.003225
17.99060532	-0.0031617
18.00060565	-0.0030903
18.01060599	-0.0030093
18.02060633	-0.0029175
18.03060666	-0.0028134
18.040607	-0.0026955
18.05060734	-0.002563
18.06060767	-0.002415
18.07060801	-0.002251
18.08060834	-0.0020706
18.09060868	-0.0018748
18.10060902	-0.0016654
18.11060935	-0.001445
18.12060969	-0.0012166
18.13061003	-0.00098372
18.14061036	-0.00074952
18.1506107	-0.00051693
18.16061104	-0.00028836
18.17061137	-0.000065416
18.18061171	0.00015194
18.19061205	0.00036566
18.20061238	0.00057846
18.21061272	0.00079239
18.22061306	0.0010087
18.23061339	0.0012287
18.24061373	0.0014537
18.25061406	0.0016847
18.2606144	0.001922
18.27061474	0.002166
18.28061507	0.0024175
18.29061541	0.0026769
18.30061575	0.0029433
18.31061608	0.0032139
18.32061642	0.0034855
18.33061676	0.0037551
18.34061709	0.0040206
18.35061743	0.0042808
18.36061777	0.0045353
18.3706181	0.0047843
18.38061844	0.0050284
18.39061878	0.0052685
18.40061911	0.0055053
18.41061945	0.0057392
18.42061978	0.0059702
18.43062012	0.0061982
18.44062046	0.0064229
18.45062079	0.0066434
18.46062113	0.0068584
18.47062147	0.0070665
18.4806218	0.0072666
18.49062214	0.0074574
18.50062248	0.007638
18.51062281	0.0078075
18.52062315	0.0079653
18.53062349	0.0081109
18.54062382	0.0082434
18.55062416	0.0083613
18.5606245	0.008463
18.57062483	0.0085467
18.58062517	0.0086105
18.5906255	0.0086532
18.60062584	0.0086742
18.61062618	0.0086728
18.62062651	0.0086489
18.63062685	0.0086028
18.64062719	0.0085349
18.65062752	0.0084455
18.66062786	0.0083356
18.6706282	0.0082073
18.68062853	0.0080635
18.69062887	0.0079065
18.70062921	0.0077377
18.71062954	0.0075575
18.72062988	0.0073658
18.73063022	0.0071626
18.74063055	0.0069477
18.75063089	0.0067215
18.76063122	0.0064847
18.77063156	0.0062392
18.7806319	0.0059877
18.79063223	0.0057324
18.80063257	0.0054739
18.81063291	0.0052113
18.82063324	0.0049436
18.83063358	0.0046705
18.84063392	0.0043916
18.85063425	0.0041063
18.86063459	0.0038142
18.87063493	0.0035151
18.88063526	0.003209
18.8906356	0.0028959
18.90063594	0.0025754
18.91063627	0.0022479
18.92063661	0.0019138
18.93063694	0.0015741
18.94063728	0.0012304
18.95063762	0.00088469
18.96063795	0.00053899
18.97063829	0.00019506
18.98063863	-0.00014586
18.99063896	-0.00048303
19.0006393	-0.0008161
19.01063964	-0.0011448
19.02063997	-0.0014688
19.03064031	-0.001787
19.04064065	-0.0020983
19.05064098	-0.0024013
19.06064132	-0.0026944
19.07064166	-0.0029767
19.08064199	-0.0032471
19.09064233	-0.0035049
19.10064266	-0.0037494
19.110643	-0.0039797
19.12064334	-0.0041949
19.13064367	-0.004394
19.14064401	-0.0045762
19.15064435	-0.0047414
19.16064468	-0.0048897
19.17064502	-0.0050211
19.18064536	-0.0051352
19.19064569	-0.0052321
19.20064603	-0.0053125
19.21064637	-0.0053773
19.2206467	-0.0054268
19.23064704	-0.0054609
19.24064738	-0.0054793
19.25064771	-0.0054817
19.26064805	-0.0054682
19.27064838	-0.0054389
19.28064872	-0.005394
19.29064906	-0.0053344
19.30064939	-0.0052613
19.31064973	-0.0051756
19.32065007	-0.0050775
19.3306504	-0.0049668
19.34065074	-0.0048433
19.35065108	-0.004707
19.36065141	-0.004558
19.37065175	-0.0043976
19.38065209	-0.004228
19.39065242	-0.004052
19.40065276	-0.003872
19.4106531	-0.0036901
19.42065343	-0.0035081
19.43065377	-0.0033274
19.4406541	-0.003149
19.45065444	-0.0029737
19.46065478	-0.0028021
19.47065511	-0.0026347
19.48065545	-0.0024719
19.49065579	-0.0023137
19.50065612	-0.0021596
19.51065646	-0.0020091
19.5206568	-0.0018616
19.53065713	-0.0017167
19.54065747	-0.0015734
19.55065781	-0.0014306
19.56065814	-0.0012873
19.57065848	-0.0011422
19.58065882	-0.00099417
19.59065915	-0.00084235
19.60065949	-0.0006866
19.61065983	-0.00052712
19.62066016	-0.00036445
19.6306605	-0.0002
19.64066083	-0.00003594
19.65066117	0.00012581
19.66066151	0.00028451
19.67066184	0.00044032
19.68066218	0.00059347
19.69066252	0.00074368
19.70066285	0.00089035
19.71066319	0.0010329
19.72066353	0.0011706
19.73066386	0.0013028
19.7406642	0.0014286
19.75066454	0.0015476
19.76066487	0.00166
19.77066521	0.0017664
19.78066555	0.0018663
19.79066588	0.0019589
19.80066622	0.0020437
19.81066655	0.002121
19.82066689	0.0021909
19.83066723	0.0022531
19.84066756	0.0023072
19.8506679	0.0023526
19.86066824	0.0023891
19.87066857	0.0024161
19.88066891	0.0024333
19.89066925	0.0024408
19.90066958	0.0024389
19.91066992	0.0024287
19.92067026	0.0024116
19.93067059	0.0023889
19.94067093	0.0023621
19.95067127	0.0023321
19.9606716	0.0022993
19.97067194	0.0022638
19.98067227	0.0022258
19.99067261	0.0021858
20.00067295	0.0021441
20.01067328	0.002101
20.02067362	0.0020565
20.03067396	0.0020104
20.04067429	0.0019628
20.05067463	0.0019131
20.06067497	0.0018609
20.0706753	0.001806
20.08067564	0.0017486
20.09067598	0.0016891
20.10067631	0.0016284
20.11067665	0.0015674
20.12067699	0.0015071
20.13067732	0.0014477
20.14067766	0.0013895
20.15067799	0.0013333
20.16067833	0.0012801
20.17067867	0.0012299
20.180679	0.0011817
20.19067934	0.0011342
20.20067968	0.0010863
20.21068001	0.0010371
20.22068035	0.00098571
20.23068069	0.00093094
20.24068102	0.00087198
20.25068136	0.00080862
20.2606817	0.00074093
20.27068203	0.00066867
20.28068237	0.00059131
20.29068271	0.00050881
20.30068304	0.00042209
20.31068338	0.00033242
20.32068371	0.00024069
20.33068405	0.00014735
20.34068439	0.000052811
20.35068472	-0.000042432
20.36068506	-0.00013791
20.3706854	-0.00023304
20.38068573	-0.00032691
20.39068607	-0.00041819
20.40068641	-0.00050543
20.41068674	-0.00058729
20.42068708	-0.00066268
20.43068742	-0.00073096
20.44068775	-0.00079188
20.45068809	-0.00084549
20.46068843	-0.000892
20.47068876	-0.00093164
20.4806891	-0.00096458
20.49068943	-0.00099101
20.50068977	-0.0010113
20.51069011	-0.001026
20.52069044	-0.0010361
20.53069078	-0.0010426
20.54069112	-0.0010468
20.55069145	-0.0010494
20.56069179	-0.0010509
20.57069213	-0.001052
20.58069246	-0.0010531
20.5906928	-0.0010549
20.60069314	-0.0010575
20.61069347	-0.0010613
20.62069381	-0.0010668
20.63069415	-0.0010742
20.64069448	-0.0010827
20.65069482	-0.0010908
20.66069515	-0.0010973
20.67069549	-0.0011022
20.68069583	-0.0011056
20.69069616	-0.0011076
20.7006965	-0.0011082
20.71069684	-0.0011076
20.72069717	-0.0011062
20.73069751	-0.0011043
20.74069785	-0.0011019
20.75069818	-0.0010985
20.76069852	-0.0010941
20.77069886	-0.0010894
20.78069919	-0.0010848
20.79069953	-0.0010801
20.80069987	-0.001075
20.8107002	-0.0010692
20.82070054	-0.0010631
20.83070087	-0.001057
20.84070121	-0.0010516
20.85070155	-0.0010476
20.86070188	-0.0010451
20.87070222	-0.0010436
20.88070256	-0.0010425
20.89070289	-0.0010406
20.90070323	-0.0010371
20.91070357	-0.0010308
20.9207039	-0.0010214
20.93070424	-0.0010087
20.94070458	-0.00099248
20.95070491	-0.00097315
20.96070525	-0.00095135
20.97070559	-0.00092808
20.98070592	-0.00090426
20.99070626	-0.00088042
21.00070659	-0.0008567
21.01070693	-0.00083295
21.02070727	-0.00080889
21.0307076	-0.00078427
21.04070794	-0.00075889
21.05070828	-0.00073265
21.06070861	-0.0007057
21.07070895	-0.00067851
21.08070929	-0.00065141
21.09070962	-0.00062427
21.10070996	-0.00059683
21.1107103	-0.00056926
21.12071063	-0.00054184
21.13071097	-0.00051432
21.14071131	-0.00048606
21.15071164	-0.00045684
21.16071198	-0.00042715
21.17071231	-0.00039751
21.18071265	-0.00036776
21.19071299	-0.00033717
21.20071332	-0.00030494
21.21071366	-0.00027018
21.220714	-0.00023147
21.23071433	-0.00018689
21.24071467	-0.00013514
21.25071501	-0.000076592
21.26071534	-0.000013029
21.27071568	0.00005389
21.28071602	0.00012348
21.29071635	0.0001955
21.30071669	0.00026946
21.31071703	0.00034479
21.32071736	0.00042132
21.3307177	0.00049902
21.34071803	0.00057746
21.35071837	0.00065584
21.36071871	0.00073323
21.37071904	0.00080877
21.38071938	0.00088175
21.39071972	0.00095177
21.40072005	0.0010185
21.41072039	0.0010809
21.42072073	0.0011376
21.43072106	0.0011866
21.4407214	0.0012264
21.45072174	0.0012559
21.46072207	0.0012743
21.47072241	0.0012819
21.48072275	0.0012796
21.49072308	0.0012685
21.50072342	0.0012493
21.51072376	0.0012225
21.52072409	0.001189
21.53072443	0.0011493
21.54072476	0.0011043
21.5507251	0.0010547
21.56072544	0.0010011
21.57072577	0.00094426
21.58072611	0.00088428
21.59072645	0.00082067
21.60072678	0.00075251
21.61072712	0.00067939
21.62072746	0.00060208
21.63072779	0.00052237
21.64072813	0.00044219
21.65072847	0.00036296
21.6607288	0.00028548
21.67072914	0.0002102
21.68072948	0.00013757
21.69072981	0.000068116
21.70073015	2.1483E-06
21.71073048	-0.000060197
21.72073082	-0.00011869
21.73073116	-0.00017302
21.74073149	-0.00022341
21.75073183	-0.00027105
21.76073217	-0.00031751
21.7707325	-0.0003638
21.78073284	-0.00041021
21.79073318	-0.00045682
21.80073351	-0.0005037
21.81073385	-0.00055083
21.82073419	-0.00059822
21.83073452	-0.00064602
21.84073486	-0.00069455
21.8507352	-0.00074404
21.86073553	-0.00079476
21.87073587	-0.00084705
21.8807362	-0.00090143
21.89073654	-0.00095836
21.90073688	-0.0010181
21.91073721	-0.0010804
21.92073755	-0.0011446
21.93073789	-0.0012099
21.94073822	-0.0012752
21.95073856	-0.0013393
21.9607389	-0.0014014
21.97073923	-0.0014609
21.98073957	-0.0015177
21.99073991	-0.0015711
22.00074024	-0.0016204
22.01074058	-0.0016646
22.02074092	-0.0017035
22.03074125	-0.0017371
22.04074159	-0.0017656
22.05074192	-0.0017893
22.06074226	-0.0018081
22.0707426	-0.0018219
22.08074293	-0.0018305
22.09074327	-0.0018346
22.10074361	-0.0018357
22.11074394	-0.0018347
22.12074428	-0.0018311
22.13074462	-0.0018241
22.14074495	-0.0018132
22.15074529	-0.001798
22.16074563	-0.001778
22.17074596	-0.0017526
22.1807463	-0.0017221
22.19074664	-0.0016867
22.20074697	-0.0016466
22.21074731	-0.0016015
22.22074764	-0.0015502
22.23074798	-0.0014919
22.24074832	-0.0014264
22.25074865	-0.0013548
22.26074899	-0.0012777
22.27074933	-0.0011953
22.28074966	-0.0011074
22.29075	-0.0010144
22.30075034	-0.00091672
22.31075067	-0.00081526
22.32075101	-0.00071065
22.33075135	-0.0006034
22.34075168	-0.00049372
22.35075202	-0.0003816
22.36075236	-0.000267
22.37075269	-0.00014994
22.38075303	-0.000030622
22.39075336	0.000090387
22.4007537	0.00021217
22.41075404	0.00033386
22.42075437	0.00045494
22.43075471	0.0005749
22.44075505	0.00069298
22.45075538	0.00080845
22.46075572	0.00092088
22.47075606	0.0010302
22.48075639	0.0011366
22.49075673	0.0012401
22.50075707	0.001341
22.5107574	0.0014392
22.52075774	0.0015346
22.53075808	0.0016269
22.54075841	0.0017165
22.55075875	0.0018043
22.56075908	0.0018919
22.57075942	0.0019802
22.58075976	0.0020693
22.59076009	0.0021594
22.60076043	0.0022508
22.61076077	0.0023441
22.6207611	0.002439
22.63076144	0.0025344
22.64076178	0.0026289
22.65076211	0.0027209
22.66076245	0.0028089
22.67076279	0.0028911
22.68076312	0.0029658
22.69076346	0.0030315
22.7007638	0.0030876
22.71076413	0.003134
22.72076447	0.0031704
22.7307648	0.0031959
22.74076514	0.0032094
22.75076548	0.0032106
22.76076581	0.0032004
22.77076615	0.0031802
22.78076649	0.0031514
22.79076682	0.0031153
22.80076716	0.0030733
22.8107675	0.0030265
22.82076783	0.0029753
22.83076817	0.0029203
22.84076851	0.0028618
22.85076884	0.0027997
22.86076918	0.0027337
22.87076952	0.0026634
22.88076985	0.0025886
22.89077019	0.0025085
22.90077052	0.0024225
22.91077086	0.0023299
22.9207712	0.0022303
22.93077153	0.0021234
22.94077187	0.0020093
22.95077221	0.0018884
22.96077254	0.0017613
22.97077288	0.0016296
22.98077322	0.0014946
22.99077355	0.0013578
23.00077389	0.0012202
23.01077423	0.0010826
23.02077456	0.00094612
23.0307749	0.00081162
23.04077524	0.00067994
23.05077557	0.00055178
23.06077591	0.00042737
23.07077624	0.00030602
23.08077658	0.00018644
23.09077692	0.000067538
23.10077725	-0.000051394
23.11077759	-0.00017125
23.12077793	-0.00029332
23.13077826	-0.00041862
23.1407786	-0.00054724
23.15077894	-0.00067852
23.16077927	-0.00081173
23.17077961	-0.00094627
23.18077995	-0.0010812
23.19078028	-0.0012149
23.20078062	-0.0013457
23.21078096	-0.0014727
23.22078129	-0.0015959
23.23078163	-0.0017157
23.24078197	-0.0018319
23.2507823	-0.0019442
23.26078264	-0.0020526
23.27078297	-0.0021571
23.28078331	-0.0022579
23.29078365	-0.0023555
23.30078398	-0.0024503
23.31078432	-0.0025426
23.32078466	-0.0026326
23.33078499	-0.0027205
23.34078533	-0.0028068
23.35078567	-0.0028915
23.360786	-0.0029744
23.37078634	-0.0030549
23.38078668	-0.0031321
23.39078701	-0.0032051
23.40078735	-0.0032726
23.41078769	-0.0033333
23.42078802	-0.0033865
23.43078836	-0.0034313
23.44078869	-0.0034672
23.45078903	-0.0034941
23.46078937	-0.003512
23.4707897	-0.0035214
23.48079004	-0.0035225
23.49079038	-0.0035159
23.50079071	-0.0035024
23.51079105	-0.0034827
23.52079139	-0.0034578
23.53079172	-0.0034282
23.54079206	-0.0033945
23.5507924	-0.0033568
23.56079273	-0.0033156
23.57079307	-0.0032719
23.58079341	-0.0032263
23.59079374	-0.0031779
23.60079408	-0.0031251
23.61079441	-0.0030671
23.62079475	-0.0030034
23.63079509	-0.0029343
23.64079542	-0.0028596
23.65079576	-0.0027795
23.6607961	-0.0026943
23.67079643	-0.0026047
23.68079677	-0.0025111
23.69079711	-0.0024139
23.70079744	-0.0023134
23.71079778	-0.0022105
23.72079812	-0.0021064
23.73079845	-0.0020019
23.74079879	-0.0018974
23.75079913	-0.0017933
23.76079946	-0.0016901
23.7707998	-0.0015883
23.78080013	-0.0014881
23.79080047	-0.0013894
23.80080081	-0.0012916
23.81080114	-0.0011942
23.82080148	-0.0010969
23.83080182	-0.00099982
23.84080215	-0.00090291
23.85080249	-0.00080617
23.86080283	-0.00070958
23.87080316	-0.00061315
23.8808035	-0.00051672
23.89080384	-0.00041999
23.90080417	-0.0003229
23.91080451	-0.00022566
23.92080485	-0.00012849
23.93080518	-0.000031658
23.94080552	0.000064221
23.95080585	0.00015823
23.96080619	0.00024946
23.97080653	0.00033717
23.98080686	0.0004208
23.9908072	0.00050019
24.00080754	0.00057568
24.01080787	0.0006477
24.02080821	0.00071664
24.03080855	0.00078301
24.04080888	0.0008473
24.05080922	0.00090939
24.06080956	0.00096872
24.07080989	0.0010252
24.08081023	0.0010796
24.09081057	0.0011327
24.1008109	0.0011846
24.11081124	0.001235
24.12081157	0.0012836
24.13081191	0.0013304
24.14081225	0.0013751
24.15081258	0.0014175
24.16081292	0.0014576
24.17081326	0.0014959
24.18081359	0.0015331
24.19081393	0.0015695
24.20081427	0.0016051
24.2108146	0.0016397
24.22081494	0.0016734
24.23081528	0.0017066
24.24081561	0.0017389
24.25081595	0.0017695
24.26081629	0.0017977
24.27081662	0.0018228
24.28081696	0.0018442
24.29081729	0.001861
24.30081763	0.001873
24.31081797	0.0018797
24.3208183	0.0018809
24.33081864	0.0018765
24.34081898	0.0018668
24.35081931	0.001852
24.36081965	0.0018321
24.37081999	0.0018064
24.38082032	0.0017744
24.39082066	0.0017357
24.400821	0.00169
24.41082133	0.0016372
24.42082167	0.0015774
24.43082201	0.0015112
24.44082234	0.0014394
24.45082268	0.0013632
24.46082301	0.0012839
24.47082335	0.0012029
24.48082369	0.0011218
24.49082402	0.0010417
24.50082436	0.00096416
24.5108247	0.00089033
24.52082503	0.00082099
24.53082537	0.00075594
24.54082571	0.00069464
24.55082604	0.00063719
24.56082638	0.00058438
24.57082672	0.00053662
24.58082705	0.00049336
24.59082739	0.00045346
24.60082773	0.00041589
24.61082806	0.00037994
24.6208284	0.00034499
24.63082873	0.00031041
24.64082907	0.0002756
24.65082941	0.00024059
24.66082974	0.00020617
24.67083008	0.00017323
24.68083042	0.00014216
24.69083075	0.00011305
24.70083109	0.000086468
24.71083143	0.000063328
24.72083176	0.000044183
24.7308321	0.000028977
24.74083244	0.000017424
24.75083277	9.1256E-06
24.76083311	3.4049E-06
24.77083345	-5.6623E-07
24.78083378	-3.4953E-06
24.79083412	-6.0311E-06
24.80083445	-8.8732E-06
24.81083479	-0.000012534
24.82083513	-0.00001719
24.83083546	-0.000023019
24.8408358	-0.000030489
24.85083614	-0.000040148
24.86083647	-0.000052374
24.87083681	-0.00006744
24.88083715	-0.000085552
24.89083748	-0.00010667
24.90083782	-0.00013053
24.91083816	-0.00015684
24.92083849	-0.00018538
24.93083883	-0.00021579
24.94083917	-0.0002477
24.9508395	-0.00028085
24.96083984	-0.00031506
24.97084017	-0.00035004
24.98084051	-0.00038554
24.99084085	-0.00042141
25.00084118	-0.00045726
25.01084152	-0.00049244
25.02084186	-0.00052658
25.03084219	-0.00056006
25.04084253	-0.00059348
25.05084287	-0.00062683
25.0608432	-0.00065939
25.07084354	-0.00069064
25.08084388	-0.0007208
25.09084421	-0.00075081
25.10084455	-0.00078182
25.11084489	-0.0008149
25.12084522	-0.00085104
25.13084556	-0.00089132
25.1408459	-0.0009367
25.15084623	-0.00098758
25.16084657	-0.0010438
25.1708469	-0.0011055
25.18084724	-0.0011734
25.19084758	-0.0012482
25.20084791	-0.0013301
25.21084825	-0.0014182
25.22084859	-0.0015119
25.23084892	-0.0016109
25.24084926	-0.0017146
25.2508496	-0.0018228
25.26084993	-0.001935
25.27085027	-0.0020508
25.28085061	-0.0021693
25.29085094	-0.0022899
25.30085128	-0.0024118
25.31085162	-0.0025345
25.32085195	-0.0026574
25.33085229	-0.0027798
25.34085262	-0.0029012
25.35085296	-0.003021
25.3608533	-0.0031385
25.37085363	-0.0032533
25.38085397	-0.0033644
25.39085431	-0.0034703
25.40085464	-0.0035697
25.41085498	-0.0036615
25.42085532	-0.0037455
25.43085565	-0.0038212
25.44085599	-0.0038882
25.45085633	-0.0039465
25.46085666	-0.0039964
25.470857	-0.0040382
25.48085734	-0.0040721
25.49085767	-0.0040984
25.50085801	-0.0041173
25.51085834	-0.0041297
25.52085868	-0.0041365
25.53085902	-0.0041387
25.54085935	-0.004137
25.55085969	-0.0041316
25.56086003	-0.0041228
25.57086036	-0.0041116
25.5808607	-0.0040991
25.59086104	-0.0040857
25.60086137	-0.0040714
25.61086171	-0.0040557
25.62086205	-0.0040385
25.63086238	-0.0040184
25.64086272	-0.0039935
25.65086306	-0.0039618
25.66086339	-0.0039227
25.67086373	-0.0038767
25.68086406	-0.0038239
25.6908644	-0.0037637
25.70086474	-0.0036956
25.71086507	-0.0036197
25.72086541	-0.003536
25.73086575	-0.0034443
25.74086608	-0.0033447
25.75086642	-0.003237
25.76086676	-0.0031218
25.77086709	-0.0029995
25.78086743	-0.0028705
25.79086777	-0.0027354
25.8008681	-0.0025947
25.81086844	-0.0024491
25.82086878	-0.0022998
25.83086911	-0.002148
25.84086945	-0.0019945
25.85086978	-0.0018399
25.86087012	-0.0016847
25.87087046	-0.0015294
25.88087079	-0.0013744
25.89087113	-0.0012202
25.90087147	-0.0010674
25.9108718	-0.00091623
25.92087214	-0.00076701
25.93087248	-0.00061996
25.94087281	-0.00047549
25.95087315	-0.00033428
25.96087349	-0.00019707
25.97087382	-0.000064385
25.98087416	0.000063474
25.9908745	0.00018592
26.00087483	0.00030177
26.01087517	0.00040978
26.0208755	0.00050967
26.03087584	0.00060232
26.04087618	0.00068906
26.05087651	0.00077091
26.06087685	0.00084864
26.07087719	0.00092317
26.08087752	0.00099555
26.09087786	0.0010667
26.1008782	0.0011371
26.11087853	0.0012072
26.12087887	0.0012779
26.13087921	0.0013499
26.14087954	0.0014235
26.15087988	0.0014983
26.16088022	0.0015733
26.17088055	0.0016477
26.18088089	0.0017215
26.19088122	0.0017943
26.20088156	0.0018658
26.2108819	0.0019351
26.22088223	0.0020014
26.23088257	0.002064
26.24088291	0.0021224
26.25088324	0.002176
26.26088358	0.0022247
26.27088392	0.0022685
26.28088425	0.0023074
26.29088459	0.0023411
26.30088493	0.0023695
26.31088526	0.0023923
26.3208856	0.0024094
26.33088594	0.002421
26.34088627	0.0024269
26.35088661	0.0024271
26.36088694	0.0024213
26.37088728	0.0024098
26.38088762	0.0023927
26.39088795	0.0023699
26.40088829	0.0023415
26.41088863	0.0023074
26.42088896	0.0022674
26.4308893	0.002221
26.44088964	0.0021676
26.45088997	0.0021064
26.46089031	0.0020364
26.47089065	0.0019575
26.48089098	0.0018695
26.49089132	0.0017725
26.50089166	0.0016664
26.51089199	0.0015516
26.52089233	0.0014295
26.53089266	0.001302
26.540893	0.0011711
26.55089334	0.0010378
26.56089367	0.0009027
26.57089401	0.00076645
26.58089435	0.00062946
26.59089468	0.00049179
26.60089502	0.00035329
26.61089536	0.00021425
26.62089569	0.000075652
26.63089603	-0.000061536
26.64089637	-0.00019719
26.6508967	-0.00033194
26.66089704	-0.00046631
26.67089738	-0.00060013
26.68089771	-0.00073266
26.69089805	-0.00086296
26.70089838	-0.00099002
26.71089872	-0.001113
26.72089906	-0.0012312
26.73089939	-0.0013441
26.74089973	-0.0014511
26.75090007	-0.0015519
26.7609004	-0.0016465
26.77090074	-0.0017349
26.78090108	-0.0018172
26.79090141	-0.0018935
26.80090175	-0.0019644
26.81090209	-0.0020304
26.82090242	-0.0020918
26.83090276	-0.0021484
26.8409031	-0.0022003
26.85090343	-0.0022475
26.86090377	-0.0022899
26.8709041	-0.0023277
26.88090444	-0.0023607
26.89090478	-0.002389
26.90090511	-0.0024126
26.91090545	-0.0024314
26.92090579	-0.0024452
26.93090612	-0.0024532
26.94090646	-0.002455
26.9509068	-0.0024505
26.96090713	-0.00244
26.97090747	-0.0024233
26.98090781	-0.0024005
26.99090814	-0.0023729
27.00090848	-0.0023419
27.01090882	-0.0023081
27.02090915	-0.0022711
27.03090949	-0.00223
27.04090983	-0.0021846
27.05091016	-0.0021351
27.0609105	-0.0020817
27.07091083	-0.0020243
27.08091117	-0.0019629
27.09091151	-0.0018976
27.10091184	-0.001829
27.11091218	-0.0017571
27.12091252	-0.0016814
27.13091285	-0.0016017
27.14091319	-0.0015187
27.15091353	-0.0014339
27.16091386	-0.0013485
27.1709142	-0.0012632
27.18091454	-0.0011785
27.19091487	-0.0010947
27.20091521	-0.0010125
27.21091555	-0.00093191
27.22091588	-0.00085338
27.23091622	-0.00077723
27.24091655	-0.00070382
27.25091689	-0.00063348
27.26091723	-0.00056655
27.27091756	-0.00050338
27.2809179	-0.00044436
27.29091824	-0.00038988
27.30091857	-0.00034024
27.31091891	-0.00029559
27.32091925	-0.00025594
27.33091958	-0.00022128
27.34091992	-0.0001918
27.35092026	-0.00016779
27.36092059	-0.00014964
27.37092093	-0.00013765
27.38092127	-0.00013199
27.3909216	-0.00013271
27.40092194	-0.0001398
27.41092227	-0.00015299
27.42092261	-0.00017155
27.43092295	-0.00019455
27.44092328	-0.0002213
27.45092362	-0.00025134
27.46092396	-0.00028405
27.47092429	-0.00031875
27.48092463	-0.00035516
27.49092497	-0.00039344
27.5009253	-0.00043337
27.51092564	-0.00047411
27.52092598	-0.00051487
27.53092631	-0.00055571
27.54092665	-0.00059714
27.55092699	-0.00063922
27.56092732	-0.00068145
27.57092766	-0.00072325
27.58092799	-0.00076443
27.59092833	-0.00080488
27.60092867	-0.00084407
27.610929	-0.00088106
27.62092934	-0.00091527
27.63092968	-0.00094708
27.64093001	-0.00097739
27.65093035	-0.0010066
27.66093069	-0.0010342
27.67093102	-0.0010599
27.68093136	-0.0010836
27.6909317	-0.0011053
27.70093203	-0.001125
27.71093237	-0.0011421
27.72093271	-0.0011566
27.73093304	-0.0011686
27.74093338	-0.0011784
27.75093371	-0.0011865
27.76093405	-0.0011932
27.77093439	-0.0011991
27.78093472	-0.0012044
27.79093506	-0.0012091
27.8009354	-0.0012129
27.81093573	-0.0012155
27.82093607	-0.0012163
27.83093641	-0.001215
27.84093674	-0.001212
27.85093708	-0.0012074
27.86093742	-0.0012016
27.87093775	-0.0011942
27.88093809	-0.0011851
27.89093843	-0.0011739
27.90093876	-0.0011607
27.9109391	-0.0011456
27.92093943	-0.0011284
27.93093977	-0.0011089
27.94094011	-0.0010872
27.95094044	-0.0010634
27.96094078	-0.0010376
27.97094112	-0.0010099
27.98094145	-0.0009815
27.99094179	-0.00095397
28.00094213	-0.00092786
28.01094246	-0.00090252
28.0209428	-0.00087727
28.03094314	-0.00085221
28.04094347	-0.00082783
28.05094381	-0.00080452
28.06094415	-0.00078246
28.07094448	-0.00076199
28.08094482	-0.00074371
28.09094515	-0.00072831
28.10094549	-0.00071616
28.11094583	-0.00070706
28.12094616	-0.00070065
28.1309465	-0.00069713
28.14094684	-0.0006971
28.15094717	-0.00070072
28.16094751	-0.00070748
28.17094785	-0.00071675
28.18094818	-0.00072813
28.19094852	-0.00074124
28.20094886	-0.00075555
28.21094919	-0.00077069
28.22094953	-0.0007866
28.23094987	-0.00080331
28.2409502	-0.00082077
28.25095054	-0.00083896
28.26095087	-0.00085793
28.27095121	-0.00087773
28.28095155	-0.00089848
28.29095188	-0.00092046
28.30095222	-0.00094389
28.31095256	-0.00096876
28.32095289	-0.00099499
28.33095323	-0.0010226
28.34095357	-0.0010515
28.3509539	-0.0010814
28.36095424	-0.0011123
28.37095458	-0.0011442
28.38095491	-0.0011773
28.39095525	-0.0012116
28.40095559	-0.0012468
28.41095592	-0.0012828
28.42095626	-0.0013193
28.43095659	-0.0013566
28.44095693	-0.0013946
28.45095727	-0.0014333
28.4609576	-0.0014724
28.47095794	-0.0015119
28.48095828	-0.001552
28.49095861	-0.0015922
28.50095895	-0.0016316
28.51095929	-0.0016691
28.52095962	-0.0017047
28.53095996	-0.0017385
28.5409603	-0.0017714
28.55096063	-0.0018034
28.56096097	-0.0018351
28.57096131	-0.0018668
28.58096164	-0.0018991
28.59096198	-0.001932
28.60096231	-0.001965
28.61096265	-0.001998
28.62096299	-0.0020315
28.63096332	-0.0020665
28.64096366	-0.0021035
28.650964	-0.0021426
28.66096433	-0.0021839
28.67096467	-0.0022276
28.68096501	-0.0022742
28.69096534	-0.0023239
28.70096568	-0.0023769
28.71096602	-0.0024328
28.72096635	-0.002491
28.73096669	-0.0025507
28.74096703	-0.0026111
28.75096736	-0.0026713
28.7609677	-0.0027301
28.77096803	-0.0027865
28.78096837	-0.0028396
28.79096871	-0.0028892
28.80096904	-0.002935
28.81096938	-0.0029773
28.82096972	-0.0030158
28.83097005	-0.003051
28.84097039	-0.0030834
28.85097073	-0.0031134
28.86097106	-0.0031411
28.8709714	-0.0031667
28.88097174	-0.0031905
28.89097207	-0.0032126
28.90097241	-0.0032326
28.91097275	-0.0032503
28.92097308	-0.0032656
28.93097342	-0.0032786
28.94097376	-0.0032894
28.95097409	-0.0032986
28.96097443	-0.003307
28.97097476	-0.0033154
28.9809751	-0.0033236
28.99097544	-0.0033307
29.00097577	-0.0033356
29.01097611	-0.0033381
29.02097645	-0.0033382
29.03097678	-0.003336
29.04097712	-0.0033314
29.05097746	-0.0033244
29.06097779	-0.003315
29.07097813	-0.003303
29.08097847	-0.0032872
29.0909788	-0.0032665
29.10097914	-0.0032406
29.11097948	-0.0032098
29.12097981	-0.0031744
29.13098015	-0.0031341
29.14098048	-0.0030886
29.15098082	-0.003038
29.16098116	-0.0029825
29.17098149	-0.0029225
29.18098183	-0.0028587
29.19098217	-0.0027918
29.2009825	-0.0027226
29.21098284	-0.0026515
29.22098318	-0.0025791
29.23098351	-0.0025058
29.24098385	-0.002432
29.25098419	-0.0023581
29.26098452	-0.0022843
29.27098486	-0.0022108
29.2809852	-0.0021379
29.29098553	-0.0020658
29.30098587	-0.001995
29.3109862	-0.0019258
29.32098654	-0.0018583
29.33098688	-0.0017928
29.34098721	-0.0017294
29.35098755	-0.0016686
29.36098789	-0.0016102
29.37098822	-0.0015539
29.38098856	-0.0014996
29.3909889	-0.0014471
29.40098923	-0.0013961
29.41098957	-0.0013463
29.42098991	-0.0012976
29.43099024	-0.0012499
29.44099058	-0.0012031
29.45099092	-0.001158
29.46099125	-0.0011154
29.47099159	-0.001075
29.48099192	-0.0010356
29.49099226	-0.00099615
29.5009926	-0.00095629
29.51099293	-0.00091616
29.52099327	-0.0008756
29.53099361	-0.00083422
29.54099394	-0.00079183
29.55099428	-0.00074855
29.56099462	-0.0007045
29.57099495	-0.00065944
29.58099529	-0.00061279
29.59099563	-0.00056409
29.60099596	-0.00051349
29.6109963	-0.00046158
29.62099664	-0.00040873
29.63099697	-0.0003548
29.64099731	-0.0002995
29.65099764	-0.00024275
29.66099798	-0.0001847
29.67099832	-0.00012564
29.68099865	-0.000066121
29.69099899	-6.8885E-06
29.70099933	0.000051284
29.71099966	0.00010769
29.721	0.00016166
#N/A	0.00021251
#N/A	0.0002597
#N/A	0.00030283
#N/A	0.00034164
#N/A	0.00037603
#N/A	0.00040602
#N/A	0.00043164
#N/A	0.00045286
#N/A	0.00046967
#N/A	0.00048211
#N/A	0.00049017
#N/A	0.00049364
#N/A	0.00049214
#N/A	0.00048543
