0	0.00057319
0.010000336	0.0015962
0.020000673	0.0026841
0.030001009	0.0024178
0.040001346	-0.00028846
0.050001682	-0.0049005
0.060002019	-0.0054427
0.070002355	0.0039822
0.080002692	0.019872
0.090003028	0.030358
0.100003365	0.030317
0.110003701	0.026435
0.120004038	0.025865
0.130004374	0.027135
0.140004711	0.026998
0.150005047	0.026868
0.160005384	0.028324
0.17000572	0.028551
0.180006057	0.026871
0.190006393	0.027454
0.200006729	0.029934
0.210007066	0.025897
0.220007402	0.010913
0.230007739	-0.0076309
0.240008075	-0.018343
0.250008412	-0.01712
0.260008748	-0.0085687
0.270009085	-0.00015115
0.280009421	0.0048271
0.290009758	0.0084726
0.300010094	0.01259
0.310010431	0.014539
0.320010767	0.010806
0.330011104	0.0032067
0.34001144	-0.0033897
0.350011777	-0.0071275
0.360012113	-0.0075952
0.37001245	-0.0032287
0.380012786	0.0044592
0.390013122	0.0087579
0.400013459	0.0072491
0.410013795	0.0031068
0.420014132	-0.0038552
0.430014468	-0.017906
0.440014805	-0.033705
0.450015141	-0.038713
0.460015478	-0.029976
0.470015814	-0.017404
0.480016151	-0.0062556
0.490016487	0.0053727
0.500016824	0.011821
0.51001716	0.002971
0.520017497	-0.012855
0.530017833	-0.012308
0.54001817	0.0097353
0.550018506	0.032332
0.560018843	0.03895
0.570019179	0.037748
0.580019515	0.042245
0.590019852	0.045034
0.600020188	0.024945
0.610020525	-0.018645
0.620020861	-0.052509
0.630021198	-0.04402
0.640021534	-0.0053458
0.650021871	0.020194
0.660022207	0.016815
0.670022544	0.012048
0.68002288	0.01967
0.690023217	0.010282
0.700023553	-0.035445
0.71002389	-0.080862
0.720024226	-0.079488
0.730024563	-0.034612
0.740024899	0.018808
0.750025236	0.06264
0.760025572	0.090739
0.770025908	0.081108
0.780026245	0.016865
0.790026581	-0.073449
0.800026918	-0.12952
0.810027254	-0.12063
0.820027591	-0.070491
0.830027927	-0.022384
0.840028264	0.010326
0.8500286	0.0447
0.860028937	0.083087
0.870029273	0.093414
0.88002961	0.055573
0.890029946	-0.00035382
0.900030283	-0.037786
0.910030619	-0.062484
0.920030956	-0.089673
0.930031292	-0.093892
0.940031629	-0.051036
0.950031965	0.0039905
0.960032301	0.02162
0.970032638	0.01163
0.980032974	0.010251
0.990033311	0.0072054
1.000033647	-0.024463
1.010033984	-0.05748
1.02003432	-0.043769
1.030034657	0.0010798
1.040034993	0.016203
1.05003533	-0.015138
1.060035666	-0.052308
1.070036003	-0.059285
1.080036339	-0.039356
1.090036676	-0.014927
1.100037012	0.0029698
1.110037349	0.026417
1.120037685	0.066075
1.130038022	0.088779
1.140038358	0.040299
1.150038694	-0.061501
1.160039031	-0.11141
1.170039367	-0.052186
1.180039704	0.040208
1.19004004	0.070292
1.200040377	0.051936
1.210040713	0.045542
1.22004105	0.045131
1.230041386	0.021494
1.240041723	0.0094895
1.250042059	0.047438
1.260042396	0.0832
1.270042732	0.048015
1.280043069	-0.027803
1.290043405	-0.071055
1.300043742	-0.083646
1.310044078	-0.10442
1.320044415	-0.10769
1.330044751	-0.049766
1.340045087	0.018189
1.350045424	-0.0013896
1.36004576	-0.09848
1.370046097	-0.1565
1.380046433	-0.11873
1.39004677	-0.051798
1.400047106	-0.020189
1.410047443	0.0063494
1.420047779	0.062315
1.430048116	0.083028
1.440048452	-0.014306
1.450048789	-0.18227
1.460049125	-0.27339
1.470049462	-0.21928
1.480049798	-0.094797
1.490050135	0.0050698
1.500050471	0.073888
1.510050808	0.14163
1.520051144	0.18341
1.53005148	0.14797
1.540051817	0.048156
1.550052153	-0.046809
1.56005249	-0.099062
1.570052826	-0.12936
1.580053163	-0.15373
1.590053499	-0.1507
1.600053836	-0.1102
1.610054172	-0.071482
1.620054509	-0.066839
1.630054845	-0.063808
1.640055182	-0.015364
1.650055518	0.048286
1.660055855	0.04546
1.670056191	-0.039993
1.680056528	-0.11603
1.690056864	-0.079934
1.700057201	0.065655
1.710057537	0.21003
1.720057873	0.24794
1.73005821	0.18757
1.740058546	0.13096
1.750058883	0.14988
1.760059219	0.20856
1.770059556	0.22667
1.780059892	0.17513
1.790060229	0.068974
1.800060565	-0.080453
1.810060902	-0.23914
1.820061238	-0.31865
1.830061575	-0.25802
1.840061911	-0.11142
1.850062248	0.0048272
1.860062584	0.032427
1.870062921	-0.014093
1.880063257	-0.10216
1.890063594	-0.1894
1.90006393	-0.21412
1.910064266	-0.15197
1.920064603	-0.060998
1.930064939	-0.019652
1.940065276	-0.031461
1.950065612	-0.028155
1.960065949	0.04136
1.970066285	0.15315
1.980066622	0.23644
1.990066958	0.23928
2.000067295	0.16453
2.010067631	0.063337
2.020067968	0.012277
2.030068304	0.077609
2.040068641	0.25186
2.050068977	0.40403
2.060069314	0.35861
2.07006965	0.077328
2.080069987	-0.27578
2.090070323	-0.5016
2.100070659	-0.54487
2.110070996	-0.47402
2.120071332	-0.36396
2.130071669	-0.27131
2.140072005	-0.25204
2.150072342	-0.31142
2.160072678	-0.35923
2.170073015	-0.29235
2.180073351	-0.11482
2.190073688	0.074081
2.200074024	0.21108
2.210074361	0.3355
2.220074697	0.51059
2.230075034	0.71489
2.24007537	0.86
2.250075707	0.91706
2.260076043	0.95703
2.27007638	1.0254
2.280076716	1.0398
2.290077052	0.88751
2.300077389	0.57493
2.310077725	0.21324
2.320078062	-0.11038
2.330078398	-0.36938
2.340078735	-0.55054
2.350079071	-0.6444
2.360079408	-0.67724
2.370079744	-0.69556
2.380080081	-0.72199
2.390080417	-0.73269
2.400080754	-0.6661
2.41008109	-0.4663
2.420081427	-0.14603
2.430081763	0.21202
2.4400821	0.53475
2.450082436	0.80755
2.460082773	1.0318
2.470083109	1.195
2.480083445	1.3021
2.490083782	1.3836
2.500084118	1.4488
2.510084455	1.4833
2.520084791	1.4858
2.530085128	1.4675
2.540085464	1.429
2.550085801	1.3801
2.560086137	1.3424
2.570086474	1.2833
2.58008681	1.083
2.590087147	0.63904
2.600087483	-0.025884
2.61008782	-0.77902
2.620088156	-1.4722
2.630088493	-1.9855
2.640088829	-2.275
2.650089166	-2.4031
2.660089502	-2.4889
2.670089838	-2.5822
2.680090175	-2.6392
2.690090511	-2.6292
2.700090848	-2.6001
2.710091184	-2.5972
2.720091521	-2.5996
2.730091857	-2.5951
2.740092194	-2.6249
2.75009253	-2.6703
2.760092867	-2.5654
2.770093203	-2.1444
2.78009354	-1.4594
2.790093876	-0.75758
2.800094213	-0.23233
2.810094549	0.11702
2.820094886	0.40078
2.830095222	0.69295
2.840095559	0.98664
2.850095895	1.2314
2.860096231	1.3996
2.870096568	1.5105
2.880096904	1.6014
2.890097241	1.6943
2.900097577	1.7987
2.910097914	1.9192
2.92009825	2.0474
2.930098587	2.164
2.940098923	2.2506
2.95009926	2.2541
2.960099596	2.0559
2.970099933	1.5794
2.980100269	0.94414
2.990100606	0.40568
3.000100942	0.097137
3.010101279	-0.065156
3.020101615	-0.20812
3.030101952	-0.34343
3.040102288	-0.4324
3.050102624	-0.47928
3.060102961	-0.48874
3.070103297	-0.41063
3.080103634	-0.2025
3.09010397	0.10785
3.100104307	0.4552
3.110104643	0.77366
3.12010498	0.99663
3.130105316	1.1068
3.140105653	1.1888
3.150105989	1.3228
3.160106326	1.4029
3.170106662	1.1983
3.180106999	0.65363
3.190107335	0.001924
3.200107672	-0.49643
3.210108008	-0.79725
3.220108345	-0.98238
3.230108681	-1.0869
3.240109017	-1.1291
3.250109354	-1.1907
3.26010969	-1.3245
3.270110027	-1.4759
3.280110363	-1.5932
3.2901107	-1.7179
3.300111036	-1.8441
3.310111373	-1.8109
3.320111709	-1.4933
3.330112046	-1.017
3.340112382	-0.62731
3.350112719	-0.39498
3.360113055	-0.20903
3.370113392	0.0039809
3.380113728	0.20758
3.390114065	0.38001
3.400114401	0.56764
3.410114738	0.80114
3.420115074	1.0473
3.43011541	1.2527
3.440115747	1.3886
3.450116083	1.4585
3.46011642	1.5098
3.470116756	1.603
3.480117093	1.7348
3.490117429	1.8385
3.500117766	1.8867
3.510118102	1.9212
3.520118439	1.9524
3.530118775	1.9115
3.540119112	1.7478
3.550119448	1.49
3.560119785	1.1608
3.570120121	0.7195
3.580120458	0.16909
3.590120794	-0.35595
3.600121131	-0.69951
3.610121467	-0.83911
3.620121803	-0.87149
3.63012214	-0.88958
3.640122476	-0.93506
3.650122813	-1.0123
3.660123149	-1.0689
3.670123486	-1.0083
3.680123822	-0.80421
3.690124159	-0.56122
3.700124495	-0.38349
3.710124832	-0.23494
3.720125168	-0.0099166
3.730125505	0.29969
3.740125841	0.59925
3.750126178	0.8175
3.760126514	0.96616
3.770126851	1.0877
3.780127187	1.2096
3.790127524	1.3308
3.80012786	1.42
3.810128197	1.4426
3.820128533	1.3957
3.830128869	1.2793
3.840129206	1.0474
3.850129542	0.66195
3.860129879	0.18862
3.870130215	-0.23796
3.880130552	-0.55574
3.890130888	-0.80521
3.900131225	-1.0287
3.910131561	-1.2214
3.920131898	-1.3826
3.930132234	-1.5392
3.940132571	-1.6964
3.950132907	-1.8257
3.960133244	-1.9149
3.97013358	-1.9951
3.980133917	-2.1006
3.990134253	-2.2337
4.00013459	-2.3729
4.010134926	-2.492
4.020135262	-2.5563
4.030135599	-2.513
4.040135935	-2.3076
4.050136272	-1.9363
4.060136608	-1.492
4.070136945	-1.1241
4.080137281	-0.92039
4.090137618	-0.85005
4.100137954	-0.83897
4.110138291	-0.85664
4.120138627	-0.88753
4.130138964	-0.86875
4.1401393	-0.73824
4.150139637	-0.52178
4.160139973	-0.30314
4.17014031	-0.10799
4.180140646	0.0935
4.190140983	0.29445
4.200141319	0.44095
4.210141655	0.53679
4.220141992	0.65156
4.230142328	0.81027
4.240142665	0.94071
4.250143001	0.96973
4.260143338	0.90063
4.270143674	0.77144
4.280144011	0.60069
4.290144347	0.40996
4.300144684	0.25001
4.31014502	0.15725
4.320145357	0.1151
4.330145693	0.080028
4.34014603	0.03332
4.350146366	-0.0081331
4.360146703	-0.016504
4.370147039	0.01772
4.380147376	0.082961
4.390147712	0.17224
4.400148048	0.29529
4.410148385	0.44977
4.420148721	0.6004
4.430149058	0.72151
4.440149394	0.83209
4.450149731	0.9499
4.460150067	1.0266
4.470150404	0.98563
4.48015074	0.81073
4.490151077	0.56627
4.500151413	0.34092
4.51015175	0.20527
4.520152086	0.19591
4.530152423	0.30164
4.540152759	0.46662
4.550153096	0.62592
4.560153432	0.73875
4.570153769	0.79693
4.580154105	0.82329
4.590154441	0.84353
4.600154778	0.82354
4.610155114	0.66144
4.620155451	0.29502
4.630155787	-0.18724
4.640156124	-0.60704
4.65015646	-0.86269
4.660156797	-0.99295
4.670157133	-1.0717
4.68015747	-1.1233
4.690157806	-1.1562
4.700158143	-1.2034
4.710158479	-1.2587
4.720158816	-1.22
4.730159152	-0.98306
4.740159489	-0.58933
4.750159825	-0.21272
4.760160162	0.021384
4.770160498	0.13782
4.780160834	0.24222
4.790161171	0.40631
4.800161507	0.62909
4.810161844	0.84543
4.82016218	0.96166
4.830162517	0.92707
4.840162853	0.78125
4.85016319	0.61026
4.860163526	0.46099
4.870163863	0.33895
4.880164199	0.25926
4.890164536	0.2496
4.900164872	0.3077
4.910165209	0.40135
4.920165545	0.49823
4.930165882	0.57058
4.940166218	0.59031
4.950166555	0.5494
4.960166891	0.46779
4.970167227	0.36569
4.980167564	0.24673
4.9901679	0.12213
5.000168237	0.020797
5.010168573	-0.038555
5.02016891	-0.064368
5.030169246	-0.069659
5.040169583	-0.055413
5.050169919	-0.025551
5.060170256	0.0054409
5.070170592	0.032874
5.080170929	0.077898
5.090171265	0.1677
5.100171602	0.30405
5.110171938	0.45618
5.120172275	0.58403
5.130172611	0.66599
5.140172948	0.7009
5.150173284	0.68312
5.16017362	0.59199
5.170173957	0.41811
5.180174293	0.18982
5.19017463	-0.045918
5.200174966	-0.25652
5.210175303	-0.43006
5.220175639	-0.5601
5.230175976	-0.6449
5.240176312	-0.6829
5.250176649	-0.65925
5.260176985	-0.55291
5.270177322	-0.38164
5.280177658	-0.21384
5.290177995	-0.11129
5.300178331	-0.068183
5.310178668	-0.033512
5.320179004	0.024326
5.330179341	0.094911
5.340179677	0.15492
5.350180013	0.19188
5.36018035	0.20481
5.370180686	0.20557
5.380181023	0.22226
5.390181359	0.28143
5.400181696	0.37965
5.410182032	0.48345
5.420182369	0.56351
5.430182705	0.61608
5.440183042	0.65005
5.450183378	0.66621
5.460183715	0.6635
5.470184051	0.65128
5.480184388	0.63677
5.490184724	0.60256
5.500185061	0.51344
5.510185397	0.35759
5.520185734	0.1713
5.53018607	0.016535
5.540186406	-0.07271
5.550186743	-0.11323
5.560187079	-0.14173
5.570187416	-0.16558
5.580187752	-0.16327
5.590188089	-0.13127
5.600188425	-0.10916
5.610188762	-0.14369
5.620189098	-0.24395
5.630189435	-0.38309
5.640189771	-0.53008
5.650190108	-0.66219
5.660190444	-0.76094
5.670190781	-0.81795
5.680191117	-0.84364
5.690191454	-0.8581
5.70019179	-0.87314
5.710192127	-0.88799
5.720192463	-0.89848
5.730192799	-0.90124
5.740193136	-0.88931
5.750193472	-0.85165
5.760193809	-0.78539
5.770194145	-0.70552
5.780194482	-0.63678
5.790194818	-0.59111
5.800195155	-0.56011
5.810195491	-0.52976
5.820195828	-0.49242
5.830196164	-0.4438
5.840196501	-0.38058
5.850196837	-0.30495
5.860197174	-0.2154
5.87019751	-0.096431
5.880197847	0.064273
5.890198183	0.24461
5.90019852	0.39987
5.910198856	0.51017
5.920199192	0.59508
5.930199529	0.67396
5.940199865	0.73324
5.950200202	0.74593
5.960200538	0.70767
5.970200875	0.6437
5.980201211	0.58598
5.990201548	0.55257
6.000201884	0.54423
6.010202221	0.55731
6.020202557	0.5914
6.030202894	0.63931
6.04020323	0.67922
6.050203567	0.69303
6.060203903	0.68968
6.07020424	0.691
6.080204576	0.6988
6.090204913	0.6924
6.100205249	0.66097
6.110205585	0.61402
6.120205922	0.55922
6.130206258	0.48665
6.140206595	0.38709
6.150206931	0.26918
6.160207268	0.15285
6.170207604	0.04869
6.180207941	-0.044207
6.190208277	-0.12819
6.200208614	-0.19781
6.21020895	-0.24681
6.220209287	-0.27707
6.230209623	-0.30039
6.24020996	-0.32868
6.250210296	-0.36488
6.260210633	-0.40223
6.270210969	-0.4258
6.280211306	-0.41512
6.290211642	-0.35303
6.300211978	-0.24514
6.310212315	-0.12619
6.320212651	-0.041566
6.330212988	-0.014405
6.340213324	-0.033228
6.350213661	-0.070071
6.360213997	-0.10997
6.370214334	-0.15572
6.38021467	-0.20895
6.390215007	-0.25625
6.400215343	-0.28167
6.41021568	-0.28151
6.420216016	-0.2622
6.430216353	-0.23015
6.440216689	-0.1947
6.450217026	-0.17091
6.460217362	-0.17012
6.470217699	-0.1921
6.480218035	-0.23265
6.490218371	-0.28896
6.500218708	-0.3515
6.510219044	-0.40542
6.520219381	-0.44826
6.530219717	-0.49364
6.540220054	-0.5474
6.55022039	-0.59422
6.560220727	-0.61758
6.570221063	-0.61921
6.5802214	-0.60781
6.590221736	-0.5831
6.600222073	-0.54403
6.610222409	-0.49967
6.620222746	-0.45631
6.630223082	-0.4052
6.640223419	-0.33663
6.650223755	-0.26158
6.660224092	-0.20367
6.670224428	-0.17481
6.680224764	-0.16702
6.690225101	-0.16458
6.700225437	-0.15253
6.710225774	-0.11912
6.72022611	-0.063438
6.730226447	-0.00027335
6.740226783	0.047478
6.75022712	0.064015
6.760227456	0.047885
6.770227793	0.011447
6.780228129	-0.028746
6.790228466	-0.064412
6.800228802	-0.094892
6.810229139	-0.1118
6.820229475	-0.098257
6.830229812	-0.050343
6.840230148	0.015564
6.850230485	0.084147
6.860230821	0.15229
6.870231157	0.2139
6.880231494	0.25583
6.89023183	0.28384
6.900232167	0.32799
6.910232503	0.40665
6.92023284	0.50031
6.930233176	0.57525
6.940233513	0.61434
6.950233849	0.6145
6.960234186	0.57224
6.970234522	0.48512
6.980234859	0.36579
6.990235195	0.24521
7.000235532	0.15818
7.010235868	0.11614
7.020236205	0.099574
7.030236541	0.083517
7.040236878	0.066183
7.050237214	0.060365
7.06023755	0.065006
7.070237887	0.063223
7.080238223	0.044096
7.09023856	0.010173
7.100238896	-0.032688
7.110239233	-0.078082
7.120239569	-0.11568
7.130239906	-0.13802
7.140240242	-0.14743
7.150240579	-0.15184
7.160240915	-0.15865
7.170241252	-0.17491
7.180241588	-0.20412
7.190241925	-0.23785
7.200242261	-0.25747
7.210242598	-0.24713
7.220242934	-0.20348
7.230243271	-0.13411
7.240243607	-0.052249
7.250243943	0.028788
7.26024428	0.10105
7.270244616	0.16015
7.280244953	0.20104
7.290245289	0.22216
7.300245626	0.23148
7.310245962	0.2367
7.320246299	0.23356
7.330246635	0.21604
7.340246972	0.19389
7.350247308	0.18408
7.360247645	0.18693
7.370247981	0.18776
7.380248318	0.18123
7.390248654	0.17486
7.400248991	0.16873
7.410249327	0.15238
7.420249664	0.12574
7.43025	0.1034
7.440250336	0.095848
7.450250673	0.10071
7.460251009	0.1109
7.470251346	0.11725
7.480251682	0.10603
7.490252019	0.070152
7.500252355	0.016487
7.510252692	-0.044628
7.520253028	-0.11168
7.530253365	-0.17955
7.540253701	-0.23134
7.550254038	-0.25321
7.560254374	-0.24778
7.570254711	-0.22001
7.580255047	-0.16647
7.590255384	-0.092425
7.60025572	-0.024194
7.610256057	0.012322
7.620256393	0.017798
7.630256729	0.01015
7.640257066	0.00025495
7.650257402	-0.012612
7.660257739	-0.030584
7.670258075	-0.054132
7.680258412	-0.08045
7.690258748	-0.096524
7.700259085	-0.082076
7.710259421	-0.031908
7.720259758	0.02842
7.730260094	0.061173
7.740260431	0.051617
7.750260767	0.012523
7.760261104	-0.040595
7.77026144	-0.10313
7.780261777	-0.16624
7.790262113	-0.21042
7.80026245	-0.22501
7.810262786	-0.22368
7.820263122	-0.22433
7.830263459	-0.22668
7.840263795	-0.22264
7.850264132	-0.21545
7.860264468	-0.20827
7.870264805	-0.18704
7.880265141	-0.13623
7.890265478	-0.067678
7.900265814	-0.012082
7.910266151	0.014881
7.920266487	0.024298
7.930266824	0.034542
7.94026716	0.053259
7.950267497	0.07669
7.960267833	0.097814
7.97026817	0.11352
7.980268506	0.12342
7.990268843	0.12345
8.000269179	0.10944
8.010269515	0.093993
8.020269852	0.10565
8.030270188	0.1575
8.040270525	0.22791
8.050270861	0.28611
8.060271198	0.32427
8.070271534	0.35166
8.080271871	0.37187
8.090272207	0.38199
8.100272544	0.38338
8.11027288	0.37775
8.120273217	0.3587
8.130273553	0.31979
8.14027389	0.26666
8.150274226	0.21491
8.160274563	0.18161
8.170274899	0.18002
8.180275236	0.21232
8.190275572	0.26423
8.200275908	0.31334
8.210276245	0.34431
8.220276581	0.35341
8.230276918	0.34323
8.240277254	0.32111
8.250277591	0.29668
8.260277927	0.27335
8.270278264	0.2458
8.2802786	0.21347
8.290278937	0.18752
8.300279273	0.17716
8.31027961	0.17706
8.320279946	0.17425
8.330280283	0.15777
8.340280619	0.11639
8.350280956	0.043715
8.360281292	-0.0433
8.370281629	-0.10764
8.380281965	-0.1303
8.390282301	-0.13184
8.400282638	-0.14133
8.410282974	-0.16078
8.420283311	-0.17387
8.430283647	-0.17542
8.440283984	-0.17247
8.45028432	-0.16764
8.460284657	-0.15617
8.470284993	-0.13793
8.48028533	-0.12124
8.490285666	-0.11814
8.500286003	-0.13706
8.510286339	-0.1746
8.520286676	-0.21463
8.530287012	-0.24158
8.540287349	-0.25287
8.550287685	-0.25527
8.560288022	-0.25446
8.570288358	-0.2525
8.580288694	-0.24692
8.590289031	-0.23017
8.600289367	-0.19824
8.610289704	-0.1633
8.62029004	-0.14407
8.630290377	-0.14502
8.640290713	-0.15657
8.65029105	-0.17458
8.660291386	-0.20277
8.670291723	-0.2378
8.680292059	-0.26902
8.690292396	-0.29153
8.700292732	-0.30672
8.710293069	-0.31188
8.720293405	-0.30254
8.730293742	-0.27999
8.740294078	-0.24836
8.750294415	-0.21226
8.760294751	-0.18327
8.770295087	-0.17586
8.780295424	-0.18846
8.79029576	-0.2011
8.800296097	-0.19689
8.810296433	-0.17413
8.82029677	-0.13859
8.830297106	-0.098245
8.840297443	-0.065083
8.850297779	-0.044004
8.860298116	-0.019778
8.870298452	0.027903
8.880298789	0.095027
8.890299125	0.15457
8.900299462	0.18796
8.910299798	0.19931
8.920300135	0.19912
8.930300471	0.18637
8.940300808	0.15348
8.950301144	0.10288
8.96030148	0.053904
8.970301817	0.028067
8.980302153	0.029237
8.99030249	0.042785
9.000302826	0.053944
9.010303163	0.060082
9.020303499	0.065714
9.030303836	0.075124
9.040304172	0.091331
9.050304509	0.11712
9.060304845	0.15036
9.070305182	0.18322
9.080305518	0.20623
9.090305855	0.21587
9.100306191	0.21649
9.110306528	0.21628
9.120306864	0.21752
9.130307201	0.21424
9.140307537	0.20293
9.150307873	0.19068
9.16030821	0.18641
9.170308546	0.18981
9.180308883	0.19584
9.190309219	0.20229
9.200309556	0.20815
9.210309892	0.21151
9.220310229	0.21352
9.230310565	0.21644
9.240310902	0.21754
9.250311238	0.21222
9.260311575	0.20123
9.270311911	0.18745
9.280312248	0.1716
9.290312584	0.15871
9.300312921	0.15423
9.310313257	0.14792
9.320313594	0.11732
9.33031393	0.060917
9.340314266	0.007678
9.350314603	-0.018635
9.360314939	-0.030077
9.370315276	-0.053093
9.380315612	-0.093944
9.390315949	-0.13798
9.400316285	-0.17002
9.410316622	-0.18448
9.420316958	-0.18452
9.430317295	-0.17685
9.440317631	-0.16527
9.450317968	-0.15255
9.460318304	-0.14819
9.470318641	-0.1622
9.480318977	-0.18652
9.490319314	-0.19945
9.50031965	-0.19377
9.510319987	-0.18449
9.520320323	-0.18463
9.530320659	-0.19088
9.540320996	-0.19709
9.550321332	-0.20364
9.560321669	-0.21131
9.570322005	-0.21835
9.580322342	-0.22774
9.590322678	-0.24196
9.600323015	-0.25484
9.610323351	-0.2583
9.620323688	-0.25567
9.630324024	-0.2559
9.640324361	-0.2623
9.650324697	-0.27217
9.660325034	-0.28142
9.67032537	-0.28404
9.680325707	-0.27758
9.690326043	-0.26925
9.70032638	-0.26827
9.710326716	-0.27216
9.720327052	-0.2727
9.730327389	-0.27025
9.740327725	-0.26983
9.750328062	-0.26804
9.760328398	-0.26148
9.770328735	-0.2583
9.780329071	-0.26522
9.790329408	-0.27331
9.800329744	-0.27458
9.810330081	-0.27804
9.820330417	-0.28972
9.830330754	-0.29159
9.84033109	-0.2618
9.850331427	-0.20641
9.860331763	-0.14942
9.8703321	-0.1045
9.880332436	-0.071594
9.890332773	-0.048982
9.900333109	-0.032096
9.910333445	-0.015101
9.920333782	0.00044319
9.930334118	0.010944
9.940334455	0.027201
9.950334791	0.062463
9.960335128	0.10926
9.970335464	0.14981
9.980335801	0.18836
9.990336137	0.24167
10.00033647	0.3029
10.01033681	0.34538
10.02033715	0.36358
10.03033748	0.37943
10.04033782	0.40785
10.05033816	0.44156
10.06033849	0.47053
10.07033883	0.49337
10.08033917	0.5088
10.0903395	0.51291
10.10033984	0.50719
10.11034017	0.49704
10.12034051	0.48533
10.13034085	0.47535
10.14034118	0.47323
10.15034152	0.47868
10.16034186	0.48126
10.17034219	0.47241
10.18034253	0.45335
10.19034287	0.42802
10.2003432	0.3976
10.21034354	0.36401
10.22034388	0.33087
10.23034421	0.29783
10.24034455	0.26275
10.25034489	0.22813
10.26034522	0.19951
10.27034556	0.17828
10.2803459	0.16504
10.29034623	0.16189
10.30034657	0.16433
10.3103469	0.15681
10.32034724	0.13072
10.33034758	0.09856
10.34034791	0.077424
10.35034825	0.063756
10.36034859	0.041039
10.37034892	0.0066323
10.38034926	-0.0266
10.3903496	-0.052967
10.40034993	-0.082037
10.41035027	-0.12001
10.42035061	-0.15777
10.43035094	-0.18254
10.44035128	-0.19533
10.45035162	-0.20828
10.46035195	-0.22949
10.47035229	-0.25383
10.48035262	-0.2715
10.49035296	-0.27942
10.5003533	-0.2801
10.51035363	-0.27222
10.52035397	-0.25164
10.53035431	-0.2229
10.54035464	-0.19936
10.55035498	-0.18768
10.56035532	-0.1811
10.57035565	-0.17244
10.58035599	-0.16372
10.59035633	-0.15842
10.60035666	-0.15594
10.610357	-0.15728
10.62035734	-0.16486
10.63035767	-0.17328
10.64035801	-0.17155
10.65035834	-0.15864
10.66035868	-0.14538
10.67035902	-0.14065
10.68035935	-0.1452
10.69035969	-0.15978
10.70036003	-0.18558
10.71036036	-0.21585
10.7203607	-0.23709
10.73036104	-0.24135
10.74036137	-0.22869
10.75036171	-0.19762
10.76036205	-0.14597
10.77036238	-0.083423
10.78036272	-0.031578
10.79036306	-0.0052206
10.80036339	0.00054994
10.81036373	0.0013726
10.82036406	0.0060806
10.8303644	0.011479
10.84036474	0.012437
10.85036507	0.010131
10.86036541	0.0085408
10.87036575	0.0066595
10.88036608	-0.00024423
10.89036642	-0.012283
10.90036676	-0.022668
10.91036709	-0.026519
10.92036743	-0.029388
10.93036777	-0.041357
10.9403681	-0.062215
10.95036844	-0.078002
10.96036878	-0.076039
10.97036911	-0.058411
10.98036945	-0.039841
10.99036978	-0.033949
11.00037012	-0.042689
11.01037046	-0.054661
11.02037079	-0.054633
11.03037113	-0.036244
11.04037147	-0.0083086
11.0503718	0.013904
11.06037214	0.023858
11.07037248	0.025946
11.08037281	0.024516
11.09037315	0.019012
11.10037349	0.011659
11.11037382	0.0094557
11.12037416	0.015213
11.1303745	0.024613
11.14037483	0.035871
11.15037517	0.054136
11.1603755	0.081702
11.17037584	0.11062
11.18037618	0.13152
11.19037651	0.14265
11.20037685	0.14816
11.21037719	0.15086
11.22037752	0.15203
11.23037786	0.15168
11.2403782	0.15106
11.25037853	0.15621
11.26037887	0.17426
11.27037921	0.20321
11.28037954	0.23062
11.29037988	0.24783
11.30038022	0.25565
11.31038055	0.25658
11.32038089	0.24835
11.33038122	0.23244
11.34038156	0.21741
11.3503819	0.21074
11.36038223	0.21184
11.37038257	0.21525
11.38038291	0.21477
11.39038324	0.20845
11.40038358	0.20185
11.41038392	0.20106
11.42038425	0.19921
11.43038459	0.18224
11.44038493	0.14864
11.45038526	0.11151
11.4603856	0.078592
11.47038594	0.046137
11.48038627	0.01272
11.49038661	-0.015418
11.50038694	-0.03482
11.51038728	-0.049113
11.52038762	-0.061924
11.53038795	-0.075645
11.54038829	-0.092925
11.55038863	-0.1115
11.56038896	-0.12141
11.5703893	-0.11839
11.58038964	-0.11134
11.59038997	-0.11108
11.60039031	-0.11802
11.61039065	-0.12782
11.62039098	-0.13776
11.63039132	-0.14301
11.64039166	-0.13653
11.65039199	-0.11961
11.66039233	-0.10412
11.67039266	-0.098973
11.680393	-0.10184
11.69039334	-0.1064
11.70039367	-0.10974
11.71039401	-0.11147
11.72039435	-0.11431
11.73039468	-0.12282
11.74039502	-0.13492
11.75039536	-0.1418
11.76039569	-0.14293
11.77039603	-0.15253
11.78039637	-0.17954
11.7903967	-0.21177
11.80039704	-0.23146
11.81039738	-0.23957
11.82039771	-0.24861
11.83039805	-0.25974
11.84039838	-0.26184
11.85039872	-0.24826
11.86039906	-0.22489
11.87039939	-0.20343
11.88039973	-0.1924
11.89040007	-0.1905
11.9004004	-0.19004
11.91040074	-0.18964
11.92040108	-0.19708
11.93040141	-0.21312
11.94040175	-0.22197
11.95040209	-0.21124
11.96040242	-0.18789
11.97040276	-0.16515
11.9804031	-0.14351
11.99040343	-0.11848
12.00040377	-0.09315
12.0104041	-0.072275
12.02040444	-0.054065
12.03040478	-0.036681
12.04040511	-0.022071
12.05040545	-0.0093049
12.06040579	0.002519
12.07040612	0.0043773
12.08040646	-0.012736
12.0904068	-0.038855
12.10040713	-0.052296
12.11040747	-0.043852
12.12040781	-0.018832
12.13040814	0.01948
12.14040848	0.069688
12.15040882	0.12196
12.16040915	0.16325
12.17040949	0.19145
12.18040983	0.21075
12.19041016	0.22218
12.2004105	0.22534
12.21041083	0.22464
12.22041117	0.22639
12.23041151	0.23546
12.24041184	0.2526
12.25041218	0.27001
12.26041252	0.27468
12.27041285	0.26614
12.28041319	0.26286
12.29041353	0.27876
12.30041386	0.30229
12.3104142	0.31277
12.32041454	0.30877
12.33041487	0.30498
12.34041521	0.30775
12.35041555	0.30913
12.36041588	0.30389
12.37041622	0.30081
12.38041655	0.31109
12.39041689	0.33128
12.40041723	0.34328
12.41041756	0.3346
12.4204179	0.31231
12.43041824	0.29194
12.44041857	0.27765
12.45041891	0.26174
12.46041925	0.2389
12.47041958	0.2116
12.48041992	0.18473
12.49042026	0.16075
12.50042059	0.13919
12.51042093	0.11534
12.52042127	0.083629
12.5304216	0.044807
12.54042194	0.0076294
12.55042227	-0.020931
12.56042261	-0.04173
12.57042295	-0.060397
12.58042328	-0.081678
12.59042362	-0.10693
12.60042396	-0.13197
12.61042429	-0.15054
12.62042463	-0.1623
12.63042497	-0.17453
12.6404253	-0.19282
12.65042564	-0.2156
12.66042598	-0.23975
12.67042631	-0.26688
12.68042665	-0.29697
12.69042699	-0.32511
12.70042732	-0.34712
12.71042766	-0.36397
12.72042799	-0.37394
12.73042833	-0.37127
12.74042867	-0.35553
12.750429	-0.33711
12.76042934	-0.32348
12.77042968	-0.30752
12.78043001	-0.27915
12.79043035	-0.24373
12.80043069	-0.21713
12.81043102	-0.20538
12.82043136	-0.19803
12.8304317	-0.18204
12.84043203	-0.15644
12.85043237	-0.13094
12.86043271	-0.11224
12.87043304	-0.096779
12.88043338	-0.078388
12.89043371	-0.060575
12.90043405	-0.054836
12.91043439	-0.064372
12.92043472	-0.077989
12.93043506	-0.084706
12.9404354	-0.08581
12.95043573	-0.085989
12.96043607	-0.08293
12.97043641	-0.07197
12.98043674	-0.053987
12.99043708	-0.033463
13.00043742	-0.014082
13.01043775	-0.0009773
13.02043809	0.00036612
13.03043843	-0.0099862
13.04043876	-0.02458
13.0504391	-0.036368
13.06043943	-0.041102
13.07043977	-0.035897
13.08044011	-0.02033
13.09044044	0.0008229
13.10044078	0.02364
13.11044112	0.047546
13.12044145	0.070393
13.13044179	0.087882
13.14044213	0.10075
13.15044246	0.11188
13.1604428	0.11784
13.17044314	0.1143
13.18044347	0.10673
13.19044381	0.10334
13.20044415	0.10152
13.21044448	0.095282
13.22044482	0.089132
13.23044515	0.088803
13.24044549	0.085376
13.25044583	0.069177
13.26044616	0.050932
13.2704465	0.049413
13.28044684	0.063738
13.29044717	0.07722
13.30044751	0.08252
13.31044785	0.087842
13.32044818	0.10124
13.33044852	0.11812
13.34044886	0.12554
13.35044919	0.11633
13.36044953	0.098275
13.37044987	0.083953
13.3804502	0.0734
13.39045054	0.057251
13.40045087	0.038397
13.41045121	0.032451
13.42045155	0.042005
13.43045188	0.049513
13.44045222	0.044015
13.45045256	0.034357
13.46045289	0.029924
13.47045323	0.026681
13.48045357	0.020105
13.4904539	0.01379
13.50045424	0.0089606
13.51045458	0.0017551
13.52045491	-0.0071152
13.53045525	-0.012514
13.54045559	-0.016107
13.55045592	-0.022103
13.56045626	-0.026383
13.57045659	-0.021512
13.58045693	-0.0099888
13.59045727	-0.00024544
13.6004576	0.0051635
13.61045794	0.0079154
13.62045828	0.0059917
13.63045861	-0.00060211
13.64045895	-0.0050496
13.65045929	-0.0016188
13.66045962	0.0054275
13.67045996	0.011649
13.6804603	0.018805
13.69046063	0.029178
13.70046097	0.038546
13.71046131	0.043367
13.72046164	0.045393
13.73046198	0.047295
13.74046231	0.048809
13.75046265	0.052144
13.76046299	0.062592
13.77046332	0.078159
13.78046366	0.086458
13.790464	0.078684
13.80046433	0.060886
13.81046467	0.045589
13.82046501	0.03615
13.83046534	0.027193
13.84046568	0.017832
13.85046602	0.015052
13.86046635	0.018738
13.87046669	0.01586
13.88046703	-0.0037326
13.89046736	-0.031161
13.9004677	-0.050075
13.91046803	-0.057321
13.92046837	-0.063507
13.93046871	-0.073348
13.94046904	-0.079656
13.95046938	-0.075308
13.96046972	-0.064263
13.97047005	-0.054371
13.98047039	-0.048148
13.99047073	-0.041876
14.00047106	-0.033991
14.0104714	-0.02719
14.02047174	-0.025001
14.03047207	-0.025094
14.04047241	-0.022103
14.05047275	-0.015099
14.06047308	-0.010111
14.07047342	-0.0098352
14.08047376	-0.0079343
14.09047409	0.0018067
14.10047443	0.013721
14.11047476	0.016781
14.1204751	0.0096461
14.13047544	0.00055432
14.14047577	-0.0069851
14.15047611	-0.01565
14.16047645	-0.023891
14.17047678	-0.025864
14.18047712	-0.023757
14.19047746	-0.025504
14.20047779	-0.03131
14.21047813	-0.035091
14.22047847	-0.039348
14.2304788	-0.053102
14.24047914	-0.073052
14.25047948	-0.083794
14.26047981	-0.077932
14.27048015	-0.064692
14.28048048	-0.054249
14.29048082	-0.04782
14.30048116	-0.042148
14.31048149	-0.037597
14.32048183	-0.036927
14.33048217	-0.040304
14.3404825	-0.040075
14.35048284	-0.024851
14.36048318	0.0052625
14.37048351	0.033024
14.38048385	0.04431
14.39048419	0.046725
14.40048452	0.053384
14.41048486	0.059179
14.4204852	0.051836
14.43048553	0.036568
14.44048587	0.029287
14.4504862	0.030443
14.46048654	0.027488
14.47048688	0.018412
14.48048721	0.013816
14.49048755	0.016104
14.50048789	0.016819
14.51048822	0.012183
14.52048856	0.0072121
14.5304889	0.0043631
14.54048923	0.0017282
14.55048957	0.0010841
14.56048991	0.0095627
14.57049024	0.031403
14.58049058	0.063329
14.59049092	0.096609
14.60049125	0.12266
14.61049159	0.13833
14.62049192	0.14818
14.63049226	0.15733
14.6404926	0.16511
14.65049293	0.16793
14.66049327	0.16622
14.67049361	0.16149
14.68049394	0.15363
14.69049428	0.14515
14.70049462	0.14132
14.71049495	0.14023
14.72049529	0.13027
14.73049563	0.10674
14.74049596	0.081285
14.7504963	0.068198
14.76049664	0.065968
14.77049697	0.063166
14.78049731	0.054853
14.79049764	0.046263
14.80049798	0.042611
14.81049832	0.039985
14.82049865	0.028891
14.83049899	0.0080078
14.84049933	-0.0097892
14.85049966	-0.011867
14.8605	-0.0042734
14.87050034	-0.0041399
14.88050067	-0.015893
14.89050101	-0.027035
14.90050135	-0.029925
14.91050168	-0.030686
14.92050202	-0.035299
14.93050236	-0.041633
14.94050269	-0.047255
14.95050303	-0.05295
14.96050336	-0.056678
14.9705037	-0.055457
14.98050404	-0.052961
14.99050437	-0.057062
15.00050471	-0.068746
15.01050505	-0.080788
15.02050538	-0.085465
15.03050572	-0.08057
15.04050606	-0.070697
15.05050639	-0.065967
15.06050673	-0.0715
15.07050707	-0.080795
15.0805074	-0.084383
15.09050774	-0.083386
15.10050808	-0.083795
15.11050841	-0.084263
15.12050875	-0.07971
15.13050908	-0.072748
15.14050942	-0.069017
15.15050976	-0.06687
15.16051009	-0.061256
15.17051043	-0.051528
15.18051077	-0.038
15.1905111	-0.020799
15.20051144	-0.0071537
15.21051178	-0.0082223
15.22051211	-0.021108
15.23051245	-0.026394
15.24051279	-0.012276
15.25051312	0.011517
15.26051346	0.029489
15.2705138	0.038136
15.28051413	0.040903
15.29051447	0.037858
15.3005148	0.026548
15.31051514	0.0089156
15.32051548	-0.0074965
15.33051581	-0.0145
15.34051615	-0.011629
15.35051649	-0.0097377
15.36051682	-0.020675
15.37051716	-0.041262
15.3805175	-0.056857
15.39051783	-0.060264
15.40051817	-0.058196
15.41051851	-0.058207
15.42051884	-0.061032
15.43051918	-0.06519
15.44051952	-0.071183
15.45051985	-0.078096
15.46052019	-0.083144
15.47052052	-0.085361
15.48052086	-0.08505
15.4905212	-0.081272
15.50052153	-0.074677
15.51052187	-0.070014
15.52052221	-0.070327
15.53052254	-0.071988
15.54052288	-0.069568
15.55052322	-0.062044
15.56052355	-0.053181
15.57052389	-0.047339
15.58052423	-0.048493
15.59052456	-0.057742
15.6005249	-0.072182
15.61052524	-0.086938
15.62052557	-0.099899
15.63052591	-0.11015
15.64052624	-0.11492
15.65052658	-0.11359
15.66052692	-0.11136
15.67052725	-0.11245
15.68052759	-0.11412
15.69052793	-0.11428
15.70052826	-0.11995
15.7105286	-0.13587
15.72052894	-0.15123
15.73052927	-0.14854
15.74052961	-0.12716
15.75052995	-0.10227
15.76053028	-0.08276
15.77053062	-0.062223
15.78053096	-0.034262
15.79053129	-0.0055498
15.80053163	0.012067
15.81053197	0.015444
15.8205323	0.013761
15.83053264	0.016579
15.84053297	0.02289
15.85053331	0.0224
15.86053365	0.012263
15.87053398	0.0034063
15.88053432	0.0059224
15.89053466	0.013552
15.90053499	0.014833
15.91053533	0.010412
15.92053567	0.010134
15.930536	0.016315
15.94053634	0.023418
15.95053668	0.029929
15.96053701	0.040455
15.97053735	0.05438
15.98053769	0.064507
15.99053802	0.067969
16.00053836	0.070197
16.01053869	0.076663
16.02053903	0.086014
16.03053937	0.093294
16.0405397	0.095265
16.05054004	0.094895
16.06054038	0.097409
16.07054071	0.10471
16.08054105	0.11312
16.09054139	0.11992
16.10054172	0.12378
16.11054206	0.1218
16.1205424	0.1104
16.13054273	0.094332
16.14054307	0.083724
16.15054341	0.081313
16.16054374	0.081458
16.17054408	0.084612
16.18054441	0.096175
16.19054475	0.1099
16.20054509	0.10975
16.21054542	0.095658
16.22054576	0.086531
16.2305461	0.09271
16.24054643	0.101
16.25054677	0.095851
16.26054711	0.077198
16.27054744	0.054651
16.28054778	0.036536
16.29054812	0.027727
16.30054845	0.027537
16.31054879	0.031072
16.32054913	0.038224
16.33054946	0.052905
16.3405498	0.069288
16.35055013	0.072981
16.36055047	0.063572
16.37055081	0.057082
16.38055114	0.060228
16.39055148	0.061488
16.40055182	0.055195
16.41055215	0.05191
16.42055249	0.058778
16.43055283	0.067167
16.44055316	0.067256
16.4505535	0.059135
16.46055384	0.045966
16.47055417	0.029113
16.48055451	0.01261
16.49055485	0.0018271
16.50055518	-0.0016442
16.51055552	0.0011618
16.52055585	0.0080307
16.53055619	0.013212
16.54055653	0.012372
16.55055686	0.0094802
16.5605572	0.010909
16.57055754	0.014188
16.58055787	0.013839
16.59055821	0.012132
16.60055855	0.012381
16.61055888	0.0085499
16.62055922	-0.0044436
16.63055956	-0.019434
16.64055989	-0.028147
16.65056023	-0.031832
16.66056057	-0.033119
16.6705609	-0.029892
16.68056124	-0.026765
16.69056157	-0.036347
16.70056191	-0.05947
16.71056225	-0.078606
16.72056258	-0.080179
16.73056292	-0.070741
16.74056326	-0.062909
16.75056359	-0.059261
16.76056393	-0.054735
16.77056427	-0.04694
16.7805646	-0.039201
16.79056494	-0.035168
16.80056528	-0.032535
16.81056561	-0.023216
16.82056595	-0.0067344
16.83056629	0.0042144
16.84056662	-0.0013464
16.85056696	-0.015163
16.86056729	-0.023474
16.87056763	-0.027842
16.88056797	-0.038836
16.8905683	-0.053624
16.90056864	-0.059501
16.91056898	-0.052099
16.92056931	-0.036458
16.93056965	-0.013936
16.94056999	0.015589
16.95057032	0.044214
16.96057066	0.060798
16.970571	0.062599
16.98057133	0.05381
16.99057167	0.038517
17.00057201	0.021883
17.01057234	0.011174
17.02057268	0.0087988
17.03057301	0.0096238
17.04057335	0.0094738
17.05057369	0.0093506
17.06057402	0.010128
17.07057436	0.0098516
17.0805747	0.0079625
17.09057503	0.0052162
17.10057537	0.0015138
17.11057571	-0.0028954
17.12057604	-0.0061854
17.13057638	-0.010459
17.14057672	-0.01927
17.15057705	-0.029867
17.16057739	-0.035041
17.17057773	-0.037247
17.18057806	-0.046854
17.1905784	-0.064393
17.20057873	-0.076973
17.21057907	-0.078037
17.22057941	-0.077079
17.23057974	-0.082649
17.24058008	-0.090389
17.25058042	-0.092098
17.26058075	-0.087102
17.27058109	-0.079511
17.28058143	-0.072007
17.29058176	-0.063678
17.3005821	-0.050609
17.31058244	-0.030619
17.32058277	-0.0097168
17.33058311	0.0020465
17.34058345	0.0037055
17.35058378	0.0044206
17.36058412	0.0091936
17.37058445	0.013223
17.38058479	0.010247
17.39058513	0.000045283
17.40058546	-0.014592
17.4105858	-0.030762
17.42058614	-0.04505
17.43058647	-0.053856
17.44058681	-0.057155
17.45058715	-0.057757
17.46058748	-0.057895
17.47058782	-0.058436
17.48058816	-0.058777
17.49058849	-0.056029
17.50058883	-0.047492
17.51058917	-0.034331
17.5205895	-0.019509
17.53058984	-0.0052532
17.54059017	0.0049575
17.55059051	0.0054991
17.56059085	-0.0042858
17.57059118	-0.014904
17.58059152	-0.015143
17.59059186	-0.003942
17.60059219	0.011465
17.61059253	0.024792
17.62059287	0.031827
17.6305932	0.027886
17.64059354	0.012383
17.65059388	-0.0082689
17.66059421	-0.027529
17.67059455	-0.045063
17.68059489	-0.057824
17.69059522	-0.052691
17.70059556	-0.018852
17.7105959	0.032966
17.72059623	0.076374
17.73059657	0.095151
17.7405969	0.095673
17.75059724	0.0912
17.76059758	0.084172
17.77059791	0.072156
17.78059825	0.062928
17.79059859	0.069533
17.80059892	0.08996
17.81059926	0.10572
17.8205996	0.1054
17.83059993	0.097702
17.84060027	0.094476
17.85060061	0.092902
17.86060094	0.082964
17.87060128	0.063679
17.88060162	0.04349
17.89060195	0.030913
17.90060229	0.028725
17.91060262	0.033625
17.92060296	0.038582
17.9306033	0.040846
17.94060363	0.044118
17.95060397	0.050508
17.96060431	0.055911
17.97060464	0.059534
17.98060498	0.067106
17.99060532	0.080908
18.00060565	0.095573
18.01060599	0.10854
18.02060633	0.12306
18.03060666	0.13805
18.040607	0.14805
18.05060734	0.15419
18.06060767	0.16171
18.07060801	0.16604
18.08060834	0.15769
18.09060868	0.13696
18.10060902	0.11101
18.11060935	0.080849
18.12060969	0.045589
18.13061003	0.011171
18.14061036	-0.016974
18.1506107	-0.041468
18.16061104	-0.060831
18.17061137	-0.062032
18.18061171	-0.038529
18.19061205	-0.0063654
18.20061238	0.014138
18.21061272	0.023508
18.22061306	0.035377
18.23061339	0.051696
18.24061373	0.061789
18.25061406	0.062868
18.2606144	0.06519
18.27061474	0.075705
18.28061507	0.084072
18.29061541	0.074193
18.30061575	0.043982
18.31061608	0.0075314
18.32061642	-0.022145
18.33061676	-0.042269
18.34061709	-0.054831
18.35061743	-0.05962
18.36061777	-0.056554
18.3706181	-0.048342
18.38061844	-0.039455
18.39061878	-0.032584
18.40061911	-0.028977
18.41061945	-0.027926
18.42061978	-0.028684
18.43062012	-0.032197
18.44062046	-0.041097
18.45062079	-0.054751
18.46062113	-0.068934
18.47062147	-0.080973
18.4806218	-0.092369
18.49062214	-0.10357
18.50062248	-0.11176
18.51062281	-0.1162
18.52062315	-0.12112
18.53062349	-0.13033
18.54062382	-0.14423
18.55062416	-0.16188
18.5606245	-0.18157
18.57062483	-0.19926
18.58062517	-0.21147
18.5906255	-0.21925
18.60062584	-0.22434
18.61062618	-0.22557
18.62062651	-0.22213
18.63062685	-0.21848
18.64062719	-0.21632
18.65062752	-0.20821
18.66062786	-0.18577
18.6706282	-0.15443
18.68062853	-0.12845
18.69062887	-0.11564
18.70062921	-0.11282
18.71062954	-0.11434
18.72062988	-0.11624
18.73063022	-0.11669
18.74063055	-0.11508
18.75063089	-0.1085
18.76063122	-0.089962
18.77063156	-0.059337
18.7806319	-0.032563
18.79063223	-0.027523
18.80063257	-0.040941
18.81063291	-0.053051
18.82063324	-0.055125
18.83063358	-0.056431
18.84063392	-0.063661
18.85063425	-0.070085
18.86063459	-0.070061
18.87063493	-0.068767
18.88063526	-0.07108
18.8906356	-0.073587
18.90063594	-0.071898
18.91063627	-0.066618
18.92063661	-0.057484
18.93063694	-0.041822
18.94063728	-0.020219
18.95063762	0.0014711
18.96063795	0.018822
18.97063829	0.031305
18.98063863	0.038823
18.99063896	0.041322
19.0006393	0.042431
19.01063964	0.046983
19.02063997	0.056154
19.03064031	0.068681
19.04064065	0.08355
19.05064098	0.098447
19.06064132	0.11003
19.07064166	0.1185
19.08064199	0.12635
19.09064233	0.13384
19.10064266	0.14059
19.110643	0.14979
19.12064334	0.16243
19.13064367	0.17152
19.14064401	0.17097
19.15064435	0.16679
19.16064468	0.16866
19.17064502	0.17442
19.18064536	0.17398
19.19064569	0.16514
19.20064603	0.15511
19.21064637	0.15098
19.2206467	0.15326
19.23064704	0.15804
19.24064738	0.16041
19.25064771	0.15946
19.26064805	0.15824
19.27064838	0.15662
19.28064872	0.14891
19.29064906	0.13463
19.30064939	0.12374
19.31064973	0.12253
19.32065007	0.12606
19.3306504	0.12809
19.34065074	0.12945
19.35065108	0.12868
19.36065141	0.11769
19.37065175	0.09305
19.38065209	0.063452
19.39065242	0.038333
19.40065276	0.018077
19.4106531	0.00028956
19.42065343	-0.013912
19.43065377	-0.02367
19.4406541	-0.030837
19.45065444	-0.03722
19.46065478	-0.04284
19.47065511	-0.046952
19.48065545	-0.046923
19.49065579	-0.041866
19.50065612	-0.03523
19.51065646	-0.030788
19.5206568	-0.025855
19.53065713	-0.01689
19.54065747	-0.0055837
19.55065781	0.0051707
19.56065814	0.017452
19.57065848	0.031126
19.58065882	0.039599
19.59065915	0.039869
19.60065949	0.037667
19.61065983	0.034357
19.62066016	0.020818
19.6306605	-0.0045791
19.64066083	-0.027193
19.65066117	-0.033436
19.66066151	-0.028318
19.67066184	-0.0249
19.68066218	-0.028593
19.69066252	-0.035608
19.70066285	-0.041703
19.71066319	-0.046997
19.72066353	-0.054945
19.73066386	-0.065456
19.7406642	-0.070772
19.75066454	-0.065479
19.76066487	-0.058241
19.77066521	-0.062458
19.78066555	-0.07484
19.79066588	-0.080214
19.80066622	-0.075195
19.81066655	-0.07193
19.82066689	-0.076401
19.83066723	-0.08241
19.84066756	-0.085489
19.8506679	-0.089317
19.86066824	-0.095244
19.87066857	-0.099254
19.88066891	-0.098732
19.89066925	-0.094055
19.90066958	-0.084516
19.91066992	-0.070197
19.92067026	-0.054268
19.93067059	-0.040425
19.94067093	-0.030758
19.95067127	-0.026847
19.9606716	-0.027263
19.97067194	-0.026248
19.98067227	-0.020513
19.99067261	-0.014776
20.00067295	-0.014075
20.01067328	-0.01517
20.02067362	-0.014057
20.03067396	-0.014589
20.04067429	-0.020731
20.05067463	-0.027032
20.06067497	-0.027454
20.0706753	-0.024688
20.08067564	-0.021847
20.09067598	-0.014591
20.10067631	-0.0012668
20.11067665	0.0089154
20.12067699	0.0095888
20.13067732	0.0094293
20.14067766	0.018971
20.15067799	0.032137
20.16067833	0.034095
20.17067867	0.021737
20.180679	0.0054654
20.19067934	-0.0055262
20.20067968	-0.012378
20.21068001	-0.021329
20.22068035	-0.034079
20.23068069	-0.044111
20.24068102	-0.045229
20.25068136	-0.041727
20.2606817	-0.044185
20.27068203	-0.052735
20.28068237	-0.054666
20.29068271	-0.043222
20.30068304	-0.027724
20.31068338	-0.019247
20.32068371	-0.016399
20.33068405	-0.012378
20.34068439	-0.0066972
20.35068472	-0.0024036
20.36068506	0.0022213
20.3706854	0.011565
20.38068573	0.025482
20.39068607	0.040708
20.40068641	0.054653
20.41068674	0.065708
20.42068708	0.07225
20.43068742	0.074368
20.44068775	0.073428
20.45068809	0.07103
20.46068843	0.068528
20.47068876	0.066902
20.4806891	0.065528
20.49068943	0.062428
20.50068977	0.056256
20.51069011	0.046964
20.52069044	0.03531
20.53069078	0.023308
20.54069112	0.014663
20.55069145	0.010089
20.56069179	0.0056201
20.57069213	-0.0012884
20.58069246	-0.0068223
20.5906928	-0.0083802
20.60069314	-0.010788
20.61069347	-0.017958
20.62069381	-0.022181
20.63069415	-0.013221
20.64069448	0.0054095
20.65069482	0.018363
20.66069515	0.018593
20.67069549	0.013442
20.68069583	0.012641
20.69069616	0.015188
20.7006965	0.014155
20.71069684	0.0074295
20.72069717	0.0021584
20.73069751	0.0047956
20.74069785	0.011405
20.75069818	0.011506
20.76069852	0.0033205
20.77069886	-0.0031152
20.78069919	-0.00066097
20.79069953	0.0056107
20.80069987	0.0075397
20.8107002	0.0046111
20.82070054	-0.00046129
20.83070087	-0.0072121
20.84070121	-0.014342
20.85070155	-0.016663
20.86070188	-0.011931
20.87070222	-0.0032114
20.88070256	0.0066612
20.89070289	0.01771
20.90070323	0.027568
20.91070357	0.032709
20.9207039	0.033941
20.93070424	0.034544
20.94070458	0.032992
20.95070491	0.025686
20.96070525	0.014259
20.97070559	0.0044809
20.98070592	-0.00089232
20.99070626	-0.0020914
21.00070659	0.000051381
21.01070693	0.0034513
21.02070727	0.0056614
21.0307076	0.007425
21.04070794	0.0095728
21.05070828	0.0083608
21.06070861	0.001983
21.07070895	-0.0029295
21.08070929	0.000079841
21.09070962	0.0048318
21.10070996	0.0021012
21.1107103	-0.0037233
21.12071063	-0.00078082
21.13071097	0.0090994
21.14071131	0.012374
21.15071164	0.0046388
21.16071198	-0.0029864
21.17071231	-0.00065141
21.18071265	0.0087057
21.19071299	0.016748
21.20071332	0.023552
21.21071366	0.037281
21.220714	0.059937
21.23071433	0.077375
21.24071467	0.072537
21.25071501	0.049213
21.26071534	0.029701
21.27071568	0.025627
21.28071602	0.025982
21.29071635	0.019587
21.30071669	0.012033
21.31071703	0.011521
21.32071736	0.013167
21.3307177	0.0086017
21.34071803	-0.00069503
21.35071837	-0.0098344
21.36071871	-0.01883
21.37071904	-0.026789
21.38071938	-0.030015
21.39071972	-0.031458
21.40072005	-0.04018
21.41072039	-0.057768
21.42072073	-0.076829
21.43072106	-0.092569
21.4407214	-0.1056
21.45072174	-0.11308
21.46072207	-0.10978
21.47072241	-0.098314
21.48072275	-0.087599
21.49072308	-0.081343
21.50072342	-0.075524
21.51072376	-0.068142
21.52072409	-0.060438
21.53072443	-0.053679
21.54072476	-0.046632
21.5507251	-0.039038
21.56072544	-0.031847
21.57072577	-0.029061
21.58072611	-0.034839
21.59072645	-0.046797
21.60072678	-0.053404
21.61072712	-0.044844
21.62072746	-0.024223
21.63072779	-0.0029535
21.64072813	0.011331
21.65072847	0.018315
21.6607288	0.021819
21.67072914	0.026187
21.68072948	0.032228
21.69072981	0.035843
21.70073015	0.035763
21.71073048	0.037524
21.72073082	0.043167
21.73073116	0.04285
21.74073149	0.02872
21.75073183	0.0095629
21.76073217	-0.00055522
21.7707325	-0.0014964
21.78073284	-0.0016488
21.79073318	-0.0031081
21.80073351	-0.002677
21.81073385	-0.0017809
21.82073419	-0.0037947
21.83073452	-0.0075342
21.84073486	-0.0098279
21.8507352	-0.0117
21.86073553	-0.015461
21.87073587	-0.020814
21.8807362	-0.026055
21.89073654	-0.029167
21.90073688	-0.027201
21.91073721	-0.019851
21.92073755	-0.010499
21.93073789	-0.00048927
21.94073822	0.011486
21.95073856	0.022391
21.9607389	0.026581
21.97073923	0.026493
21.98073957	0.031489
21.99073991	0.042843
22.00074024	0.05172
22.01074058	0.05357
22.02074092	0.053138
22.03074125	0.052111
22.04074159	0.048098
22.05074192	0.045625
22.06074226	0.05105
22.0707426	0.056236
22.08074293	0.046754
22.09074327	0.027083
22.10074361	0.01754
22.11074394	0.024981
22.12074428	0.035361
22.13074462	0.03913
22.14074495	0.042146
22.15074529	0.049267
22.16074563	0.054438
22.17074596	0.052828
22.1807463	0.047829
22.19074664	0.045155
22.20074697	0.049116
22.21074731	0.060943
22.22074764	0.073536
22.23074798	0.074114
22.24074832	0.062013
22.25074865	0.051547
22.26074899	0.05213
22.27074933	0.05604
22.28074966	0.053457
22.29075	0.045724
22.30075034	0.038078
22.31075067	0.031199
22.32075101	0.0255
22.33075135	0.023584
22.34075168	0.024508
22.35075202	0.024938
22.36075236	0.024734
22.37075269	0.023811
22.38075303	0.018229
22.39075336	0.0073333
22.4007537	-0.0021497
22.41075404	-0.0062207
22.42075437	-0.010137
22.43075471	-0.018564
22.44075505	-0.027443
22.45075538	-0.03131
22.46075572	-0.031257
22.47075606	-0.030132
22.48075639	-0.028154
22.49075673	-0.025848
22.50075707	-0.02576
22.5107574	-0.02873
22.52075774	-0.03193
22.53075808	-0.029906
22.54075841	-0.018354
22.55075875	-0.0012602
22.56075908	0.0098359
22.57075942	0.0093811
22.58075976	0.0070176
22.59076009	0.012881
22.60076043	0.021227
22.61076077	0.019085
22.6207611	0.0057574
22.63076144	-0.0097876
22.64076178	-0.024065
22.65076211	-0.039943
22.66076245	-0.058007
22.67076279	-0.075933
22.68076312	-0.091154
22.69076346	-0.098666
22.7007638	-0.097157
22.71076413	-0.096533
22.72076447	-0.1078
22.7307648	-0.12357
22.74076514	-0.12686
22.75076548	-0.11467
22.76076581	-0.099183
22.77076615	-0.086476
22.78076649	-0.072653
22.79076682	-0.057766
22.80076716	-0.04778
22.8107675	-0.042856
22.82076783	-0.03819
22.83076817	-0.034422
22.84076851	-0.035188
22.85076884	-0.038817
22.86076918	-0.041962
22.87076952	-0.045774
22.88076985	-0.052065
22.89077019	-0.059349
22.90077052	-0.065856
22.91077086	-0.071054
22.9207712	-0.073688
22.93077153	-0.07288
22.94077187	-0.06949
22.95077221	-0.062334
22.96077254	-0.048582
22.97077288	-0.030673
22.98077322	-0.016728
22.99077355	-0.0086317
23.00077389	-0.00018007
23.01077423	0.011004
23.02077456	0.020631
23.0307749	0.028035
23.04077524	0.036272
23.05077557	0.040455
23.06077591	0.032618
23.07077624	0.016552
23.08077658	0.0051271
23.09077692	0.00051534
23.10077725	-0.0074674
23.11077759	-0.02274
23.12077793	-0.035443
23.13077826	-0.035486
23.1407786	-0.026369
23.15077894	-0.018254
23.16077927	-0.014325
23.17077961	-0.0063622
23.18077995	0.011582
23.19078028	0.032113
23.20078062	0.041211
23.21078096	0.03741
23.22078129	0.032948
23.23078163	0.035518
23.24078197	0.039769
23.2507823	0.040059
23.26078264	0.038615
23.27078297	0.037285
23.28078331	0.033106
23.29078365	0.026706
23.30078398	0.023686
23.31078432	0.024387
23.32078466	0.022045
23.33078499	0.015632
23.34078533	0.012901
23.35078567	0.01781
23.360786	0.025085
23.37078634	0.031514
23.38078668	0.041027
23.39078701	0.055103
23.40078735	0.068285
23.41078769	0.076891
23.42078802	0.083535
23.43078836	0.089566
23.44078869	0.091855
23.45078903	0.089533
23.46078937	0.08612
23.4707897	0.082644
23.48079004	0.077179
23.49079038	0.069859
23.50079071	0.06193
23.51079105	0.052704
23.52079139	0.04408
23.53079172	0.041107
23.54079206	0.041939
23.5507924	0.036402
23.56079273	0.02276
23.57079307	0.015553
23.58079341	0.025967
23.59079374	0.044838
23.60079408	0.05592
23.61079441	0.056405
23.62079475	0.054583
23.63079509	0.055139
23.64079542	0.055514
23.65079576	0.051848
23.6607961	0.044349
23.67079643	0.037981
23.68079677	0.036307
23.69079711	0.034657
23.70079744	0.025423
23.71079778	0.010912
23.72079812	0.0014944
23.73079845	-0.000067832
23.74079879	-0.0018518
23.75079913	-0.0088001
23.76079946	-0.01588
23.7707998	-0.017767
23.78080013	-0.014887
23.79080047	-0.0093072
23.80080081	-0.0031768
23.81080114	-0.0003075
23.82080148	-0.0015824
23.83080182	-0.0026286
23.84080215	-0.0013792
23.85080249	-0.0011735
23.86080283	-0.0024028
23.87080316	-0.00055251
23.8808035	0.0038738
23.89080384	0.00457
23.90080417	0.0011632
23.91080451	-0.00083241
23.92080485	-0.002085
23.93080518	-0.008504
23.94080552	-0.019101
23.95080585	-0.02821
23.96080619	-0.03536
23.97080653	-0.042029
23.98080686	-0.043992
23.9908072	-0.039194
24.00080754	-0.03393
24.01080787	-0.031541
24.02080821	-0.026301
24.03080855	-0.018701
24.04080888	-0.01969
24.05080922	-0.029494
24.06080956	-0.032081
24.07080989	-0.020734
24.08081023	-0.00974
24.09081057	-0.01063
24.1008109	-0.016531
24.11081124	-0.017925
24.12081157	-0.017449
24.13081191	-0.020665
24.14081225	-0.024768
24.15081258	-0.024154
24.16081292	-0.017974
24.17081326	-0.010262
24.18081359	-0.0063435
24.19081393	-0.0083509
24.20081427	-0.010971
24.2108146	-0.0083765
24.22081494	-0.0045201
24.23081528	-0.0074692
24.24081561	-0.01653
24.25081595	-0.024785
24.26081629	-0.030848
24.27081662	-0.037874
24.28081696	-0.044972
24.29081729	-0.04938
24.30081763	-0.0526
24.31081797	-0.056277
24.3208183	-0.056889
24.33081864	-0.052641
24.34081898	-0.048919
24.35081931	-0.051091
24.36081965	-0.05756
24.37081999	-0.063668
24.38082032	-0.06757
24.39082066	-0.070071
24.400821	-0.071541
24.41082133	-0.07071
24.42082167	-0.065566
24.43082201	-0.056185
24.44082234	-0.044579
24.45082268	-0.031537
24.46082301	-0.01647
24.47082335	-0.0014314
24.48082369	0.011271
24.49082402	0.024015
24.50082436	0.03884
24.5108247	0.04821
24.52082503	0.044241
24.53082537	0.034824
24.54082571	0.035999
24.55082604	0.04767
24.56082638	0.05392
24.57082672	0.046527
24.58082705	0.03291
24.59082739	0.022204
24.60082773	0.015828
24.61082806	0.010588
24.6208284	0.003704
24.63082873	-0.0038567
24.64082907	-0.0047239
24.65082941	0.0052567
24.66082974	0.017383
24.67083008	0.019768
24.68083042	0.017553
24.69083075	0.023612
24.70083109	0.036118
24.71083143	0.042047
24.72083176	0.039531
24.7308321	0.036462
24.74083244	0.033685
24.75083277	0.026348
24.76083311	0.016717
24.77083345	0.010202
24.78083378	0.0045597
24.79083412	-0.0035911
24.80083445	-0.0096281
24.81083479	-0.0098874
24.82083513	-0.01042
24.83083546	-0.016206
24.8408358	-0.022778
24.85083614	-0.025826
24.86083647	-0.028246
24.87083681	-0.031275
24.88083715	-0.031021
24.89083748	-0.027119
24.90083782	-0.024166
24.91083816	-0.02273
24.92083849	-0.019115
24.93083883	-0.014307
24.94083917	-0.012159
24.9508395	-0.011161
24.96083984	-0.0076528
24.97084017	-0.0044787
24.98084051	-0.0042489
24.99084085	-0.0014497
25.00084118	0.0075165
25.01084152	0.01335
25.02084186	0.0075586
25.03084219	-0.0020387
25.04084253	-0.0015333
25.05084287	0.0084842
25.0608432	0.015725
25.07084354	0.012712
25.08084388	0.0020562
25.09084421	-0.010489
25.10084455	-0.021043
25.11084489	-0.030176
25.12084522	-0.041207
25.13084556	-0.052837
25.1408459	-0.057142
25.15084623	-0.052919
25.16084657	-0.051633
25.1708469	-0.0616
25.18084724	-0.072686
25.19084758	-0.071969
25.20084791	-0.062334
25.21084825	-0.055186
25.22084859	-0.05205
25.23084892	-0.048413
25.24084926	-0.044025
25.2508496	-0.040787
25.26084993	-0.035962
25.27085027	-0.027972
25.28085061	-0.019734
25.29085094	-0.013836
25.30085128	-0.0079159
25.31085162	-0.0012449
25.32085195	0.0046141
25.33085229	0.0099284
25.34085262	0.016465
25.35085296	0.022286
25.3608533	0.026668
25.37085363	0.035231
25.38085397	0.051492
25.39085431	0.06824
25.40085464	0.076382
25.41085498	0.078335
25.42085532	0.082085
25.43085565	0.087637
25.44085599	0.088592
25.45085633	0.084449
25.46085666	0.080325
25.470857	0.078623
25.48085734	0.076998
25.49085767	0.073587
25.50085801	0.067077
25.51085834	0.056471
25.52085868	0.044178
25.53085902	0.037236
25.54085935	0.037477
25.55085969	0.036277
25.56086003	0.02532
25.57086036	0.010788
25.5808607	0.0055538
25.59086104	0.010394
25.60086137	0.013962
25.61086171	0.013974
25.62086205	0.023549
25.63086238	0.0489
25.64086272	0.073102
25.65086306	0.07713
25.66086339	0.067551
25.67086373	0.065281
25.68086406	0.074374
25.6908644	0.080893
25.70086474	0.078654
25.71086507	0.076237
25.72086541	0.079207
25.73086575	0.082076
25.74086608	0.080029
25.75086642	0.075631
25.76086676	0.071339
25.77086709	0.066396
25.78086743	0.061346
25.79086777	0.056822
25.8008681	0.049644
25.81086844	0.03742
25.82086878	0.024371
25.83086911	0.015758
25.84086945	0.010885
25.85086978	0.0062364
25.86087012	0.0011662
25.87087046	-0.0034368
25.88087079	-0.0082367
25.89087113	-0.013455
25.90087147	-0.017441
25.9108718	-0.019359
25.92087214	-0.021044
25.93087248	-0.025028
25.94087281	-0.032317
25.95087315	-0.040795
25.96087349	-0.04619
25.97087382	-0.04757
25.98087416	-0.05184
25.9908745	-0.065328
26.00087483	-0.081362
26.01087517	-0.085219
26.0208755	-0.073291
26.03087584	-0.057587
26.04087618	-0.048072
26.05087651	-0.042014
26.06087685	-0.032637
26.07087719	-0.020715
26.08087752	-0.011679
26.09087786	-0.0069966
26.1008782	-0.0028694
26.11087853	0.0045882
26.12087887	0.014016
26.13087921	0.01885
26.14087954	0.013269
26.15087988	0.0010861
26.16088022	-0.0072349
26.17088055	-0.0076283
26.18088089	-0.0070355
26.19088122	-0.012437
26.20088156	-0.022127
26.2108819	-0.030766
26.22088223	-0.03719
26.23088257	-0.043037
26.24088291	-0.047844
26.25088324	-0.049699
26.26088358	-0.049008
26.27088392	-0.04853
26.28088425	-0.050508
26.29088459	-0.054342
26.30088493	-0.056948
26.31088526	-0.056541
26.3208856	-0.055085
26.33088594	-0.055862
26.34088627	-0.058346
26.35088661	-0.059355
26.36088694	-0.057859
26.37088728	-0.056246
26.38088762	-0.05578
26.39088795	-0.055931
26.40088829	-0.056766
26.41088863	-0.05919
26.42088896	-0.063065
26.4308893	-0.069125
26.44088964	-0.078425
26.45088997	-0.088112
26.46089031	-0.092042
26.47089065	-0.090028
26.48089098	-0.089133
26.49089132	-0.092073
26.50089166	-0.090193
26.51089199	-0.075297
26.52089233	-0.051981
26.53089266	-0.032789
26.540893	-0.02295
26.55089334	-0.017744
26.56089367	-0.011493
26.57089401	-0.0059822
26.58089435	-0.0059161
26.59089468	-0.0097121
26.60089502	-0.0078791
26.61089536	0.0041912
26.62089569	0.017079
26.63089603	0.017997
26.64089637	0.0083804
26.6508967	0.0013717
26.66089704	0.0040443
26.67089738	0.012509
26.68089771	0.022301
26.69089805	0.032641
26.70089838	0.041681
26.71089872	0.047795
26.72089906	0.053168
26.73089939	0.059364
26.74089973	0.062917
26.75090007	0.062107
26.7609004	0.061205
26.77090074	0.06245
26.78090108	0.060887
26.79090141	0.05383
26.80090175	0.047246
26.81090209	0.046288
26.82090242	0.047778
26.83090276	0.047479
26.8409031	0.04671
26.85090343	0.047263
26.86090377	0.047578
26.8709041	0.047046
26.88090444	0.047152
26.89090478	0.047133
26.90090511	0.046536
26.91090545	0.049501
26.92090579	0.058018
26.93090612	0.064339
26.94090646	0.062434
26.9509068	0.059278
26.96090713	0.062638
26.97090747	0.063965
26.98090781	0.050782
26.99090814	0.030348
27.00090848	0.022919
27.01090882	0.032612
27.02090915	0.043502
27.03090949	0.044144
27.04090983	0.039676
27.05091016	0.038384
27.0609105	0.040565
27.07091083	0.041442
27.08091117	0.038227
27.09091151	0.032859
27.10091184	0.031739
27.11091218	0.037675
27.12091252	0.042727
27.13091285	0.035539
27.14091319	0.018085
27.15091353	0.0034804
27.16091386	-0.0021373
27.1709142	-0.005022
27.18091454	-0.010115
27.19091487	-0.014946
27.20091521	-0.017279
27.21091555	-0.019787
27.22091588	-0.02385
27.23091622	-0.027737
27.24091655	-0.030548
27.25091689	-0.033858
27.26091723	-0.037705
27.27091756	-0.041523
27.2809179	-0.045386
27.29091824	-0.048975
27.30091857	-0.050456
27.31091891	-0.049828
27.32091925	-0.04951
27.33091958	-0.051222
27.34091992	-0.054655
27.35092026	-0.058717
27.36092059	-0.062149
27.37092093	-0.063531
27.38092127	-0.063755
27.3909216	-0.06427
27.40092194	-0.062595
27.41092227	-0.054509
27.42092261	-0.043275
27.43092295	-0.036452
27.44092328	-0.033753
27.45092362	-0.027504
27.46092396	-0.018251
27.47092429	-0.015358
27.48092463	-0.019884
27.49092497	-0.019294
27.5009253	-0.0077677
27.51092564	0.0028143
27.52092598	0.00082838
27.53092631	-0.0075338
27.54092665	-0.0088795
27.55092699	-0.0013358
27.56092732	0.0058694
27.57092766	0.0067372
27.58092799	0.0056397
27.59092833	0.01093
27.60092867	0.022961
27.610929	0.03119
27.62092934	0.025841
27.63092968	0.01303
27.64093001	0.0082539
27.65093035	0.01534
27.66093069	0.021956
27.67093102	0.020345
27.68093136	0.017496
27.6909317	0.020861
27.70093203	0.02631
27.71093237	0.027146
27.72093271	0.024645
27.73093304	0.022133
27.74093338	0.018491
27.75093371	0.012627
27.76093405	0.0077845
27.77093439	0.0058165
27.78093472	0.0054161
27.79093506	0.0071154
27.8009354	0.012733
27.81093573	0.019338
27.82093607	0.021338
27.83093641	0.018308
27.84093674	0.01428
27.85093708	0.012459
27.86093742	0.013909
27.87093775	0.018262
27.88093809	0.021542
27.89093843	0.020317
27.90093876	0.018235
27.9109391	0.020811
27.92093943	0.024326
27.93093977	0.022192
27.94094011	0.0188
27.95094044	0.021519
27.96094078	0.022355
27.97094112	0.0084973
27.98094145	-0.012286
27.99094179	-0.018422
28.00094213	-0.0073546
28.01094246	0.0021909
28.0209428	-0.00069933
28.03094314	-0.0079675
28.04094347	-0.011138
28.05094381	-0.01208
28.06094415	-0.015078
28.07094448	-0.021374
28.08094482	-0.029636
28.09094515	-0.034588
28.10094549	-0.031123
28.11094583	-0.024877
28.12094616	-0.027127
28.1309465	-0.036466
28.14094684	-0.039229
28.15094717	-0.031438
28.16094751	-0.023563
28.17094785	-0.021362
28.18094818	-0.018338
28.19094852	-0.011376
28.20094886	-0.0068955
28.21094919	-0.0076691
28.22094953	-0.0086033
28.23094987	-0.0072922
28.2409502	-0.0069693
28.25095054	-0.0079759
28.26095087	-0.0081286
28.27095121	-0.0088436
28.28095155	-0.01239
28.29095188	-0.015442
28.30095222	-0.014679
28.31095256	-0.012982
28.32095289	-0.013695
28.33095323	-0.013825
28.34095357	-0.010738
28.3509539	-0.0080662
28.36095424	-0.0097575
28.37095458	-0.0128
28.38095491	-0.012576
28.39095525	-0.0093642
28.40095559	-0.0064976
28.41095592	-0.0057897
28.42095626	-0.0071027
28.43095659	-0.0083238
28.44095693	-0.0067474
28.45095727	-0.0036765
28.4609576	-0.0037243
28.47095794	-0.0063811
28.48095828	-0.0036979
28.49095861	0.007985
28.50095895	0.020351
28.51095929	0.022992
28.52095962	0.01645
28.53095996	0.0096356
28.5409603	0.0072543
28.55096063	0.0052425
28.56096097	-0.00076149
28.57096131	-0.0074453
28.58096164	-0.007308
28.59096198	-0.0005649
28.60096231	0.0029365
28.61096265	-0.0041431
28.62096299	-0.01593
28.63096332	-0.021898
28.64096366	-0.020992
28.650964	-0.020489
28.66096433	-0.024315
28.67096467	-0.02939
28.68096501	-0.032419
28.69096534	-0.032593
28.70096568	-0.029963
28.71096602	-0.023888
28.72096635	-0.015522
28.73096669	-0.0066046
28.74096703	0.0022908
28.75096736	0.012867
28.7609677	0.024802
28.77096803	0.034146
28.78096837	0.037113
28.79096871	0.036147
28.80096904	0.036439
28.81096938	0.03764
28.82096972	0.034632
28.83097005	0.027494
28.84097039	0.023018
28.85097073	0.023086
28.86097106	0.02168
28.8709714	0.016902
28.88097174	0.015734
28.89097207	0.020913
28.90097241	0.025103
28.91097275	0.023821
28.92097308	0.022089
28.93097342	0.022793
28.94097376	0.019173
28.95097409	0.0072988
28.96097443	-0.0035451
28.97097476	-0.0012829
28.9809751	0.012279
28.99097544	0.023929
29.00097577	0.025855
29.01097611	0.022741
29.02097645	0.022448
29.03097678	0.024999
29.04097712	0.024658
29.05097746	0.021541
29.06097779	0.024346
29.07097813	0.037664
29.08097847	0.051853
29.0909788	0.054618
29.10097914	0.047851
29.11097948	0.04427
29.12097981	0.048432
29.13098015	0.053074
29.14098048	0.052495
29.15098082	0.049076
29.16098116	0.045152
29.17098149	0.038959
29.18098183	0.030288
29.19098217	0.022839
29.2009825	0.01821
29.21098284	0.01385
29.22098318	0.0085809
29.23098351	0.0043533
29.24098385	0.0016233
29.25098419	-0.0011324
29.26098452	-0.0037292
29.27098486	-0.005401
29.2809852	-0.0080835
29.29098553	-0.012859
29.30098587	-0.016602
29.3109862	-0.0172
29.32098654	-0.018387
29.33098688	-0.02268
29.34098721	-0.025865
29.35098755	-0.024393
29.36098789	-0.021518
29.37098822	-0.020132
29.38098856	-0.017854
29.3909889	-0.014065
29.40098923	-0.012263
29.41098957	-0.011976
29.42098991	-0.0090299
29.43099024	-0.0074369
29.44099058	-0.015593
29.45099092	-0.027618
29.46099125	-0.026343
29.47099159	-0.0098076
29.48099192	0.0043118
29.49099226	0.0051298
29.5009926	0.0012264
29.51099293	0.0033386
29.52099327	0.0091683
29.53099361	0.011289
29.54099394	0.0088347
29.55099428	0.0064752
29.56099462	0.008854
29.57099495	0.016237
29.58099529	0.022594
29.59099563	0.020457
29.60099596	0.012208
29.6109963	0.0076155
29.62099664	0.010436
29.63099697	0.01457
29.64099731	0.01505
29.65099764	0.013314
29.66099798	0.01072
29.67099832	0.0053413
29.68099865	-0.0029487
29.69099899	-0.010953
29.70099933	-0.017545
29.71099966	-0.024394
29.721	-0.031516
#N/A	-0.037107
#N/A	-0.040828
#N/A	-0.043531
#N/A	-0.044721
#N/A	-0.044047
#N/A	-0.043291
#N/A	-0.043991
#N/A	-0.044639
#N/A	-0.043541
#N/A	-0.042869
#N/A	-0.045539
#N/A	-0.050146
#N/A	-0.052819
#N/A	-0.052712
