0	-0.0029463
0.010000336	-0.0079768
0.020000673	-0.012927
0.030001009	-0.0078747
0.040001346	0.0060398
0.050001682	0.018096
0.060002019	0.018458
0.070002355	0.016927
0.080002692	0.02215
0.090003028	0.028458
0.100003365	0.026063
0.110003701	0.01896
0.120004038	0.018111
0.130004374	0.022733
0.140004711	0.024305
0.150005047	0.022977
0.160005384	0.022408
0.17000572	0.019743
0.180006057	0.015662
0.190006393	0.018999
0.200006729	0.029614
0.210007066	0.032939
0.220007402	0.023956
0.230007739	0.014978
0.240008075	0.012914
0.250008412	0.0083429
0.260008748	0.0001709
0.270009085	0.0044857
0.280009421	0.026233
0.290009758	0.043523
0.300010094	0.038565
0.310010431	0.022832
0.320010767	0.016951
0.330011104	0.022216
0.34001144	0.027323
0.350011777	0.027911
0.360012113	0.024846
0.37001245	0.016671
0.380012786	0.0077189
0.390013122	0.010229
0.400013459	0.025502
0.410013795	0.035998
0.420014132	0.030846
0.430014468	0.022896
0.440014805	0.026875
0.450015141	0.035551
0.460015478	0.032787
0.470015814	0.017103
0.480016151	-0.0018225
0.490016487	-0.018848
0.500016824	-0.032412
0.51001716	-0.039371
0.520017497	-0.041748
0.530017833	-0.041275
0.54001817	-0.023142
0.550018506	0.027298
0.560018843	0.087087
0.570019179	0.11012
0.580019515	0.08521
0.590019852	0.048293
0.600020188	0.027653
0.610020525	0.014404
0.620020861	-0.0022824
0.630021198	-0.0079402
0.640021534	0.0091835
0.650021871	0.0338
0.660022207	0.040435
0.670022544	0.017269
0.68002288	-0.028214
0.690023217	-0.067973
0.700023553	-0.06831
0.71002389	-0.028535
0.720024226	0.010013
0.730024563	0.014969
0.740024899	0.0014523
0.750025236	-0.0033696
0.760025572	-0.0036415
0.770025908	-0.013741
0.780026245	-0.023818
0.790026581	-0.016998
0.800026918	0.0001334
0.810027254	0.0121
0.820027591	0.01795
0.830027927	0.023797
0.840028264	0.029103
0.8500286	0.032901
0.860028937	0.03563
0.870029273	0.033242
0.88002961	0.023417
0.890029946	0.014284
0.900030283	0.011439
0.910030619	0.012562
0.920030956	0.027086
0.930031292	0.07197
0.940031629	0.12641
0.950031965	0.12832
0.960032301	0.046208
0.970032638	-0.078433
0.980032974	-0.17746
0.990033311	-0.20929
1.000033647	-0.15709
1.010033984	-0.03804
1.02003432	0.062766
1.030034657	0.04468
1.040034993	-0.082001
1.05003533	-0.18339
1.060035666	-0.16086
1.070036003	-0.058089
1.080036339	0.024468
1.090036676	0.062167
1.100037012	0.094752
1.110037349	0.13418
1.120037685	0.15066
1.130038022	0.13076
1.140038358	0.095184
1.150038694	0.066847
1.160039031	0.050483
1.170039367	0.036599
1.180039704	0.012989
1.19004004	-0.025484
1.200040377	-0.071502
1.210040713	-0.1075
1.22004105	-0.10748
1.230041386	-0.053774
1.240041723	0.025517
1.250042059	0.045331
1.260042396	-0.054425
1.270042732	-0.2072
1.280043069	-0.26164
1.290043405	-0.1573
1.300043742	0.0093142
1.310044078	0.12521
1.320044415	0.18979
1.330044751	0.23553
1.340045087	0.21048
1.350045424	0.055212
1.36004576	-0.15081
1.370046097	-0.25079
1.380046433	-0.20252
1.39004677	-0.095595
1.400047106	-0.0028453
1.410047443	0.064247
1.420047779	0.070271
1.430048116	-0.026995
1.440048452	-0.15663
1.450048789	-0.16765
1.460049125	-0.026601
1.470049462	0.12471
1.480049798	0.13629
1.490050135	-0.0092095
1.500050471	-0.22246
1.510050808	-0.37176
1.520051144	-0.34072
1.53005148	-0.135
1.540051817	0.070001
1.550052153	0.098422
1.56005249	-0.019409
1.570052826	-0.10678
1.580053163	-0.074085
1.590053499	0.024574
1.600053836	0.12565
1.610054172	0.20582
1.620054509	0.22002
1.630054845	0.13254
1.640055182	0.011953
1.650055518	-0.026312
1.660055855	0.029184
1.670056191	0.090811
1.680056528	0.10659
1.690056864	0.085068
1.700057201	0.017885
1.710057537	-0.10103
1.720057873	-0.19814
1.73005821	-0.18379
1.740058546	-0.089952
1.750058883	-0.034288
1.760059219	-0.054159
1.770059556	-0.084098
1.780059892	-0.087643
1.790060229	-0.095666
1.800060565	-0.10533
1.810060902	-0.068482
1.820061238	-0.013271
1.830061575	-0.048576
1.840061911	-0.17983
1.850062248	-0.24481
1.860062584	-0.12612
1.870062921	0.06871
1.880063257	0.14625
1.890063594	0.07052
1.90006393	-0.050487
1.910064266	-0.15841
1.920064603	-0.27103
1.930064939	-0.35026
1.940065276	-0.31473
1.950065612	-0.19406
1.960065949	-0.12745
1.970066285	-0.17774
1.980066622	-0.25891
1.990066958	-0.27513
2.000067295	-0.23334
2.010067631	-0.18361
2.020067968	-0.13717
2.030068304	-0.078195
2.040068641	0.0040048
2.050068977	0.11421
2.060069314	0.23608
2.07006965	0.32294
2.080069987	0.34616
2.090070323	0.3388
2.100070659	0.34472
2.110070996	0.33944
2.120071332	0.24957
2.130071669	0.048945
2.140072005	-0.19022
2.150072342	-0.34855
2.160072678	-0.3645
2.170073015	-0.30151
2.180073351	-0.29033
2.190073688	-0.38434
2.200074024	-0.50637
2.210074361	-0.5669
2.220074697	-0.5818
2.230075034	-0.61441
2.24007537	-0.66384
2.250075707	-0.67493
2.260076043	-0.61554
2.27007638	-0.46739
2.280076716	-0.18405
2.290077052	0.24276
2.300077389	0.68634
2.310077725	0.95597
2.320078062	1.002
2.330078398	0.96347
2.340078735	0.98524
2.350079071	1.0702
2.360079408	1.1669
2.370079744	1.2934
2.380080081	1.4693
2.390080417	1.6149
2.400080754	1.6625
2.41008109	1.6902
2.420081427	1.7544
2.430081763	1.6606
2.4400821	1.135
2.450082436	0.23543
2.460082773	-0.64982
2.470083109	-1.2433
2.480083445	-1.6135
2.490083782	-1.9244
2.500084118	-2.1793
2.510084455	-2.2859
2.520084791	-2.2228
2.530085128	-2.061
2.540085464	-1.8958
2.550085801	-1.7782
2.560086137	-1.6786
2.570086474	-1.5402
2.58008681	-1.3783
2.590087147	-1.2533
2.600087483	-1.1249
2.61008782	-0.86317
2.620088156	-0.46237
2.630088493	-0.11156
2.640088829	0.0424
2.650089166	0.078153
2.660089502	0.16902
2.670089838	0.3644
2.680090175	0.57972
2.690090511	0.7334
2.700090848	0.82409
2.710091184	0.90315
2.720091521	1.0168
2.730091857	1.1724
2.740092194	1.3399
2.75009253	1.4888
2.760092867	1.6088
2.770093203	1.6892
2.78009354	1.6976
2.790093876	1.6091
2.800094213	1.44
2.810094549	1.2227
2.820094886	0.96708
2.830095222	0.66894
2.840095559	0.34943
2.850095895	0.039767
2.860096231	-0.25212
2.870096568	-0.52669
2.880096904	-0.73931
2.890097241	-0.82533
2.900097577	-0.77983
2.910097914	-0.66341
2.92009825	-0.52664
2.930098587	-0.39002
2.940098923	-0.28725
2.95009926	-0.248
2.960099596	-0.24121
2.970099933	-0.21717
2.980100269	-0.19363
2.990100606	-0.20974
3.000100942	-0.21677
3.010101279	-0.13403
3.020101615	-0.0020763
3.030101952	0.038649
3.040102288	-0.069124
3.050102624	-0.25099
3.060102961	-0.43163
3.070103297	-0.60138
3.080103634	-0.74618
3.09010397	-0.83074
3.100104307	-0.86503
3.110104643	-0.89469
3.12010498	-0.90763
3.130105316	-0.82891
3.140105653	-0.62496
3.150105989	-0.35726
3.160106326	-0.12199
3.170106662	0.017123
3.180106999	0.037499
3.190107335	-0.043057
3.200107672	-0.16311
3.210108008	-0.25033
3.220108345	-0.27165
3.230108681	-0.23939
3.240109017	-0.18397
3.250109354	-0.13476
3.26010969	-0.10175
3.270110027	-0.058198
3.280110363	0.028413
3.2901107	0.13884
3.300111036	0.22031
3.310111373	0.27197
3.320111709	0.35235
3.330112046	0.49494
3.340112382	0.6763
3.350112719	0.8866
3.360113055	1.1603
3.370113392	1.5105
3.380113728	1.883
3.390114065	2.1934
3.400114401	2.3537
3.410114738	2.2651
3.420115074	1.8895
3.43011541	1.3467
3.440115747	0.85401
3.450116083	0.53495
3.46011642	0.35595
3.470116756	0.25518
3.480117093	0.2573
3.490117429	0.41999
3.500117766	0.71613
3.510118102	1.0225
3.520118439	1.2281
3.530118775	1.3181
3.540119112	1.3375
3.550119448	1.3015
3.560119785	1.1867
3.570120121	1.0082
3.580120458	0.84546
3.590120794	0.75799
3.600121131	0.72763
3.610121467	0.72507
3.620121803	0.76587
3.63012214	0.85411
3.640122476	0.94328
3.650122813	1.0187
3.660123149	1.1322
3.670123486	1.2794
3.680123822	1.3154
3.690124159	1.0992
3.700124495	0.67581
3.710124832	0.22603
3.720125168	-0.12405
3.730125505	-0.36607
3.740125841	-0.53254
3.750126178	-0.65855
3.760126514	-0.79326
3.770126851	-0.97191
3.780127187	-1.1794
3.790127524	-1.3873
3.80012786	-1.5927
3.810128197	-1.7886
3.820128533	-1.9409
3.830128869	-2.039
3.840129206	-2.1228
3.850129542	-2.2224
3.860129879	-2.2964
3.870130215	-2.2584
3.880130552	-2.0472
3.890130888	-1.6758
3.900131225	-1.2405
3.910131561	-0.87119
3.920131898	-0.63844
3.930132234	-0.51535
3.940132571	-0.44239
3.950132907	-0.38589
3.960133244	-0.31453
3.97013358	-0.18049
3.980133917	0.023708
3.990134253	0.24133
4.00013459	0.43769
4.010134926	0.64749
4.020135262	0.8895
4.030135599	1.09
4.040135935	1.1718
4.050136272	1.1523
4.060136608	1.0914
4.070136945	0.98092
4.080137281	0.77954
4.090137618	0.52228
4.100137954	0.30576
4.110138291	0.17132
4.120138627	0.084104
4.130138964	0.018197
4.1401393	-0.027373
4.150139637	-0.087039
4.160139973	-0.21549
4.17014031	-0.40802
4.180140646	-0.61391
4.190140983	-0.81992
4.200141319	-1.0423
4.210141655	-1.2507
4.220141992	-1.3889
4.230142328	-1.4489
4.240142665	-1.4499
4.250143001	-1.3928
4.260143338	-1.3056
4.270143674	-1.2608
4.280144011	-1.2807
4.290144347	-1.3203
4.300144684	-1.3784
4.31014502	-1.4944
4.320145357	-1.6199
4.330145693	-1.6628
4.34014603	-1.6522
4.350146366	-1.665
4.360146703	-1.586
4.370147039	-1.2157
4.380147376	-0.61531
4.390147712	-0.092385
4.400148048	0.21634
4.410148385	0.45807
4.420148721	0.76115
4.430149058	1.0483
4.440149394	1.1767
4.450149731	1.0621
4.460150067	0.70917
4.470150404	0.25339
4.48015074	-0.0921
4.490151077	-0.25295
4.500151413	-0.34739
4.51015175	-0.4762
4.520152086	-0.59806
4.530152423	-0.67683
4.540152759	-0.74519
4.550153096	-0.74866
4.560153432	-0.52704
4.570153769	-0.065083
4.580154105	0.41787
4.590154441	0.73567
4.600154778	0.93283
4.610155114	1.1293
4.620155451	1.3048
4.630155787	1.3213
4.640156124	1.0825
4.65015646	0.61179
4.660156797	0.035083
4.670157133	-0.48749
4.68015747	-0.84309
4.690157806	-1.0278
4.700158143	-1.105
4.710158479	-1.1051
4.720158816	-0.98559
4.730159152	-0.71311
4.740159489	-0.34492
4.750159825	0.012121
4.760160162	0.30516
4.770160498	0.55172
4.780160834	0.75793
4.790161171	0.88175
4.800161507	0.88854
4.810161844	0.80299
4.82016218	0.68352
4.830162517	0.58041
4.840162853	0.53471
4.85016319	0.57349
4.860163526	0.68171
4.870163863	0.80546
4.880164199	0.91036
4.890164536	1.0054
4.900164872	1.0929
4.910165209	1.1258
4.920165545	1.054
4.930165882	0.89434
4.940166218	0.71888
4.950166555	0.57976
4.960166891	0.46535
4.970167227	0.32727
4.980167564	0.12839
4.9901679	-0.12672
5.000168237	-0.39115
5.010168573	-0.60069
5.02016891	-0.71995
5.030169246	-0.76088
5.040169583	-0.75886
5.050169919	-0.74363
5.060170256	-0.73576
5.070170592	-0.73545
5.080170929	-0.70181
5.090171265	-0.5763
5.100171602	-0.35392
5.110171938	-0.10752
5.120172275	0.081226
5.130172611	0.19426
5.140172948	0.26382
5.150173284	0.31676
5.16017362	0.35596
5.170173957	0.37447
5.180174293	0.36245
5.19017463	0.31354
5.200174966	0.2415
5.210175303	0.18018
5.220175639	0.15312
5.230175976	0.15381
5.240176312	0.16287
5.250176649	0.16936
5.260176985	0.16717
5.270177322	0.14887
5.280177658	0.11338
5.290177995	0.065653
5.300178331	0.0083882
5.310178668	-0.055067
5.320179004	-0.11349
5.330179341	-0.1595
5.340179677	-0.19629
5.350180013	-0.21729
5.36018035	-0.19498
5.370180686	-0.11842
5.380181023	-0.023791
5.390181359	0.039758
5.400181696	0.059427
5.410182032	0.047318
5.420182369	0.012896
5.430182705	-0.02427
5.440183042	-0.023449
5.450183378	0.030924
5.460183715	0.097525
5.470184051	0.12584
5.480184388	0.11711
5.490184724	0.1052
5.500185061	0.10281
5.510185397	0.096749
5.520185734	0.077679
5.53018607	0.045352
5.540186406	-0.0021646
5.550186743	-0.063976
5.560187079	-0.12801
5.570187416	-0.17904
5.580187752	-0.20637
5.590188089	-0.20275
5.600188425	-0.16426
5.610188762	-0.096875
5.620189098	-0.018006
5.630189435	0.048268
5.640189771	0.08945
5.650190108	0.12055
5.660190444	0.1718
5.670190781	0.2487
5.680191117	0.32193
5.690191454	0.36608
5.70019179	0.38896
5.710192127	0.40441
5.720192463	0.40414
5.730192799	0.38015
5.740193136	0.34941
5.750193472	0.33247
5.760193809	0.32832
5.770194145	0.33229
5.780194482	0.35526
5.790194818	0.40738
5.800195155	0.47812
5.810195491	0.55109
5.820195828	0.61824
5.830196164	0.6716
5.840196501	0.69564
5.850196837	0.67914
5.860197174	0.62379
5.87019751	0.54382
5.880197847	0.46457
5.890198183	0.41559
5.90019852	0.41191
5.910198856	0.44811
5.920199192	0.51221
5.930199529	0.59225
5.940199865	0.66626
5.950200202	0.71046
5.960200538	0.71998
5.970200875	0.7019
5.980201211	0.64591
5.990201548	0.53397
6.000201884	0.38263
6.010202221	0.245
6.020202557	0.15705
6.030202894	0.10885
6.04020323	0.074698
6.050203567	0.04666
6.060203903	0.026727
6.07020424	0.011863
6.080204576	0.00061204
6.090204913	-0.0016166
6.100205249	0.0045097
6.110205585	0.0033602
6.120205922	-0.023338
6.130206258	-0.081882
6.140206595	-0.16119
6.150206931	-0.2373
6.160207268	-0.28407
6.170207604	-0.29324
6.180207941	-0.28342
6.190208277	-0.28108
6.200208614	-0.29193
6.21020895	-0.29951
6.220209287	-0.29242
6.230209623	-0.28354
6.24020996	-0.29994
6.250210296	-0.35231
6.260210633	-0.42157
6.270210969	-0.47751
6.280211306	-0.51177
6.290211642	-0.54288
6.300211978	-0.59071
6.310212315	-0.65218
6.320212651	-0.71057
6.330212988	-0.75849
6.340213324	-0.80192
6.350213661	-0.84267
6.360213997	-0.86823
6.370214334	-0.86399
6.38021467	-0.83334
6.390215007	-0.79735
6.400215343	-0.77034
6.41021568	-0.73826
6.420216016	-0.67456
6.430216353	-0.57526
6.440216689	-0.46525
6.450217026	-0.36154
6.460217362	-0.25464
6.470217699	-0.13443
6.480218035	-0.017593
6.490218371	0.070486
6.500218708	0.12313
6.510219044	0.14684
6.520219381	0.14239
6.530219717	0.11308
6.540220054	0.079136
6.55022039	0.062111
6.560220727	0.062925
6.570221063	0.070608
6.5802214	0.083824
6.590221736	0.10561
6.600222073	0.12706
6.610222409	0.13266
6.620222746	0.11892
6.630223082	0.091548
6.640223419	0.051698
6.650223755	-0.0025971
6.660224092	-0.062276
6.670224428	-0.10967
6.680224764	-0.13351
6.690225101	-0.13213
6.700225437	-0.10363
6.710225774	-0.046915
6.72022611	0.027254
6.730226447	0.098154
6.740226783	0.14987
6.75022712	0.1776
6.760227456	0.18328
6.770227793	0.17473
6.780228129	0.16685
6.790228466	0.17041
6.800228802	0.18096
6.810229139	0.18733
6.820229475	0.18663
6.830229812	0.17963
6.840230148	0.16174
6.850230485	0.1335
6.860230821	0.11067
6.870231157	0.10474
6.880231494	0.098958
6.89023183	0.063912
6.900232167	-0.006176
6.910232503	-0.089013
6.92023284	-0.16297
6.930233176	-0.22282
6.940233513	-0.26991
6.950233849	-0.30457
6.960234186	-0.3354
6.970234522	-0.37935
6.980234859	-0.44216
6.990235195	-0.50672
7.000235532	-0.55106
7.010235868	-0.56499
7.020236205	-0.54134
7.030236541	-0.46594
7.040236878	-0.33731
7.050237214	-0.18735
7.06023755	-0.058685
7.070237887	0.034543
7.080238223	0.10674
7.09023856	0.16773
7.100238896	0.21639
7.110239233	0.25571
7.120239569	0.29165
7.130239906	0.31822
7.140240242	0.32713
7.150240579	0.3266
7.160240915	0.33281
7.170241252	0.34696
7.180241588	0.35633
7.190241925	0.35359
7.200242261	0.34039
7.210242598	0.31965
7.220242934	0.29475
7.230243271	0.27111
7.240243607	0.25046
7.250243943	0.22888
7.26024428	0.20597
7.270244616	0.18873
7.280244953	0.18184
7.290245289	0.17717
7.300245626	0.16174
7.310245962	0.13344
7.320246299	0.10516
7.330246635	0.089761
7.340246972	0.086194
7.350247308	0.084763
7.360247645	0.082658
7.370247981	0.084469
7.380248318	0.090446
7.390248654	0.097907
7.400248991	0.11282
7.410249327	0.14557
7.420249664	0.19393
7.43025	0.24207
7.440250336	0.27728
7.450250673	0.29736
7.460251009	0.30503
7.470251346	0.30674
7.480251682	0.3124
7.490252019	0.32613
7.500252355	0.33883
7.510252692	0.34055
7.520253028	0.32971
7.530253365	0.30233
7.540253701	0.242
7.550254038	0.13873
7.560254374	0.010304
7.570254711	-0.10769
7.580255047	-0.19195
7.590255384	-0.24427
7.60025572	-0.27714
7.610256057	-0.29399
7.620256393	-0.28542
7.630256729	-0.24401
7.640257066	-0.17787
7.650257402	-0.10328
7.660257739	-0.027164
7.670258075	0.052714
7.680258412	0.13254
7.690258748	0.2018
7.700259085	0.25372
7.710259421	0.28103
7.720259758	0.26474
7.730260094	0.1897
7.740260431	0.070682
7.750260767	-0.055446
7.760261104	-0.16269
7.77026144	-0.24661
7.780261777	-0.31016
7.790262113	-0.35984
7.80026245	-0.41166
7.810262786	-0.47966
7.820263122	-0.55854
7.830263459	-0.62847
7.840263795	-0.67374
7.850264132	-0.6865
7.860264468	-0.66673
7.870264805	-0.62619
7.880265141	-0.58252
7.890265478	-0.54055
7.900265814	-0.49139
7.910266151	-0.43158
7.920266487	-0.36955
7.930266824	-0.31274
7.94026716	-0.26278
7.950267497	-0.227
7.960267833	-0.2152
7.97026817	-0.22319
7.980268506	-0.23124
7.990268843	-0.2249
8.000269179	-0.20653
8.010269515	-0.18897
8.020269852	-0.18496
8.030270188	-0.19954
8.040270525	-0.2225
8.050270861	-0.23329
8.060271198	-0.2194
8.070271534	-0.18657
8.080271871	-0.14794
8.090272207	-0.11183
8.100272544	-0.080193
8.11027288	-0.049829
8.120273217	-0.012575
8.130273553	0.0364
8.14027389	0.089751
8.150274226	0.13354
8.160274563	0.16009
8.170274899	0.17072
8.180275236	0.17084
8.190275572	0.17111
8.200275908	0.18296
8.210276245	0.2045
8.220276581	0.21969
8.230276918	0.22143
8.240277254	0.2205
8.250277591	0.22232
8.260277927	0.21059
8.270278264	0.17255
8.2802786	0.12535
8.290278937	0.097137
8.300279273	0.091429
8.31027961	0.093138
8.320279946	0.099285
8.330280283	0.12052
8.340280619	0.15409
8.350280956	0.17985
8.360281292	0.18669
8.370281629	0.18491
8.380281965	0.18495
8.390282301	0.18266
8.400282638	0.17197
8.410282974	0.15785
8.420283311	0.14433
8.430283647	0.12353
8.440283984	0.089576
8.45028432	0.057736
8.460284657	0.051636
8.470284993	0.071902
8.48028533	0.091698
8.490285666	0.087348
8.500286003	0.063291
8.510286339	0.0422
8.520286676	0.039468
8.530287012	0.053399
8.540287349	0.07283
8.550287685	0.08776
8.560288022	0.095012
8.570288358	0.096894
8.580288694	0.093625
8.590289031	0.079918
8.600289367	0.052515
8.610289704	0.017675
8.62029004	-0.013835
8.630290377	-0.035844
8.640290713	-0.046325
8.65029105	-0.044837
8.660291386	-0.037087
8.670291723	-0.03335
8.680292059	-0.036899
8.690292396	-0.040922
8.700292732	-0.040707
8.710293069	-0.038812
8.720293405	-0.035776
8.730293742	-0.02624
8.740294078	-0.010097
8.750294415	0.0032335
8.760294751	0.0065618
8.770295087	0.004116
8.780295424	0.0050713
8.79029576	0.014941
8.800296097	0.03359
8.810296433	0.057922
8.82029677	0.085565
8.830297106	0.11894
8.840297443	0.16121
8.850297779	0.2062
8.860298116	0.23774
8.870298452	0.24408
8.880298789	0.22751
8.890299125	0.19791
8.900299462	0.16164
8.910299798	0.11953
8.920300135	0.073091
8.930300471	0.028054
8.940300808	-0.0089441
8.950301144	-0.036314
8.96030148	-0.055934
8.970301817	-0.068323
8.980302153	-0.072626
8.99030249	-0.07237
9.000302826	-0.073593
9.010303163	-0.076812
9.020303499	-0.07541
9.030303836	-0.064315
9.040304172	-0.044257
9.050304509	-0.020774
9.060304845	-0.0054224
9.070305182	-0.014129
9.080305518	-0.05109
9.090305855	-0.097799
9.100306191	-0.13143
9.110306528	-0.15182
9.120306864	-0.17469
9.130307201	-0.20313
9.140307537	-0.22404
9.150307873	-0.22884
9.16030821	-0.21914
9.170308546	-0.19351
9.180308883	-0.14814
9.190309219	-0.093818
9.200309556	-0.05344
9.210309892	-0.037947
9.220310229	-0.035896
9.230310565	-0.030904
9.240310902	-0.016366
9.250311238	0.0051243
9.260311575	0.027806
9.270311911	0.046444
9.280312248	0.060558
9.290312584	0.074647
9.300312921	0.088834
9.310313257	0.095874
9.320313594	0.092047
9.33031393	0.085825
9.340314266	0.085496
9.350314603	0.088299
9.360314939	0.087851
9.370315276	0.085724
9.380315612	0.087332
9.390315949	0.093018
9.400316285	0.099149
9.410316622	0.10227
9.420316958	0.10011
9.430317295	0.095779
9.440317631	0.10104
9.450317968	0.12418
9.460318304	0.15503
9.470318641	0.1754
9.480318977	0.18103
9.490319314	0.18172
9.50031965	0.18127
9.510319987	0.17629
9.520320323	0.16926
9.530320659	0.16695
9.540320996	0.16586
9.550321332	0.15749
9.560321669	0.14273
9.570322005	0.12805
9.580322342	0.11174
9.590322678	0.088368
9.600323015	0.060193
9.610323351	0.033198
9.620323688	0.0086412
9.630324024	-0.013341
9.640324361	-0.031107
9.650324697	-0.045605
9.660325034	-0.054899
9.67032537	-0.044817
9.680325707	-0.0046439
9.690326043	0.047475
9.70032638	0.075506
9.710326716	0.066488
9.720327052	0.041435
9.730327389	0.024132
9.740327725	0.019548
9.750328062	0.023253
9.760328398	0.032403
9.770328735	0.043353
9.780329071	0.052068
9.790329408	0.056522
9.800329744	0.05209
9.810330081	0.033794
9.820330417	0.0088675
9.830330754	-0.0049184
9.84033109	-0.0042744
9.850331427	-0.0068733
9.860331763	-0.025707
9.8703321	-0.052036
9.880332436	-0.073011
9.890332773	-0.086694
9.900333109	-0.093556
9.910333445	-0.09116
9.920333782	-0.084937
9.930334118	-0.086324
9.940334455	-0.095957
9.950334791	-0.10381
9.960335128	-0.10706
9.970335464	-0.11067
9.980335801	-0.11139
9.990336137	-0.098694
10.00033647	-0.072421
10.01033681	-0.046343
10.02033715	-0.032828
10.03033748	-0.032367
10.04033782	-0.035691
10.05033816	-0.032252
10.06033849	-0.020079
10.07033883	-0.0090121
10.08033917	-0.0076374
10.0903395	-0.010572
10.10033984	-0.0078872
10.11034017	-0.0018953
10.12034051	-0.0014665
10.13034085	-0.0060108
10.14034118	-0.0096799
10.15034152	-0.01633
10.16034186	-0.033342
10.17034219	-0.054217
10.18034253	-0.063622
10.19034287	-0.060319
10.2003432	-0.060007
10.21034354	-0.072712
10.22034388	-0.088559
10.23034421	-0.093376
10.24034455	-0.088746
10.25034489	-0.087006
10.26034522	-0.090074
10.27034556	-0.086362
10.2803459	-0.070252
10.29034623	-0.053076
10.30034657	-0.047416
10.3103469	-0.049131
10.32034724	-0.046197
10.33034758	-0.03754
10.34034791	-0.033278
10.35034825	-0.038627
10.36034859	-0.049318
10.37034892	-0.061852
10.38034926	-0.080643
10.3903496	-0.11079
10.40034993	-0.14993
10.41035027	-0.18929
10.42035061	-0.22014
10.43035094	-0.23802
10.44035128	-0.24461
10.45035162	-0.2458
10.46035195	-0.24793
10.47035229	-0.25008
10.48035262	-0.24271
10.49035296	-0.21657
10.5003533	-0.17528
10.51035363	-0.13152
10.52035397	-0.093889
10.53035431	-0.062575
10.54035464	-0.03883
10.55035498	-0.026722
10.56035532	-0.022939
10.57035565	-0.014836
10.58035599	0.0040071
10.59035633	0.027001
10.60035666	0.047672
10.610357	0.06865
10.62035734	0.091202
10.63035767	0.10792
10.64035801	0.11508
10.65035834	0.12066
10.66035868	0.13212
10.67035902	0.14388
10.68035935	0.14598
10.69035969	0.13657
10.70036003	0.12009
10.71036036	0.10021
10.7203607	0.080821
10.73036104	0.067645
10.74036137	0.062579
10.75036171	0.061805
10.76036205	0.061735
10.77036238	0.062948
10.78036272	0.066848
10.79036306	0.073568
10.80036339	0.081173
10.81036373	0.084101
10.82036406	0.07342
10.8303644	0.045288
10.84036474	0.0077743
10.85036507	-0.023792
10.86036541	-0.039142
10.87036575	-0.038381
10.88036608	-0.027378
10.89036642	-0.012131
10.90036676	0.0024886
10.91036709	0.012341
10.92036743	0.014182
10.93036777	0.0066252
10.9403681	-0.0087663
10.95036844	-0.027076
10.96036878	-0.042091
10.97036911	-0.049009
10.98036945	-0.047471
10.99036978	-0.0417
11.00037012	-0.035665
11.01037046	-0.028175
11.02037079	-0.015214
11.03037113	0.0044838
11.04037147	0.027251
11.0503718	0.04879
11.06037214	0.067561
11.07037248	0.083611
11.08037281	0.09618
11.09037315	0.10636
11.10037349	0.1168
11.11037382	0.12835
11.12037416	0.14026
11.1303745	0.15351
11.14037483	0.16815
11.15037517	0.17935
11.1603755	0.17978
11.17037584	0.16734
11.18037618	0.14795
11.19037651	0.13236
11.20037685	0.13014
11.21037719	0.14306
11.22037752	0.16019
11.23037786	0.16826
11.2403782	0.16822
11.25037853	0.17228
11.26037887	0.18309
11.27037921	0.19141
11.28037954	0.19541
11.29037988	0.20514
11.30038022	0.22191
11.31038055	0.23127
11.32038089	0.2243
11.33038122	0.20956
11.34038156	0.1978
11.3503819	0.18849
11.36038223	0.17877
11.37038257	0.1696
11.38038291	0.1598
11.39038324	0.14288
11.40038358	0.1167
11.41038392	0.086757
11.42038425	0.059264
11.43038459	0.037532
11.44038493	0.024767
11.45038526	0.022784
11.4603856	0.028557
11.47038594	0.037647
11.48038627	0.04758
11.49038661	0.054935
11.50038694	0.053828
11.51038728	0.041966
11.52038762	0.023374
11.53038795	0.0025845
11.54038829	-0.019356
11.55038863	-0.039546
11.56038896	-0.052368
11.5703893	-0.057836
11.58038964	-0.062821
11.59038997	-0.069443
11.60039031	-0.071343
11.61039065	-0.065412
11.62039098	-0.057942
11.63039132	-0.054272
11.64039166	-0.051066
11.65039199	-0.045689
11.66039233	-0.044626
11.67039266	-0.054927
11.680393	-0.072818
11.69039334	-0.088711
11.70039367	-0.099113
11.71039401	-0.10914
11.72039435	-0.12341
11.73039468	-0.13912
11.74039502	-0.1493
11.75039536	-0.1543
11.76039569	-0.16388
11.77039603	-0.18415
11.78039637	-0.20473
11.7903967	-0.21118
11.80039704	-0.20483
11.81039738	-0.19993
11.82039771	-0.20122
11.83039805	-0.20208
11.84039838	-0.20071
11.85039872	-0.20195
11.86039906	-0.20175
11.87039939	-0.18867
11.88039973	-0.16288
11.89040007	-0.13779
11.9004004	-0.12131
11.91040074	-0.11001
11.92040108	-0.10224
11.93040141	-0.099817
11.94040175	-0.097436
11.95040209	-0.086826
11.96040242	-0.072197
11.97040276	-0.066228
11.9804031	-0.069529
11.99040343	-0.069241
12.00040377	-0.059468
12.0104041	-0.048326
12.02040444	-0.042821
12.03040478	-0.040718
12.04040511	-0.040279
12.05040545	-0.045143
12.06040579	-0.05683
12.07040612	-0.069923
12.08040646	-0.080635
12.0904068	-0.091836
12.10040713	-0.10675
12.11040747	-0.12177
12.12040781	-0.13135
12.13040814	-0.13417
12.14040848	-0.13293
12.15040882	-0.13021
12.16040915	-0.12668
12.17040949	-0.12071
12.18040983	-0.10971
12.19041016	-0.093802
12.2004105	-0.077349
12.21041083	-0.065207
12.22041117	-0.057426
12.23041151	-0.053478
12.24041184	-0.055728
12.25041218	-0.065244
12.26041252	-0.074107
12.27041285	-0.074789
12.28041319	-0.072118
12.29041353	-0.080109
12.30041386	-0.10131
12.3104142	-0.12407
12.32041454	-0.13822
12.33041487	-0.1447
12.34041521	-0.14453
12.35041555	-0.13474
12.36041588	-0.11837
12.37041622	-0.10729
12.38041655	-0.10614
12.39041689	-0.10472
12.40041723	-0.094138
12.41041756	-0.081988
12.4204179	-0.081138
12.43041824	-0.091626
12.44041857	-0.10254
12.45041891	-0.10694
12.46041925	-0.10631
12.47041958	-0.10473
12.48041992	-0.10412
12.49042026	-0.10219
12.50042059	-0.093412
12.51042093	-0.075538
12.52042127	-0.055175
12.5304216	-0.040952
12.54042194	-0.032688
12.55042227	-0.024372
12.56042261	-0.015787
12.57042295	-0.010103
12.58042328	-0.0040692
12.59042362	0.009666
12.60042396	0.032359
12.61042429	0.060521
12.62042463	0.092592
12.63042497	0.12681
12.6404253	0.15755
12.65042564	0.18106
12.66042598	0.20118
12.67042631	0.2208
12.68042665	0.23706
12.69042699	0.2482
12.70042732	0.25836
12.71042766	0.26916
12.72042799	0.27744
12.73042833	0.28115
12.74042867	0.28129
12.750429	0.27656
12.76042934	0.2664
12.77042968	0.25679
12.78043001	0.25368
12.79043035	0.25237
12.80043069	0.24404
12.81043102	0.22892
12.82043136	0.21402
12.8304317	0.20141
12.84043203	0.18881
12.85043237	0.17794
12.86043271	0.17398
12.87043304	0.17659
12.88043338	0.17877
12.89043371	0.17441
12.90043405	0.1639
12.91043439	0.15245
12.92043472	0.14413
12.93043506	0.13685
12.9404354	0.12455
12.95043573	0.10457
12.96043607	0.080286
12.97043641	0.055936
12.98043674	0.034017
12.99043708	0.018934
13.00043742	0.015457
13.01043775	0.018978
13.02043809	0.015516
13.03043843	-0.0011504
13.04043876	-0.020559
13.0504391	-0.030373
13.06043943	-0.031958
13.07043977	-0.033026
13.08044011	-0.032747
13.09044044	-0.024646
13.10044078	-0.0097663
13.11044112	0.0035254
13.12044145	0.01202
13.13044179	0.020569
13.14044213	0.030751
13.15044246	0.035401
13.1604428	0.028058
13.17044314	0.015613
13.18044347	0.012593
13.19044381	0.022
13.20044415	0.028654
13.21044448	0.019408
13.22044482	0.00017865
13.23044515	-0.014818
13.24044549	-0.021314
13.25044583	-0.02095
13.26044616	-0.0096255
13.2704465	0.013532
13.28044684	0.034395
13.29044717	0.037874
13.30044751	0.029058
13.31044785	0.025214
13.32044818	0.033485
13.33044852	0.047856
13.34044886	0.061606
13.35044919	0.07131
13.36044953	0.074532
13.37044987	0.073616
13.3804502	0.074686
13.39045054	0.078657
13.40045087	0.078621
13.41045121	0.071039
13.42045155	0.059822
13.43045188	0.050037
13.44045222	0.043868
13.45045256	0.042881
13.46045289	0.046344
13.47045323	0.04833
13.48045357	0.043865
13.4904539	0.034537
13.50045424	0.022691
13.51045458	0.0062042
13.52045491	-0.014488
13.53045525	-0.032566
13.54045559	-0.044689
13.55045592	-0.055092
13.56045626	-0.06535
13.57045659	-0.070088
13.58045693	-0.068942
13.59045727	-0.071534
13.6004576	-0.083241
13.61045794	-0.094787
13.62045828	-0.095088
13.63045861	-0.086583
13.64045895	-0.080562
13.65045929	-0.082074
13.66045962	-0.08819
13.67045996	-0.096675
13.6804603	-0.11035
13.69046063	-0.13054
13.70046097	-0.15052
13.71046131	-0.16042
13.72046164	-0.16101
13.73046198	-0.16402
13.74046231	-0.17359
13.75046265	-0.17638
13.76046299	-0.16004
13.77046332	-0.13287
13.78046366	-0.11381
13.790464	-0.10821
13.80046433	-0.10738
13.81046467	-0.10605
13.82046501	-0.10671
13.83046534	-0.10913
13.84046568	-0.10971
13.85046602	-0.1085
13.86046635	-0.1083
13.87046669	-0.10906
13.88046703	-0.10914
13.89046736	-0.10789
13.9004677	-0.10248
13.91046803	-0.089081
13.92046837	-0.071029
13.93046871	-0.057889
13.94046904	-0.052684
13.95046938	-0.04846
13.96046972	-0.040208
13.97047005	-0.029949
13.98047039	-0.019785
13.99047073	-0.0083449
14.00047106	0.0027605
14.0104714	0.0084289
14.02047174	0.0092737
14.03047207	0.012127
14.04047241	0.018967
14.05047275	0.023797
14.06047308	0.02346
14.07047342	0.020591
14.08047376	0.014771
14.09047409	-0.000075157
14.10047443	-0.024721
14.11047476	-0.047646
14.1204751	-0.055557
14.13047544	-0.04618
14.14047577	-0.027668
14.15047611	-0.0071231
14.16047645	0.014192
14.17047678	0.037284
14.18047712	0.059674
14.19047746	0.077509
14.20047779	0.090539
14.21047813	0.10064
14.22047847	0.10642
14.2304788	0.10421
14.24047914	0.096309
14.25047948	0.090561
14.26047981	0.089039
14.27048015	0.082489
14.28048048	0.063777
14.29048082	0.039588
14.30048116	0.021161
14.31048149	0.0094349
14.32048183	-0.0029691
14.33048217	-0.017938
14.3404825	-0.029202
14.35048284	-0.032229
14.36048318	-0.029765
14.37048351	-0.026494
14.38048385	-0.024321
14.39048419	-0.025238
14.40048452	-0.032098
14.41048486	-0.04475
14.4204852	-0.055858
14.43048553	-0.056583
14.44048587	-0.04514
14.4504862	-0.029448
14.46048654	-0.018552
14.47048688	-0.014748
14.48048721	-0.013817
14.49048755	-0.013093
14.50048789	-0.015247
14.51048822	-0.023864
14.52048856	-0.03802
14.5304889	-0.054189
14.54048923	-0.070035
14.55048957	-0.082444
14.56048991	-0.085443
14.57049024	-0.075943
14.58049058	-0.058218
14.59049092	-0.038764
14.60049125	-0.019587
14.61049159	-0.002327
14.62049192	0.007168
14.63049226	0.0051477
14.6404926	-0.0021183
14.65049293	-0.0058496
14.66049327	-0.0067764
14.67049361	-0.011201
14.68049394	-0.018379
14.69049428	-0.0199
14.70049462	-0.010171
14.71049495	0.0082829
14.72049529	0.028729
14.73049563	0.046163
14.74049596	0.060102
14.7504963	0.073382
14.76049664	0.086932
14.77049697	0.09712
14.78049731	0.10008
14.79049764	0.098559
14.80049798	0.09945
14.81049832	0.10686
14.82049865	0.12088
14.83049899	0.14004
14.84049933	0.15928
14.85049966	0.16906
14.8605	0.16373
14.87050034	0.14722
14.88050067	0.12679
14.89050101	0.1036
14.90050135	0.078173
14.91050168	0.059321
14.92050202	0.057677
14.93050236	0.06962
14.94050269	0.081353
14.95050303	0.087479
14.96050336	0.096165
14.9705037	0.11247
14.98050404	0.12987
14.99050437	0.13831
15.00050471	0.13401
15.01050505	0.11759
15.02050538	0.093257
15.03050572	0.07078
15.04050606	0.05938
15.05050639	0.05518
15.06050673	0.044248
15.07050707	0.021902
15.0805074	0.000075626
15.09050774	-0.0086143
15.10050808	-0.0053889
15.11050841	0.0013004
15.12050875	0.0083085
15.13050908	0.016783
15.14050942	0.024738
15.15050976	0.029944
15.16051009	0.034395
15.17051043	0.038954
15.18051077	0.037506
15.1905111	0.024055
15.20051144	0.0012602
15.21051178	-0.023107
15.22051211	-0.043357
15.23051245	-0.053735
15.24051279	-0.047114
15.25051312	-0.024865
15.26051346	-0.0007391
15.2705138	0.012745
15.28051413	0.015775
15.29051447	0.014101
15.3005148	0.0097319
15.31051514	0.0030353
15.32051548	-0.0029591
15.33051581	-0.0073044
15.34051615	-0.013003
15.35051649	-0.020507
15.36051682	-0.025673
15.37051716	-0.027961
15.3805175	-0.032453
15.39051783	-0.040979
15.40051817	-0.047872
15.41051851	-0.047488
15.42051884	-0.041707
15.43051918	-0.03704
15.44051952	-0.037007
15.45051985	-0.040085
15.46052019	-0.043618
15.47052052	-0.047032
15.48052086	-0.051003
15.4905212	-0.053546
15.50052153	-0.051376
15.51052187	-0.046328
15.52052221	-0.04564
15.53052254	-0.051398
15.54052288	-0.055575
15.55052322	-0.050188
15.56052355	-0.036238
15.57052389	-0.019642
15.58052423	-0.0022814
15.59052456	0.015776
15.6005249	0.032043
15.61052524	0.043818
15.62052557	0.053472
15.63052591	0.064624
15.64052624	0.075459
15.65052658	0.078798
15.66052692	0.069076
15.67052725	0.04824
15.68052759	0.02503
15.69052793	0.0067697
15.70052826	-0.0098899
15.7105286	-0.033441
15.72052894	-0.062391
15.73052927	-0.083014
15.74052961	-0.08801
15.75052995	-0.086854
15.76053028	-0.09289
15.77053062	-0.10709
15.78053096	-0.12175
15.79053129	-0.13134
15.80053163	-0.13301
15.81053197	-0.1232
15.8205323	-0.10327
15.83053264	-0.08359
15.84053297	-0.074581
15.85053331	-0.076742
15.86053365	-0.084035
15.87053398	-0.09185
15.88053432	-0.096571
15.89053466	-0.093077
15.90053499	-0.078496
15.91053533	-0.057806
15.92053567	-0.040624
15.930536	-0.032082
15.94053634	-0.029908
15.95053668	-0.03075
15.96053701	-0.036209
15.97053735	-0.049479
15.98053769	-0.068939
15.99053802	-0.087714
16.00053836	-0.10153
16.01053869	-0.11138
16.02053903	-0.11853
16.03053937	-0.12157
16.0405397	-0.12151
16.05054004	-0.12128
16.06054038	-0.1196
16.07054071	-0.11072
16.08054105	-0.093413
16.09054139	-0.074087
16.10054172	-0.059474
16.11054206	-0.051135
16.1205424	-0.046463
16.13054273	-0.041695
16.14054307	-0.033648
16.15054341	-0.025069
16.16054374	-0.022081
16.17054408	-0.024051
16.18054441	-0.022478
16.19054475	-0.015325
16.20054509	-0.011186
16.21054542	-0.013305
16.22054576	-0.012698
16.2305461	-0.0053003
16.24054643	-0.0036255
16.25054677	-0.018776
16.26054711	-0.042457
16.27054744	-0.05706
16.28054778	-0.056264
16.29054812	-0.046686
16.30054845	-0.036672
16.31054879	-0.030565
16.32054913	-0.027973
16.33054946	-0.023046
16.3405498	-0.0085965
16.35055013	0.014618
16.36055047	0.037157
16.37055081	0.050353
16.38055114	0.053644
16.39055148	0.052016
16.40055182	0.050998
16.41055215	0.053437
16.42055249	0.058754
16.43055283	0.064433
16.44055316	0.069841
16.4505535	0.076384
16.46055384	0.083314
16.47055417	0.087653
16.48055451	0.090218
16.49055485	0.095312
16.50055518	0.10214
16.51055552	0.10351
16.52055585	0.098005
16.53055619	0.09411
16.54055653	0.098317
16.55055686	0.10406
16.5605572	0.10141
16.57055754	0.090525
16.58055787	0.079374
16.59055821	0.071504
16.60055855	0.0658
16.61055888	0.065018
16.62055922	0.074489
16.63055956	0.091874
16.64055989	0.10564
16.65056023	0.10787
16.66056057	0.10333
16.6705609	0.10136
16.68056124	0.10289
16.69056157	0.1024
16.70056191	0.10011
16.71056225	0.10382
16.72056258	0.11783
16.73056292	0.13601
16.74056326	0.14861
16.75056359	0.15033
16.76056393	0.13986
16.77056427	0.11864
16.7805646	0.093644
16.79056494	0.074194
16.80056528	0.062145
16.81056561	0.051005
16.82056595	0.037253
16.83056629	0.025943
16.84056662	0.021169
16.85056696	0.018453
16.86056729	0.012321
16.87056763	0.0048065
16.88056797	-0.00056665
16.8905683	-0.0071005
16.90056864	-0.018332
16.91056898	-0.027853
16.92056931	-0.025228
16.93056965	-0.010992
16.94056999	0.0034882
16.95057032	0.009838
16.96057066	0.0089132
16.970571	0.0040016
16.98057133	-0.0030768
16.99057167	-0.0088323
17.00057201	-0.0086565
17.01057234	-0.0040981
17.02057268	-0.0027343
17.03057301	-0.0075046
17.04057335	-0.011471
17.05057369	-0.0081265
17.06057402	-0.0017056
17.07057436	-0.0025036
17.0805747	-0.0147
17.09057503	-0.033935
17.10057537	-0.054316
17.11057571	-0.071147
17.12057604	-0.079494
17.13057638	-0.076508
17.14057672	-0.066335
17.15057705	-0.056596
17.16057739	-0.050726
17.17057773	-0.04599
17.18057806	-0.039137
17.1905784	-0.029437
17.20057873	-0.018742
17.21057907	-0.011844
17.22057941	-0.014508
17.23057974	-0.027483
17.24058008	-0.045884
17.25058042	-0.064412
17.26058075	-0.079993
17.27058109	-0.089183
17.28058143	-0.089954
17.29058176	-0.084824
17.3005821	-0.078087
17.31058244	-0.068345
17.32058277	-0.052748
17.33058311	-0.035607
17.34058345	-0.026607
17.35058378	-0.028955
17.36058412	-0.037053
17.37058445	-0.044118
17.38058479	-0.045413
17.39058513	-0.03704
17.40058546	-0.018738
17.4105858	0.00080285
17.42058614	0.011775
17.43058647	0.01334
17.44058681	0.011754
17.45058715	0.0094538
17.46058748	0.0056163
17.47058782	0.003328
17.48058816	0.0069237
17.49058849	0.012452
17.50058883	0.010626
17.51058917	-0.00069978
17.5205895	-0.0151
17.53058984	-0.027173
17.54059017	-0.034605
17.55059051	-0.032956
17.56059085	-0.017746
17.57059118	0.0073986
17.58059152	0.031839
17.59059186	0.04688
17.60059219	0.050776
17.61059253	0.045929
17.62059287	0.037035
17.6305932	0.02973
17.64059354	0.029324
17.65059388	0.038527
17.66059421	0.055585
17.67059455	0.072254
17.68059489	0.07924
17.69059522	0.07781
17.70059556	0.080158
17.7105959	0.092018
17.72059623	0.10175
17.73059657	0.09584
17.7405969	0.077939
17.75059724	0.060131
17.76059758	0.043531
17.77059791	0.020668
17.78059825	-0.0054189
17.79059859	-0.022321
17.80059892	-0.026287
17.81059926	-0.026619
17.8205996	-0.027496
17.83059993	-0.023448
17.84060027	-0.014252
17.85060061	-0.010657
17.86060094	-0.016999
17.87060128	-0.024239
17.88060162	-0.025507
17.89060195	-0.027726
17.90060229	-0.037548
17.91060262	-0.049507
17.92060296	-0.057252
17.9306033	-0.06496
17.94060363	-0.075988
17.95060397	-0.082351
17.96060431	-0.076338
17.97060464	-0.063457
17.98060498	-0.053848
17.99060532	-0.049854
18.00060565	-0.052035
18.01060599	-0.065735
18.02060633	-0.088999
18.03060666	-0.10611
18.040607	-0.10523
18.05060734	-0.0931
18.06060767	-0.082692
18.07060801	-0.077071
18.08060834	-0.072894
18.09060868	-0.06916
18.10060902	-0.063161
18.11060935	-0.04831
18.12060969	-0.024249
18.13061003	0.0011492
18.14061036	0.0232
18.1506107	0.04221
18.16061104	0.053962
18.17061137	0.05231
18.18061171	0.041618
18.19061205	0.031505
18.20061238	0.021938
18.21061272	0.0057809
18.22061306	-0.013256
18.23061339	-0.022884
18.24061373	-0.018909
18.25061406	-0.0098483
18.2606144	-0.0030196
18.27061474	0.00039757
18.28061507	0.0002855
18.29061541	-0.0048616
18.30061575	-0.013345
18.31061608	-0.019684
18.32061642	-0.019126
18.33061676	-0.012588
18.34061709	-0.0056932
18.35061743	-0.00046286
18.36061777	0.0093198
18.3706181	0.028782
18.38061844	0.050744
18.39061878	0.062454
18.40061911	0.061196
18.41061945	0.05336
18.42061978	0.042051
18.43062012	0.028556
18.44062046	0.021257
18.45062079	0.028429
18.46062113	0.044172
18.47062147	0.055918
18.4806218	0.061991
18.49062214	0.069381
18.50062248	0.078202
18.51062281	0.08259
18.52062315	0.082523
18.53062349	0.081652
18.54062382	0.078221
18.55062416	0.06869
18.5606245	0.056371
18.57062483	0.047339
18.58062517	0.041755
18.5906255	0.036089
18.60062584	0.030326
18.61062618	0.027479
18.62062651	0.028525
18.63062685	0.032508
18.64062719	0.037109
18.65062752	0.038231
18.66062786	0.033326
18.6706282	0.027441
18.68062853	0.028096
18.69062887	0.034593
18.70062921	0.037361
18.71062954	0.03207
18.72062988	0.023719
18.73063022	0.016607
18.74063055	0.0074026
18.75063089	-0.0047913
18.76063122	-0.014334
18.77063156	-0.019155
18.7806319	-0.027247
18.79063223	-0.043328
18.80063257	-0.059214
18.81063291	-0.065488
18.82063324	-0.064512
18.83063358	-0.06335
18.84063392	-0.063188
18.85063425	-0.063156
18.86063459	-0.065902
18.87063493	-0.071702
18.88063526	-0.074176
18.8906356	-0.0682
18.90063594	-0.056974
18.91063627	-0.047521
18.92063661	-0.044816
18.93063694	-0.051037
18.94063728	-0.064503
18.95063762	-0.079084
18.96063795	-0.08827
18.97063829	-0.089689
18.98063863	-0.084338
18.99063896	-0.075064
19.0006393	-0.065711
19.01063964	-0.058091
19.02063997	-0.048674
19.03064031	-0.034552
19.04064065	-0.020887
19.05064098	-0.015907
19.06064132	-0.018367
19.07064166	-0.018801
19.08064199	-0.012479
19.09064233	-0.0038415
19.10064266	0.0034391
19.110643	0.012097
19.12064334	0.023238
19.13064367	0.030218
19.14064401	0.027229
19.15064435	0.019913
19.16064468	0.017804
19.17064502	0.020014
19.18064536	0.017283
19.19064569	0.0072843
19.20064603	-0.003328
19.21064637	-0.009982
19.2206467	-0.014344
19.23064704	-0.017847
19.24064738	-0.020644
19.25064771	-0.026678
19.26064805	-0.039942
19.27064838	-0.05586
19.28064872	-0.06584
19.29064906	-0.069303
19.30064939	-0.07191
19.31064973	-0.076086
19.32065007	-0.081272
19.3306504	-0.08782
19.34065074	-0.094225
19.35065108	-0.095027
19.36065141	-0.087616
19.37065175	-0.07599
19.38065209	-0.064607
19.39065242	-0.052125
19.40065276	-0.036486
19.4106531	-0.018674
19.42065343	0.0015986
19.43065377	0.027069
19.4406541	0.055073
19.45065444	0.076953
19.46065478	0.088938
19.47065511	0.096187
19.48065545	0.10312
19.49065579	0.10702
19.50065612	0.10639
19.51065646	0.10706
19.5206568	0.1138
19.53065713	0.12036
19.54065747	0.11781
19.55065781	0.10877
19.56065814	0.10451
19.57065848	0.10734
19.58065882	0.10749
19.59065915	0.099489
19.60065949	0.092515
19.61065983	0.096367
19.62066016	0.1056
19.6306605	0.10689
19.64066083	0.098766
19.65066117	0.092729
19.66066151	0.096079
19.67066184	0.10375
19.68066218	0.10791
19.69066252	0.10753
19.70066285	0.10468
19.71066319	0.099616
19.72066353	0.094197
19.73066386	0.094619
19.7406642	0.10428
19.75066454	0.11675
19.76066487	0.1212
19.77066521	0.1136
19.78066555	0.09877
19.79066588	0.082428
19.80066622	0.066213
19.81066655	0.051583
19.82066689	0.042328
19.83066723	0.040219
19.84066756	0.040859
19.8506679	0.039368
19.86066824	0.03679
19.87066857	0.037258
19.88066891	0.039671
19.89066925	0.03698
19.90066958	0.023275
19.91066992	0.00038225
19.92067026	-0.024018
19.93067059	-0.043606
19.94067093	-0.05747
19.95067127	-0.067023
19.9606716	-0.072948
19.97067194	-0.074615
19.98067227	-0.072228
19.99067261	-0.067782
20.00067295	-0.064342
20.01067328	-0.064273
20.02067362	-0.068996
20.03067396	-0.078383
20.04067429	-0.090232
20.05067463	-0.10034
20.06067497	-0.10454
20.0706753	-0.1026
20.08067564	-0.099584
20.09067598	-0.099224
20.10067631	-0.099905
20.11067665	-0.10006
20.12067699	-0.10362
20.13067732	-0.11164
20.14067766	-0.11523
20.15067799	-0.10629
20.16067833	-0.092964
20.17067867	-0.090451
20.180679	-0.099496
20.19067934	-0.10732
20.20067968	-0.10747
20.21068001	-0.10476
20.22068035	-0.10115
20.23068069	-0.092031
20.24068102	-0.07825
20.25068136	-0.06816
20.2606817	-0.063896
20.27068203	-0.057565
20.28068237	-0.045565
20.29068271	-0.034829
20.30068304	-0.031857
20.31068338	-0.033473
20.32068371	-0.033335
20.33068405	-0.02991
20.34068439	-0.025338
20.35068472	-0.021463
20.36068506	-0.020027
20.3706854	-0.02162
20.38068573	-0.024346
20.39068607	-0.026361
20.40068641	-0.027996
20.41068674	-0.028857
20.42068708	-0.027414
20.43068742	-0.025849
20.44068775	-0.029176
20.45068809	-0.036022
20.46068843	-0.037332
20.47068876	-0.02869
20.4806891	-0.016257
20.49068943	-0.0071649
20.50068977	-0.0026963
20.51069011	-0.0027108
20.52069044	-0.007107
20.53069078	-0.0099095
20.54069112	-0.0027227
20.55069145	0.014147
20.56069179	0.030318
20.57069213	0.038209
20.58069246	0.039158
20.5906928	0.038225
20.60069314	0.038005
20.61069347	0.038275
20.62069381	0.036688
20.63069415	0.031929
20.64069448	0.027819
20.65069482	0.03027
20.66069515	0.038358
20.67069549	0.04472
20.68069583	0.045429
20.69069616	0.0433
20.7006965	0.039444
20.71069684	0.031183
20.72069717	0.019191
20.73069751	0.010267
20.74069785	0.0084276
20.75069818	0.01055
20.76069852	0.011677
20.77069886	0.011635
20.78069919	0.012944
20.79069953	0.016401
20.80069987	0.019586
20.8107002	0.01968
20.82070054	0.016424
20.83070087	0.012478
20.84070121	0.011332
20.85070155	0.015025
20.86070188	0.024468
20.87070222	0.037696
20.88070256	0.048584
20.89070289	0.050551
20.90070323	0.045
20.91070357	0.039317
20.9207039	0.036709
20.93070424	0.032774
20.94070458	0.023777
20.95070491	0.011864
20.96070525	0.00085997
20.97070559	-0.0078479
20.98070592	-0.012768
20.99070626	-0.011491
21.00070659	-0.0063801
21.01070693	-0.0052792
21.02070727	-0.011583
21.0307076	-0.018119
21.04070794	-0.014041
21.05070828	0.0030793
21.06070861	0.026237
21.07070895	0.048633
21.08070929	0.069125
21.09070962	0.085665
21.10070996	0.092201
21.1107103	0.08758
21.12071063	0.080435
21.13071097	0.078347
21.14071131	0.075795
21.15071164	0.062809
21.16071198	0.041139
21.17071231	0.022161
21.18071265	0.010843
21.19071299	0.0030722
21.20071332	-0.0040388
21.21071366	-0.0086085
21.220714	-0.010576
21.23071433	-0.011981
21.24071467	-0.010819
21.25071501	-0.0018474
21.26071534	0.013216
21.27071568	0.025639
21.28071602	0.029742
21.29071635	0.028435
21.30071669	0.026319
21.31071703	0.023632
21.32071736	0.018572
21.3307177	0.013111
21.34071803	0.012047
21.35071837	0.016798
21.36071871	0.022761
21.37071904	0.024974
21.38071938	0.024302
21.39071972	0.025245
21.40072005	0.027066
21.41072039	0.023612
21.42072073	0.012625
21.43072106	-0.00092321
21.4407214	-0.014061
21.45072174	-0.029396
21.46072207	-0.046125
21.47072241	-0.05554
21.48072275	-0.052815
21.49072308	-0.044399
21.50072342	-0.037595
21.51072376	-0.029698
21.52072409	-0.015892
21.53072443	0.00015044
21.54072476	0.010657
21.5507251	0.014452
21.56072544	0.016969
21.57072577	0.022048
21.58072611	0.026415
21.59072645	0.022017
21.60072678	0.0051342
21.61072712	-0.016197
21.62072746	-0.028344
21.63072779	-0.025747
21.64072813	-0.014881
21.65072847	-0.0039113
21.6607288	0.0032343
21.67072914	0.0035864
21.68072948	-0.0057976
21.69072981	-0.021265
21.70073015	-0.035158
21.71073048	-0.044473
21.72073082	-0.05131
21.73073116	-0.054542
21.74073149	-0.05173
21.75073183	-0.04435
21.76073217	-0.035823
21.7707325	-0.025191
21.78073284	-0.011977
21.79073318	-0.0013415
21.80073351	-0.00018982
21.81073385	-0.0093269
21.82073419	-0.024669
21.83073452	-0.040993
21.84073486	-0.053542
21.8507352	-0.060051
21.86073553	-0.062569
21.87073587	-0.063099
21.8807362	-0.058852
21.89073654	-0.047416
21.90073688	-0.032108
21.91073721	-0.01648
21.92073755	0.00071604
21.93073789	0.017336
21.94073822	0.02464
21.95073856	0.020403
21.9607389	0.016035
21.97073923	0.021572
21.98073957	0.031813
21.99073991	0.035153
22.00074024	0.029019
22.01074058	0.018696
22.02074092	0.008544
22.03074125	0.0022782
22.04074159	0.0051544
22.05074192	0.018478
22.06074226	0.035707
22.0707426	0.047483
22.08074293	0.047393
22.09074327	0.035326
22.10074361	0.018192
22.11074394	0.0064884
22.12074428	0.0040407
22.13074462	0.0050165
22.14074495	0.0019044
22.15074529	-0.0052889
22.16074563	-0.011816
22.17074596	-0.01438
22.1807463	-0.013917
22.19074664	-0.013087
22.20074697	-0.013726
22.21074731	-0.014662
22.22074764	-0.012784
22.23074798	-0.0064556
22.24074832	0.0035583
22.25074865	0.015224
22.26074899	0.024096
22.27074933	0.02345
22.28074966	0.012794
22.29075	0.0012694
22.30075034	-0.00372
22.31075067	-0.0069235
22.32075101	-0.01525
22.33075135	-0.024738
22.34075168	-0.027951
22.35075202	-0.028236
22.36075236	-0.033309
22.37075269	-0.040216
22.38075303	-0.039878
22.39075336	-0.032929
22.4007537	-0.027633
22.41075404	-0.025028
22.42075437	-0.016895
22.43075471	0.0014507
22.44075505	0.026181
22.45075538	0.050587
22.46075572	0.069813
22.47075606	0.079163
22.48075639	0.07594
22.49075673	0.063831
22.50075707	0.051344
22.5107574	0.042252
22.52075774	0.033057
22.53075808	0.020695
22.54075841	0.0089867
22.55075875	0.0019978
22.56075908	-0.0032656
22.57075942	-0.012832
22.58075976	-0.024966
22.59076009	-0.032424
22.60076043	-0.032998
22.61076077	-0.030252
22.6207611	-0.024586
22.63076144	-0.013541
22.64076178	-0.0011515
22.65076211	0.0042034
22.66076245	0.0014186
22.67076279	-0.0018856
22.68076312	-0.0013984
22.69076346	-0.000068726
22.7007638	-0.00044989
22.71076413	-0.0011627
22.72076447	-0.0019397
22.7307648	-0.0050187
22.74076514	-0.0098429
22.75076548	-0.012938
22.76076581	-0.012968
22.77076615	-0.013289
22.78076649	-0.017688
22.79076682	-0.025936
22.80076716	-0.031839
22.8107675	-0.027833
22.82076783	-0.013626
22.83076817	0.00062672
22.84076851	0.004762
22.85076884	-0.00076728
22.86076918	-0.0083206
22.87076952	-0.013384
22.88076985	-0.015191
22.89077019	-0.012774
22.90077052	-0.0069197
22.91077086	-0.0021242
22.9207712	-0.0008813
22.93077153	-0.00047891
22.94077187	0.00022724
22.95077221	-0.0029766
22.96077254	-0.012882
22.97077288	-0.025637
22.98077322	-0.035899
22.99077355	-0.04077
23.00077389	-0.037945
23.01077423	-0.027828
23.02077456	-0.016356
23.0307749	-0.0091359
23.04077524	-0.0044794
23.05077557	0.0001468
23.06077591	0.00073426
23.07077624	-0.0053872
23.08077658	-0.0097794
23.09077692	-0.00388
23.10077725	0.0047319
23.11077759	0.0024734
23.12077793	-0.0091055
23.13077826	-0.015757
23.1407786	-0.011695
23.15077894	-0.0043979
23.16077927	-0.00087217
23.17077961	-0.00014594
23.18077995	-0.00096323
23.19078028	-0.0037561
23.20078062	-0.0045629
23.21078096	0.0030193
23.22078129	0.016855
23.23078163	0.027337
23.24078197	0.029296
23.2507823	0.026552
23.26078264	0.024604
23.27078297	0.024813
23.28078331	0.025458
23.29078365	0.023474
23.30078398	0.016442
23.31078432	0.0059573
23.32078466	-0.0032762
23.33078499	-0.010231
23.34078533	-0.018111
23.35078567	-0.027462
23.360786	-0.034951
23.37078634	-0.040967
23.38078668	-0.048503
23.39078701	-0.054432
23.40078735	-0.052022
23.41078769	-0.042996
23.42078802	-0.035184
23.43078836	-0.027643
23.44078869	-0.012712
23.45078903	0.0072763
23.46078937	0.019459
23.4707897	0.020002
23.48079004	0.018084
23.49079038	0.018114
23.50079071	0.012347
23.51079105	-0.0024457
23.52079139	-0.015391
23.53079172	-0.016579
23.54079206	-0.012538
23.5507924	-0.017016
23.56079273	-0.032022
23.57079307	-0.045825
23.58079341	-0.047976
23.59079374	-0.039149
23.60079408	-0.025802
23.61079441	-0.012002
23.62079475	0.001581
23.63079509	0.013758
23.64079542	0.022106
23.65079576	0.025219
23.6607961	0.02482
23.67079643	0.023885
23.68079677	0.02445
23.69079711	0.026967
23.70079744	0.030684
23.71079778	0.034108
23.72079812	0.036718
23.73079845	0.038946
23.74079879	0.040549
23.75079913	0.03954
23.76079946	0.034881
23.7707998	0.028175
23.78080013	0.023703
23.79080047	0.025515
23.80080081	0.035161
23.81080114	0.050124
23.82080148	0.064998
23.83080182	0.074246
23.84080215	0.075538
23.85080249	0.070601
23.86080283	0.062611
23.87080316	0.053402
23.8808035	0.043634
23.89080384	0.034549
23.90080417	0.028058
23.91080451	0.025266
23.92080485	0.025869
23.93080518	0.028389
23.94080552	0.029002
23.95080585	0.023333
23.96080619	0.012674
23.97080653	0.0061717
23.98080686	0.010131
23.9908072	0.019548
24.00080754	0.025304
24.01080787	0.026304
24.02080821	0.026135
24.03080855	0.023495
24.04080888	0.016583
24.05080922	0.012674
24.06080956	0.019757
24.07080989	0.031384
24.08081023	0.033879
24.09081057	0.025284
24.1008109	0.014534
24.11081124	0.0067598
24.12081157	0.00018333
24.13081191	-0.0056446
24.14081225	-0.0095864
24.15081258	-0.012678
24.16081292	-0.016004
24.17081326	-0.016251
24.18081359	-0.011076
24.19081393	-0.0042875
24.20081427	-0.0021668
24.2108146	-0.0073323
24.22081494	-0.017836
24.23081528	-0.028029
24.24081561	-0.032156
24.25081595	-0.030671
24.26081629	-0.029407
24.27081662	-0.030724
24.28081696	-0.031262
24.29081729	-0.029999
24.30081763	-0.030106
24.31081797	-0.031574
24.3208183	-0.031044
24.33081864	-0.029872
24.34081898	-0.032747
24.35081931	-0.039039
24.36081965	-0.043126
24.37081999	-0.042514
24.38082032	-0.037651
24.39082066	-0.028249
24.400821	-0.016344
24.41082133	-0.0099149
24.42082167	-0.014255
24.43082201	-0.025467
24.44082234	-0.036447
24.45082268	-0.044794
24.46082301	-0.050704
24.47082335	-0.055617
24.48082369	-0.061622
24.49082402	-0.068613
24.50082436	-0.07186
24.5108247	-0.069781
24.52082503	-0.067484
24.53082537	-0.068629
24.54082571	-0.068579
24.55082604	-0.063224
24.56082638	-0.056358
24.57082672	-0.051452
24.58082705	-0.045458
24.59082739	-0.036798
24.60082773	-0.031388
24.61082806	-0.03226
24.6208284	-0.032813
24.63082873	-0.026676
24.64082907	-0.017532
24.65082941	-0.011811
24.66082974	-0.008329
24.67083008	-0.0024545
24.68083042	0.0056079
24.69083075	0.012395
24.70083109	0.018328
24.71083143	0.025275
24.72083176	0.031465
24.7308321	0.033612
24.74083244	0.033209
24.75083277	0.033801
24.76083311	0.03464
24.77083345	0.032169
24.78083378	0.026878
24.79083412	0.021956
24.80083445	0.017343
24.81083479	0.011284
24.82083513	0.0064972
24.83083546	0.0073714
24.8408358	0.013177
24.85083614	0.018529
24.86083647	0.02049
24.87083681	0.021312
24.88083715	0.024813
24.89083748	0.032503
24.90083782	0.04305
24.91083816	0.052801
24.92083849	0.056916
24.93083883	0.052086
24.94083917	0.038898
24.9508395	0.0227
24.96083984	0.010807
24.97084017	0.0063734
24.98084051	0.00615
24.99084085	0.0068947
25.00084118	0.0081506
25.01084152	0.0074951
25.02084186	0.0010782
25.03084219	-0.006735
25.04084253	-0.0053978
25.05084287	0.0052787
25.0608432	0.012314
25.07084354	0.0093766
25.08084388	0.0053588
25.09084421	0.0068645
25.10084455	0.0081878
25.11084489	0.0057855
25.12084522	0.0068264
25.13084556	0.013565
25.1408459	0.016139
25.15084623	0.0099465
25.16084657	0.0058173
25.1708469	0.011758
25.18084724	0.01962
25.19084758	0.018138
25.20084791	0.0079561
25.21084825	-0.001579
25.22084859	-0.0037744
25.23084892	0.0020282
25.24084926	0.010944
25.2508496	0.018209
25.26084993	0.024727
25.27085027	0.034862
25.28085061	0.044844
25.29085094	0.045151
25.30085128	0.03665
25.31085162	0.031185
25.32085195	0.032786
25.33085229	0.032814
25.34085262	0.027918
25.35085296	0.02534
25.3608533	0.028489
25.37085363	0.031468
25.38085397	0.033358
25.39085431	0.038287
25.40085464	0.042087
25.41085498	0.034689
25.42085532	0.018968
25.43085565	0.0083438
25.44085599	0.0063719
25.45085633	0.0036898
25.46085666	-0.0039527
25.470857	-0.0092855
25.48085734	-0.007408
25.49085767	-0.0043679
25.50085801	-0.0093802
25.51085834	-0.023083
25.52085868	-0.036314
25.53085902	-0.037973
25.54085935	-0.026877
25.55085969	-0.013016
25.56086003	-0.0057083
25.57086036	-0.0028041
25.5808607	0.0011775
25.59086104	0.0044627
25.60086137	0.0043254
25.61086171	0.0063581
25.62086205	0.017537
25.63086238	0.033558
25.64086272	0.044185
25.65086306	0.046235
25.66086339	0.045248
25.67086373	0.04517
25.68086406	0.045422
25.6908644	0.045463
25.70086474	0.045771
25.71086507	0.044346
25.72086541	0.037718
25.73086575	0.027264
25.74086608	0.019408
25.75086642	0.017251
25.76086676	0.014752
25.77086709	0.004969
25.78086743	-0.009243
25.79086777	-0.018801
25.8008681	-0.021168
25.81086844	-0.021382
25.82086878	-0.021715
25.83086911	-0.019691
25.84086945	-0.014759
25.85086978	-0.0088938
25.86087012	-0.0012649
25.87087046	0.0090919
25.88087079	0.017194
25.89087113	0.016124
25.90087147	0.0054857
25.9108718	-0.0093512
25.92087214	-0.02306
25.93087248	-0.031569
25.94087281	-0.033658
25.95087315	-0.033336
25.96087349	-0.035504
25.97087382	-0.039855
25.98087416	-0.044534
25.9908745	-0.051293
26.00087483	-0.05928
26.01087517	-0.060071
26.0208755	-0.049438
26.03087584	-0.035791
26.04087618	-0.028477
26.05087651	-0.025063
26.06087685	-0.019592
26.07087719	-0.012891
26.08087752	-0.0085869
26.09087786	-0.0053564
26.1008782	-0.0016367
26.11087853	-0.0004012
26.12087887	-0.0037911
26.13087921	-0.0080113
26.14087954	-0.0090824
26.15087988	-0.0067103
26.16088022	-0.0031472
26.17088055	-0.0011788
26.18088089	-0.0033889
26.19088122	-0.0073868
26.20088156	-0.0075987
26.2108819	-0.0021028
26.22088223	0.0038859
26.23088257	0.0059651
26.24088291	0.0052743
26.25088324	0.0041332
26.26088358	0.0016433
26.27088392	-0.0021074
26.28088425	-0.0044027
26.29088459	-0.0046028
26.30088493	-0.0060047
26.31088526	-0.010358
26.3208856	-0.015586
26.33088594	-0.019574
26.34088627	-0.022268
26.35088661	-0.021723
26.36088694	-0.016269
26.37088728	-0.010644
26.38088762	-0.013316
26.39088795	-0.023829
26.40088829	-0.032903
26.41088863	-0.034425
26.42088896	-0.03158
26.4308893	-0.028329
26.44088964	-0.024757
26.45088997	-0.021052
26.46089031	-0.019708
26.47089065	-0.02039
26.48089098	-0.020419
26.49089132	-0.020115
26.50089166	-0.020689
26.51089199	-0.019084
26.52089233	-0.012075
26.53089266	-0.0032349
26.540893	0.0023638
26.55089334	0.0055568
26.56089367	0.009229
26.57089401	0.010214
26.58089435	0.0043055
26.59089468	-0.0047366
26.60089502	-0.0091449
26.61089536	-0.0080037
26.62089569	-0.0065618
26.63089603	-0.0070149
26.64089637	-0.0062128
26.6508967	-0.0023847
26.66089704	0.0011043
26.67089738	0.00035521
26.68089771	-0.0032427
26.69089805	-0.0053265
26.70089838	-0.006032
26.71089872	-0.01014
26.72089906	-0.017896
26.73089939	-0.022237
26.74089973	-0.020331
26.75090007	-0.019662
26.7609004	-0.025984
26.77090074	-0.033177
26.78090108	-0.034103
26.79090141	-0.032632
26.80090175	-0.033778
26.81090209	-0.032421
26.82090242	-0.024389
26.83090276	-0.017929
26.8409031	-0.01914
26.85090343	-0.017504
26.86090377	-0.002304
26.8709041	0.017338
26.88090444	0.02514
26.89090478	0.021815
26.90090511	0.018783
26.91090545	0.018539
26.92090579	0.017091
26.93090612	0.018206
26.94090646	0.028306
26.9509068	0.043077
26.96090713	0.051644
26.97090747	0.05021
26.98090781	0.042443
26.99090814	0.03228
27.00090848	0.023651
27.01090882	0.01982
27.02090915	0.0184
27.03090949	0.013209
27.04090983	0.0037986
27.05091016	-0.0041012
27.0609105	-0.0069153
27.07091083	-0.006744
27.08091117	-0.0061468
27.09091151	-0.006839
27.10091184	-0.01178
27.11091218	-0.020597
27.12091252	-0.026379
27.13091285	-0.023338
27.14091319	-0.015385
27.15091353	-0.00922
27.16091386	-0.0066462
27.1709142	-0.0058829
27.18091454	-0.0066441
27.19091487	-0.0078391
27.20091521	-0.0065877
27.21091555	-0.0015042
27.22091588	0.0056157
27.23091622	0.012053
27.24091655	0.015218
27.25091689	0.013598
27.26091723	0.0099963
27.27091756	0.008951
27.2809179	0.0092016
27.29091824	0.0051289
27.30091857	-0.0016133
27.31091891	-0.0021087
27.32091925	0.0060829
27.33091958	0.016067
27.34091992	0.02409
27.35092026	0.032224
27.36092059	0.037815
27.37092093	0.033804
27.38092127	0.020831
27.3909216	0.0083937
27.40092194	0.0025285
27.41092227	0.00065794
27.42092261	-0.00058798
27.43092295	-0.00031666
27.44092328	0.0037146
27.45092362	0.011432
27.46092396	0.019921
27.47092429	0.023493
27.48092463	0.019063
27.49092497	0.011415
27.5009253	0.0093137
27.51092564	0.015075
27.52092598	0.022892
27.53092631	0.026405
27.54092665	0.024936
27.55092699	0.020912
27.56092732	0.015024
27.57092766	0.0067898
27.58092799	-0.0012593
27.59092833	-0.0048926
27.60092867	-0.0049746
27.610929	-0.008531
27.62092934	-0.018999
27.63092968	-0.030111
27.64093001	-0.034541
27.65093035	-0.033402
27.66093069	-0.030911
27.67093102	-0.026405
27.68093136	-0.019194
27.6909317	-0.013751
27.70093203	-0.011814
27.71093237	-0.0067016
27.72093271	0.0050407
27.73093304	0.014615
27.74093338	0.013373
27.75093371	0.0056855
27.76093405	0.00021452
27.77093439	-0.0036066
27.78093472	-0.0091443
27.79093506	-0.012367
27.8009354	-0.0098708
27.81093573	-0.008923
27.82093607	-0.015824
27.83093641	-0.022039
27.84093674	-0.017355
27.85093708	-0.0077148
27.86093742	-0.0065486
27.87093775	-0.013729
27.88093809	-0.018901
27.89093843	-0.018336
27.90093876	-0.015282
27.9109391	-0.009275
27.92093943	0.00099648
27.93093977	0.0099022
27.94094011	0.012067
27.95094044	0.009828
27.96094078	0.0061191
27.97094112	-0.00053958
27.98094145	-0.0070615
27.99094179	-0.0054362
28.00094213	0.0023702
28.01094246	0.0039895
28.0209428	-0.003659
28.03094314	-0.0094668
28.04094347	-0.0077138
28.05094381	-0.0053954
28.06094415	-0.0064355
28.07094448	-0.0053015
28.08094482	-0.00076925
28.09094515	-0.0003673
28.10094549	-0.005332
28.11094583	-0.0060021
28.12094616	0.0035148
28.1309465	0.016384
28.14094684	0.023975
28.15094717	0.025689
28.16094751	0.026289
28.17094785	0.028356
28.18094818	0.031093
28.19094852	0.032806
28.20094886	0.033408
28.21094919	0.033091
28.22094953	0.030909
28.23094987	0.025312
28.2409502	0.017635
28.25095054	0.010324
28.26095087	0.0040015
28.27095121	-0.0028578
28.28095155	-0.0092019
28.29095188	-0.012757
28.30095222	-0.01243
28.31095256	-0.0078205
28.32095289	0.0031996
28.33095323	0.019046
28.34095357	0.030971
28.3509539	0.032182
28.36095424	0.02837
28.37095458	0.030597
28.38095491	0.039651
28.39095525	0.046599
28.40095559	0.046832
28.41095592	0.045357
28.42095626	0.046369
28.43095659	0.046596
28.44095693	0.040814
28.45095727	0.029357
28.4609576	0.016696
28.47095794	0.0070279
28.48095828	0.0024931
28.49095861	0.0027727
28.50095895	0.0050351
28.51095929	0.0061509
28.52095962	0.0061738
28.53095996	0.0064628
28.5409603	0.0065791
28.55096063	0.0055601
28.56096097	0.0054157
28.57096131	0.0082177
28.58096164	0.011693
28.59096198	0.011502
28.60096231	0.0076694
28.61096265	0.0049776
28.62096299	0.0065941
28.63096332	0.011077
28.64096366	0.015319
28.650964	0.017307
28.66096433	0.015549
28.67096467	0.010183
28.68096501	0.004874
28.69096534	0.0038798
28.70096568	0.0070884
28.71096602	0.0098597
28.72096635	0.0094156
28.73096669	0.007502
28.74096703	0.0061449
28.75096736	0.0034392
28.7609677	-0.0017348
28.77096803	-0.0062194
28.78096837	-0.0071983
28.79096871	-0.0068182
28.80096904	-0.0076278
28.81096938	-0.007492
28.82096972	-0.0043001
28.83097005	-0.0015248
28.84097039	-0.0044668
28.85097073	-0.012372
28.86097106	-0.020921
28.8709714	-0.027669
28.88097174	-0.032535
28.89097207	-0.034363
28.90097241	-0.032557
28.91097275	-0.029007
28.92097308	-0.028387
28.93097342	-0.03458
28.94097376	-0.046301
28.95097409	-0.055138
28.96097443	-0.05374
28.97097476	-0.045982
28.9809751	-0.042632
28.99097544	-0.045678
29.00097577	-0.046242
29.01097611	-0.040271
29.02097645	-0.034259
29.03097678	-0.033187
29.04097712	-0.033413
29.05097746	-0.032973
29.06097779	-0.03613
29.07097813	-0.04401
29.08097847	-0.049321
29.0909788	-0.046844
29.10097914	-0.039025
29.11097948	-0.03046
29.12097981	-0.023233
29.13098015	-0.019863
29.14098048	-0.020665
29.15098082	-0.020739
29.16098116	-0.01628
29.17098149	-0.01206
29.18098183	-0.013498
29.19098217	-0.017199
29.2009825	-0.017732
29.21098284	-0.017662
29.22098318	-0.019935
29.23098351	-0.019237
29.24098385	-0.011952
29.25098419	-0.0067301
29.26098452	-0.011284
29.27098486	-0.019126
29.2809852	-0.019889
29.29098553	-0.014999
29.30098587	-0.010196
29.3109862	-0.0043404
29.32098654	0.0042816
29.33098688	0.0096613
29.34098721	0.008051
29.35098755	0.0060851
29.36098789	0.010176
29.37098822	0.017024
29.38098856	0.020908
29.3909889	0.022661
29.40098923	0.025553
29.41098957	0.030637
29.42098991	0.036919
29.43099024	0.041792
29.44099058	0.040668
29.45099092	0.033744
29.46099125	0.028613
29.47099159	0.031378
29.48099192	0.038612
29.49099226	0.043673
29.5009926	0.045453
29.51099293	0.045723
29.52099327	0.043137
29.53099361	0.035512
29.54099394	0.025405
29.55099428	0.01793
29.56099462	0.015171
29.57099495	0.014418
29.58099529	0.011067
29.59099563	0.0033026
29.60099596	-0.0052262
29.6109963	-0.0093032
29.62099664	-0.008746
29.63099697	-0.0074528
29.64099731	-0.0076921
29.65099764	-0.0086846
29.66099798	-0.0088245
29.67099832	-0.0060394
29.68099865	0.0021952
29.69099899	0.014417
29.70099933	0.023774
29.71099966	0.02453
29.721	0.01981
#N/A	0.016951
#N/A	#N/A
#N/A	#N/A
#N/A	#N/A
#N/A	#N/A
#N/A	#N/A
#N/A	#N/A
#N/A	#N/A
#N/A	#N/A
#N/A	#N/A
#N/A	#N/A
#N/A	#N/A
#N/A	#N/A
#N/A	#N/A
