0	0
0.010000336	-0.000015884
0.020000673	-0.000032564
0.030001009	-0.000050286
0.040001346	-0.000068574
0.050001682	-0.000086305
0.060002019	-0.00010252
0.070002355	-0.00011693
0.080002692	-0.00012949
0.090003028	-0.0001398
0.100003365	-0.00014748
0.110003701	-0.00015268
0.120004038	-0.00015582
0.130004374	-0.00015701
0.140004711	-0.00015601
0.150005047	-0.00015265
0.160005384	-0.00014697
0.17000572	-0.0001391
0.180006057	-0.0001293
0.190006393	-0.00011774
0.200006729	-0.0001041
0.210007066	-0.000087687
0.220007402	-0.000068283
0.230007739	-0.000046484
0.240008075	-0.000023013
0.250008412	1.6854E-06
0.260008748	0.000027128
0.270009085	0.000052901
0.280009421	0.000079558
0.290009758	0.00010873
0.300010094	0.00014169
0.310010431	0.00017824
0.320010767	0.00021732
0.330011104	0.00025838
0.34001144	0.00030165
0.350011777	0.00034754
0.360012113	0.00039614
0.37001245	0.00044708
0.380012786	0.00049968
0.390013122	0.00055334
0.400013459	0.00060833
0.410013795	0.00066576
0.420014132	0.0007264
0.430014468	0.00079005
0.440014805	0.00085629
0.450015141	0.00092533
0.460015478	0.00099764
0.470015814	0.0010729
0.480016151	0.0011498
0.490016487	0.0012266
0.500016824	0.0013015
0.51001716	0.0013734
0.520017497	0.0014415
0.530017833	0.0015055
0.54001817	0.0015657
0.550018506	0.0016245
0.560018843	0.0016862
0.570019179	0.0017558
0.580019515	0.0018351
0.590019852	0.0019227
0.600020188	0.0020154
0.610020525	0.0021112
0.620020861	0.0022083
0.630021198	0.0023054
0.640021534	0.0024024
0.650021871	0.0025004
0.660022207	0.0026013
0.670022544	0.0027056
0.68002288	0.002811
0.690023217	0.0029138
0.700023553	0.0030107
0.71002389	0.0031018
0.720024226	0.00319
0.730024563	0.0032784
0.740024899	0.0033678
0.750025236	0.0034576
0.760025572	0.0035472
0.770025908	0.0036361
0.780026245	0.0037237
0.790026581	0.0038093
0.800026918	0.0038935
0.810027254	0.0039775
0.820027591	0.0040627
0.830027927	0.0041496
0.840028264	0.0042389
0.8500286	0.004331
0.860028937	0.0044264
0.870029273	0.0045253
0.88002961	0.0046272
0.890029946	0.0047316
0.900030283	0.0048375
0.910030619	0.0049447
0.920030956	0.0050535
0.930031292	0.0051657
0.940031629	0.0052854
0.950031965	0.0054164
0.960032301	0.0055581
0.970032638	0.0057034
0.980032974	0.0058415
0.990033311	0.0059635
1.000033647	0.0060667
1.010033984	0.0061558
1.02003432	0.0062407
1.030034657	0.0063289
1.040034993	0.0064188
1.05003533	0.0065012
1.060035666	0.0065684
1.070036003	0.0066214
1.080036339	0.0066682
1.090036676	0.0067162
1.100037012	0.0067704
1.110037349	0.0068342
1.120037685	0.0069108
1.130038022	0.0070016
1.140038358	0.0071051
1.150038694	0.0072183
1.160039031	0.0073385
1.170039367	0.0074638
1.180039704	0.0075925
1.19004004	0.0077221
1.200040377	0.007849
1.210040713	0.007969
1.22004105	0.0080791
1.230041386	0.0081799
1.240041723	0.0082759
1.250042059	0.0083729
1.260042396	0.0084715
1.270042732	0.0085634
1.280043069	0.0086369
1.290043405	0.0086883
1.300043742	0.0087255
1.310044078	0.0087624
1.320044415	0.0088105
1.330044751	0.0088771
1.340045087	0.0089655
1.350045424	0.0090717
1.36004576	0.0091822
1.370046097	0.0092802
1.380046433	0.0093568
1.39004677	0.0094147
1.400047106	0.0094626
1.410047443	0.0095096
1.420047779	0.0095616
1.430048116	0.0096179
1.440048452	0.0096708
1.450048789	0.0097109
1.460049125	0.0097381
1.470049462	0.0097629
1.480049798	0.0097967
1.490050135	0.0098401
1.500050471	0.009881
1.510050808	0.0099012
1.520051144	0.0098887
1.53005148	0.0098465
1.540051817	0.0097909
1.550052153	0.0097378
1.56005249	0.0096908
1.570052826	0.0096427
1.580053163	0.009587
1.590053499	0.0095254
1.600053836	0.0094664
1.610054172	0.0094194
1.620054509	0.0093914
1.630054845	0.0093828
1.640055182	0.0093867
1.650055518	0.0093938
1.660055855	0.0094006
1.670056191	0.0094105
1.680056528	0.0094283
1.690056864	0.0094558
1.700057201	0.0094908
1.710057537	0.0095262
1.720057873	0.009552
1.73005821	0.0095608
1.740058546	0.0095533
1.750058883	0.0095357
1.760059219	0.0095129
1.770059556	0.0094844
1.780059892	0.0094481
1.790060229	0.009403
1.800060565	0.0093483
1.810060902	0.0092842
1.820061238	0.0092137
1.830061575	0.0091396
1.840061911	0.0090582
1.850062248	0.0089606
1.860062584	0.008843
1.870062921	0.0087147
1.880063257	0.0085904
1.890063594	0.0084769
1.90006393	0.0083693
1.910064266	0.0082569
1.920064603	0.0081286
1.930064939	0.0079741
1.940065276	0.0077874
1.950065612	0.0075713
1.960065949	0.0073345
1.970066285	0.007082
1.980066622	0.0068109
1.990066958	0.0065156
2.000067295	0.0061943
2.010067631	0.0058498
2.020067968	0.0054868
2.030068304	0.0051105
2.040068641	0.0047269
2.050068977	0.0043444
2.060069314	0.0039736
2.07006965	0.0036256
2.080069987	0.0033083
2.090070323	0.0030248
2.100070659	0.0027755
2.110070996	0.0025604
2.120071332	0.0023772
2.130071669	0.0022161
2.140072005	0.002059
2.150072342	0.0018848
2.160072678	0.0016794
2.170073015	0.0014395
2.180073351	0.0011681
2.190073688	0.00086513
2.200074024	0.00052299
2.210074361	0.00013174
2.220074697	-0.00031506
2.230075034	-0.00082048
2.24007537	-0.0013878
2.250075707	-0.0020205
2.260076043	-0.0027189
2.27007638	-0.0034767
2.280076716	-0.0042778
2.290077052	-0.0050938
2.300077389	-0.005885
2.310077725	-0.006612
2.320078062	-0.007249
2.330078398	-0.0077878
2.340078735	-0.0082289
2.350079071	-0.0085698
2.360079408	-0.0088034
2.370079744	-0.0089195
2.380080081	-0.0089051
2.390080417	-0.0087446
2.400080754	-0.0084249
2.41008109	-0.0079396
2.420081427	-0.0072843
2.430081763	-0.0064575
2.4400821	-0.0054754
2.450082436	-0.0043892
2.460082773	-0.0032791
2.470083109	-0.0022267
2.480083445	-0.001293
2.490083782	-0.0005192
2.500084118	0.000063563
2.510084455	0.0004321
2.520084791	0.00057629
2.530085128	0.00050067
2.540085464	0.00021903
2.550085801	-0.00025337
2.560086137	-0.00090404
2.570086474	-0.0017216
2.58008681	-0.0026926
2.590087147	-0.0038024
2.600087483	-0.0050374
2.61008782	-0.0063815
2.620088156	-0.0078085
2.630088493	-0.009283
2.640088829	-0.010774
2.650089166	-0.012263
2.660089502	-0.013743
2.670089838	-0.015203
2.680090175	-0.016627
2.690090511	-0.017994
2.700090848	-0.01929
2.710091184	-0.020503
2.720091521	-0.021625
2.730091857	-0.022645
2.740092194	-0.023546
2.75009253	-0.024315
2.760092867	-0.024935
2.770093203	-0.025395
2.78009354	-0.025688
2.790093876	-0.025814
2.800094213	-0.025781
2.810094549	-0.025605
2.820094886	-0.025308
2.830095222	-0.024915
2.840095559	-0.024456
2.850095895	-0.023962
2.860096231	-0.023463
2.870096568	-0.022989
2.880096904	-0.022566
2.890097241	-0.022214
2.900097577	-0.021941
2.910097914	-0.021745
2.92009825	-0.021614
2.930098587	-0.021536
2.940098923	-0.021497
2.95009926	-0.021489
2.960099596	-0.021507
2.970099933	-0.021548
2.980100269	-0.021611
2.990100606	-0.021695
3.000100942	-0.021799
3.010101279	-0.021923
3.020101615	-0.022058
3.030101952	-0.022197
3.040102288	-0.022335
3.050102624	-0.022481
3.060102961	-0.022653
3.070103297	-0.022868
3.080103634	-0.023143
3.09010397	-0.02349
3.100104307	-0.023919
3.110104643	-0.024435
3.12010498	-0.02504
3.130105316	-0.025733
3.140105653	-0.026506
3.150105989	-0.027339
3.160106326	-0.02821
3.170106662	-0.029095
3.180106999	-0.029981
3.190107335	-0.030866
3.200107672	-0.031756
3.210108008	-0.032662
3.220108345	-0.033591
3.230108681	-0.034546
3.240109017	-0.035525
3.250109354	-0.036521
3.26010969	-0.037532
3.270110027	-0.038553
3.280110363	-0.039578
3.2901107	-0.0406
3.300111036	-0.041609
3.310111373	-0.042597
3.320111709	-0.043556
3.330112046	-0.044479
3.340112382	-0.045352
3.350112719	-0.046156
3.360113055	-0.046869
3.370113392	-0.047465
3.380113728	-0.04791
3.390114065	-0.048167
3.400114401	-0.048209
3.410114738	-0.048022
3.420115074	-0.047615
3.43011541	-0.047024
3.440115747	-0.046296
3.450116083	-0.045479
3.46011642	-0.044605
3.470116756	-0.043694
3.480117093	-0.042754
3.490117429	-0.041785
3.500117766	-0.04077
3.510118102	-0.039683
3.520118439	-0.038497
3.530118775	-0.037191
3.540119112	-0.035754
3.550119448	-0.034186
3.560119785	-0.032489
3.570120121	-0.030675
3.580120458	-0.02876
3.590120794	-0.026758
3.600121131	-0.02468
3.610121467	-0.022527
3.620121803	-0.020301
3.63012214	-0.017998
3.640122476	-0.015609
3.650122813	-0.013126
3.660123149	-0.01054
3.670123486	-0.0078399
3.680123822	-0.0050149
3.690124159	-0.0020645
3.700124495	0.0009905
3.710124832	0.0041125
3.720125168	0.0072596
3.730125505	0.010397
3.740125841	0.0135
3.750126178	0.01655
3.760126514	0.019534
3.770126851	0.022438
3.780127187	0.025244
3.790127524	0.027932
3.80012786	0.030482
3.810128197	0.032872
3.820128533	0.035085
3.830128869	0.037104
3.840129206	0.038921
3.850129542	0.040524
3.860129879	0.041906
3.870130215	0.043062
3.880130552	0.043995
3.890130888	0.044728
3.900131225	0.045295
3.910131561	0.045736
3.920131898	0.046087
3.930132234	0.046371
3.940132571	0.046603
3.950132907	0.046789
3.960133244	0.046938
3.97013358	0.047056
3.980133917	0.047159
3.990134253	0.047264
4.00013459	0.047392
4.010134926	0.047565
4.020135262	0.047803
4.030135599	0.04813
4.040135935	0.048562
4.050136272	0.049109
4.060136608	0.04977
4.070136945	0.050539
4.080137281	0.051404
4.090137618	0.052345
4.100137954	0.05334
4.110138291	0.054367
4.120138627	0.055412
4.130138964	0.056467
4.1401393	0.057524
4.150139637	0.058577
4.160139973	0.059621
4.17014031	0.060641
4.180140646	0.06162
4.190140983	0.062537
4.200141319	0.063373
4.210141655	0.064104
4.220141992	0.064712
4.230142328	0.065183
4.240142665	0.065511
4.250143001	0.065695
4.260143338	0.06574
4.270143674	0.065654
4.280144011	0.065441
4.290144347	0.065098
4.300144684	0.064624
4.31014502	0.06401
4.320145357	0.063246
4.330145693	0.062322
4.34014603	0.061234
4.350146366	0.059979
4.360146703	0.058561
4.370147039	0.056991
4.380147376	0.055305
4.390147712	0.053556
4.400148048	0.051792
4.410148385	0.050048
4.420148721	0.048352
4.430149058	0.046731
4.440149394	0.045211
4.450149731	0.043803
4.460150067	0.042494
4.470150404	0.041255
4.48015074	0.040043
4.490151077	0.038827
4.500151413	0.037587
4.51015175	0.036311
4.520152086	0.034989
4.530152423	0.033607
4.540152759	0.032158
4.550153096	0.030636
4.560153432	0.029045
4.570153769	0.027407
4.580154105	0.025763
4.590154441	0.024157
4.600154778	0.022621
4.610155114	0.021179
4.620155451	0.019849
4.630155787	0.018645
4.640156124	0.017567
4.65015646	0.016592
4.660156797	0.015675
4.670157133	0.014763
4.68015747	0.013807
4.690157806	0.01277
4.700158143	0.011634
4.710158479	0.010388
4.720158816	0.0090358
4.730159152	0.0075883
4.740159489	0.0060719
4.750159825	0.0045208
4.760160162	0.0029693
4.770160498	0.0014471
4.780160834	-0.000020911
4.790161171	-0.0014152
4.800161507	-0.0027242
4.810161844	-0.0039467
4.82016218	-0.0050897
4.830162517	-0.006164
4.840162853	-0.0071788
4.85016319	-0.008138
4.860163526	-0.0090381
4.870163863	-0.0098697
4.880164199	-0.010621
4.890164536	-0.011282
4.900164872	-0.011842
4.910165209	-0.012295
4.920165545	-0.012637
4.930165882	-0.012876
4.940166218	-0.013027
4.950166555	-0.013104
4.960166891	-0.013123
4.970167227	-0.013096
4.980167564	-0.013037
4.9901679	-0.012968
5.000168237	-0.012911
5.010168573	-0.012892
5.02016891	-0.01293
5.030169246	-0.013039
5.040169583	-0.013223
5.050169919	-0.013482
5.060170256	-0.013816
5.070170592	-0.014224
5.080170929	-0.014704
5.090171265	-0.015252
5.100171602	-0.015856
5.110171938	-0.016494
5.120172275	-0.017144
5.130172611	-0.017789
5.140172948	-0.018414
5.150173284	-0.019014
5.16017362	-0.019583
5.170173957	-0.020116
5.180174293	-0.020613
5.19017463	-0.021075
5.200174966	-0.021505
5.210175303	-0.021911
5.220175639	-0.022299
5.230175976	-0.02267
5.240176312	-0.023026
5.250176649	-0.023366
5.260176985	-0.023688
5.270177322	-0.023995
5.280177658	-0.024287
5.290177995	-0.024568
5.300178331	-0.024843
5.310178668	-0.025117
5.320179004	-0.025396
5.330179341	-0.025687
5.340179677	-0.025993
5.350180013	-0.026318
5.36018035	-0.026664
5.370180686	-0.027029
5.380181023	-0.027404
5.390181359	-0.027783
5.400181696	-0.028159
5.410182032	-0.02853
5.420182369	-0.028896
5.430182705	-0.029261
5.440183042	-0.029628
5.450183378	-0.029996
5.460183715	-0.03036
5.470184051	-0.030716
5.480184388	-0.03106
5.490184724	-0.031392
5.500185061	-0.031714
5.510185397	-0.032025
5.520185734	-0.032327
5.53018607	-0.032622
5.540186406	-0.032912
5.550186743	-0.033203
5.560187079	-0.033501
5.570187416	-0.033811
5.580187752	-0.034138
5.590188089	-0.034485
5.600188425	-0.034852
5.610188762	-0.035234
5.620189098	-0.035625
5.630189435	-0.036019
5.640189771	-0.036409
5.650190108	-0.036789
5.660190444	-0.037158
5.670190781	-0.037508
5.680191117	-0.037834
5.690191454	-0.038128
5.70019179	-0.038386
5.710192127	-0.038606
5.720192463	-0.038785
5.730192799	-0.038925
5.740193136	-0.039026
5.750193472	-0.039093
5.760193809	-0.039126
5.770194145	-0.039125
5.780194482	-0.039092
5.790194818	-0.039021
5.800195155	-0.03891
5.810195491	-0.038751
5.820195828	-0.038537
5.830196164	-0.038261
5.840196501	-0.037919
5.850196837	-0.037508
5.860197174	-0.037031
5.87019751	-0.036492
5.880197847	-0.035898
5.890198183	-0.035257
5.90019852	-0.034573
5.910198856	-0.033847
5.920199192	-0.033076
5.930199529	-0.032253
5.940199865	-0.031371
5.950200202	-0.030423
5.960200538	-0.029405
5.970200875	-0.028316
5.980201211	-0.027157
5.990201548	-0.025935
6.000201884	-0.024661
6.010202221	-0.023348
6.020202557	-0.02201
6.030202894	-0.020654
6.04020323	-0.019288
6.050203567	-0.017914
6.060203903	-0.016535
6.07020424	-0.015153
6.080204576	-0.01377
6.090204913	-0.012386
6.100205249	-0.011003
6.110205585	-0.0096192
6.120205922	-0.0082359
6.130206258	-0.0068556
6.140206595	-0.005484
6.150206931	-0.0041285
6.160207268	-0.002796
6.170207604	-0.001491
6.180207941	-0.00021476
6.190208277	0.0010329
6.200208614	0.0022521
6.21020895	0.0034423
6.220209287	0.0046028
6.230209623	0.0057341
6.24020996	0.0068365
6.250210296	0.007908
6.260210633	0.0089438
6.270210969	0.0099378
6.280211306	0.010885
6.290211642	0.01178
6.300211978	0.012621
6.310212315	0.013403
6.320212651	0.014119
6.330212988	0.014765
6.340213324	0.015335
6.350213661	0.015824
6.360213997	0.01623
6.370214334	0.01655
6.38021467	0.016784
6.390215007	0.016935
6.400215343	0.017006
6.41021568	0.017
6.420216016	0.016921
6.430216353	0.016775
6.440216689	0.016572
6.450217026	0.016323
6.460217362	0.016037
6.470217699	0.015726
6.480218035	0.015402
6.490218371	0.015075
6.500218708	0.014755
6.510219044	0.014446
6.520219381	0.014151
6.530219717	0.013869
6.540220054	0.013599
6.55022039	0.013337
6.560220727	0.013082
6.570221063	0.012833
6.5802214	0.012592
6.590221736	0.012359
6.600222073	0.012136
6.610222409	0.011926
6.620222746	0.011729
6.630223082	0.011543
6.640223419	0.011366
6.650223755	0.011194
6.660224092	0.011022
6.670224428	0.010843
6.680224764	0.010654
6.690225101	0.010453
6.700225437	0.010239
6.710225774	0.010015
6.72022611	0.009787
6.730226447	0.0095616
6.740226783	0.0093456
6.75022712	0.009144
6.760227456	0.0089596
6.770227793	0.0087932
6.780228129	0.0086442
6.790228466	0.0085123
6.800228802	0.0083975
6.810229139	0.0083007
6.820229475	0.0082225
6.830229812	0.0081628
6.840230148	0.0081208
6.850230485	0.0080947
6.860230821	0.0080821
6.870231157	0.008081
6.880231494	0.0080903
6.89023183	0.0081089
6.900232167	0.0081329
6.910232503	0.008156
6.92023284	0.0081704
6.930233176	0.0081689
6.940233513	0.0081454
6.950233849	0.0080952
6.960234186	0.0080147
6.970234522	0.0079003
6.980234859	0.0077475
6.990235195	0.0075504
7.000235532	0.0073032
7.010235868	0.0070016
7.020236205	0.0066445
7.030236541	0.0062345
7.040236878	0.0057793
7.050237214	0.0052908
7.06023755	0.0047831
7.070237887	0.0042687
7.080238223	0.0037571
7.09023856	0.003256
7.100238896	0.0027713
7.110239233	0.002308
7.120239569	0.0018703
7.130239906	0.0014614
7.140240242	0.0010839
7.150240579	0.00073896
7.160240915	0.00042679
7.170241252	0.00014811
7.180241588	-0.000095998
7.190241925	-0.00030478
7.200242261	-0.00047846
7.210242598	-0.00061828
7.220242934	-0.00072625
7.230243271	-0.00080472
7.240243607	-0.00085599
7.250243943	-0.00088225
7.26024428	-0.00088565
7.270244616	-0.00086831
7.280244953	-0.00083184
7.290245289	-0.00077713
7.300245626	-0.00070497
7.310245962	-0.00061696
7.320246299	-0.0005156
7.330246635	-0.00040341
7.340246972	-0.00028194
7.350247308	-0.0001518
7.360247645	-0.000013206
7.370247981	0.00013376
7.380248318	0.00028927
7.390248654	0.00045386
7.400248991	0.00062843
7.410249327	0.00081473
7.420249664	0.001016
7.43025	0.0012366
7.440250336	0.0014811
7.450250673	0.001753
7.460251009	0.0020543
7.470251346	0.0023859
7.480251682	0.0027484
7.490252019	0.0031422
7.500252355	0.0035687
7.510252692	0.0040287
7.520253028	0.0045225
7.530253365	0.0050489
7.540253701	0.0056047
7.550254038	0.0061835
7.560254374	0.0067757
7.570254711	0.0073691
7.580255047	0.0079526
7.590255384	0.0085177
7.60025572	0.0090589
7.610256057	0.0095727
7.620256393	0.010058
7.630256729	0.010515
7.640257066	0.010949
7.650257402	0.011365
7.660257739	0.011771
7.670258075	0.012174
7.680258412	0.012582
7.690258748	0.013003
7.700259085	0.013444
7.710259421	0.01391
7.720259758	0.014403
7.730260094	0.014921
7.740260431	0.015457
7.750260767	0.015999
7.760261104	0.016537
7.77026144	0.017059
7.780261777	0.017557
7.790262113	0.018024
7.80026245	0.018455
7.810262786	0.018844
7.820263122	0.019185
7.830263459	0.019471
7.840263795	0.019694
7.850264132	0.019851
7.860264468	0.01994
7.870264805	0.019963
7.880265141	0.019923
7.890265478	0.019825
7.900265814	0.019673
7.910266151	0.019472
7.920266487	0.019228
7.930266824	0.018948
7.94026716	0.018635
7.950267497	0.018296
7.960267833	0.017934
7.97026817	0.017549
7.980268506	0.017143
7.990268843	0.016713
8.000269179	0.016262
8.010269515	0.015789
8.020269852	0.015298
8.030270188	0.014787
8.040270525	0.014257
8.050270861	0.013704
8.060271198	0.013129
8.070271534	0.012532
8.080271871	0.011917
8.090272207	0.011286
8.100272544	0.010645
8.11027288	0.0099954
8.120273217	0.0093411
8.130273553	0.0086858
8.14027389	0.0080342
8.150274226	0.0073914
8.160274563	0.0067616
8.170274899	0.0061473
8.180275236	0.0055498
8.190275572	0.0049695
8.200275908	0.0044065
8.210276245	0.0038621
8.220276581	0.0033379
8.230276918	0.0028354
8.240277254	0.002355
8.250277591	0.0018967
8.260277927	0.0014603
8.270278264	0.0010443
8.2802786	0.00064527
8.290278937	0.00025929
8.300279273	-0.00011641
8.31027961	-0.00048279
8.320279946	-0.00083974
8.330280283	-0.0011864
8.340280619	-0.0015207
8.350280956	-0.0018397
8.360281292	-0.0021413
8.370281629	-0.0024244
8.380281965	-0.002689
8.390282301	-0.0029351
8.400282638	-0.0031632
8.410282974	-0.0033741
8.420283311	-0.0035693
8.430283647	-0.0037502
8.440283984	-0.0039191
8.45028432	-0.004079
8.460284657	-0.0042325
8.470284993	-0.0043801
8.48028533	-0.0045206
8.490285666	-0.0046525
8.500286003	-0.0047761
8.510286339	-0.0048934
8.520286676	-0.0050059
8.530287012	-0.0051141
8.540287349	-0.0052169
8.550287685	-0.0053124
8.560288022	-0.0053994
8.570288358	-0.005477
8.580288694	-0.0055451
8.590289031	-0.005604
8.600289367	-0.0056553
8.610289704	-0.0057015
8.62029004	-0.0057459
8.630290377	-0.0057914
8.640290713	-0.0058403
8.65029105	-0.0058934
8.660291386	-0.0059509
8.670291723	-0.0060122
8.680292059	-0.006077
8.690292396	-0.0061455
8.700292732	-0.006218
8.710293069	-0.0062945
8.720293405	-0.0063749
8.730293742	-0.0064587
8.740294078	-0.006545
8.750294415	-0.0066323
8.760294751	-0.0067196
8.770295087	-0.0068063
8.780295424	-0.0068925
8.79029576	-0.0069781
8.800296097	-0.0070619
8.810296433	-0.0071422
8.82029677	-0.0072166
8.830297106	-0.0072823
8.840297443	-0.007336
8.850297779	-0.0073734
8.860298116	-0.0073905
8.870298452	-0.0073845
8.880298789	-0.0073547
8.890299125	-0.0073024
8.900299462	-0.0072305
8.910299798	-0.0071426
8.920300135	-0.0070429
8.930300471	-0.0069358
8.940300808	-0.0068257
8.950301144	-0.0067162
8.96030148	-0.0066102
8.970301817	-0.0065096
8.980302153	-0.0064157
8.99030249	-0.0063289
9.000302826	-0.0062493
9.010303163	-0.0061772
9.020303499	-0.0061126
9.030303836	-0.0060553
9.040304172	-0.0060043
9.050304509	-0.0059576
9.060304845	-0.0059131
9.070305182	-0.0058698
9.080305518	-0.0058286
9.090305855	-0.0057928
9.100306191	-0.0057664
9.110306528	-0.0057529
9.120306864	-0.0057546
9.130307201	-0.0057739
9.140307537	-0.0058133
9.150307873	-0.0058747
9.16030821	-0.0059586
9.170308546	-0.0060641
9.180308883	-0.0061884
9.190309219	-0.0063273
9.200309556	-0.0064759
9.210309892	-0.0066305
9.220310229	-0.0067893
9.230310565	-0.0069515
9.240310902	-0.0071166
9.250311238	-0.0072832
9.260311575	-0.0074492
9.270311911	-0.0076125
9.280312248	-0.0077714
9.290312584	-0.0079241
9.300312921	-0.0080694
9.310313257	-0.008206
9.320313594	-0.0083332
9.33031393	-0.0084514
9.340314266	-0.0085608
9.350314603	-0.0086615
9.360314939	-0.0087535
9.370315276	-0.0088368
9.380315612	-0.0089114
9.390315949	-0.0089772
9.400316285	-0.0090336
9.410316622	-0.0090803
9.420316958	-0.0091168
9.430317295	-0.0091434
9.440317631	-0.0091601
9.450317968	-0.0091663
9.460318304	-0.0091599
9.470318641	-0.0091382
9.480318977	-0.0090994
9.490319314	-0.0090426
9.50031965	-0.0089677
9.510319987	-0.0088747
9.520320323	-0.0087641
9.530320659	-0.0086366
9.540320996	-0.0084923
9.550321332	-0.0083315
9.560321669	-0.0081552
9.570322005	-0.0079647
9.580322342	-0.0077613
9.590322678	-0.007547
9.600323015	-0.0073239
9.610323351	-0.0070948
9.620323688	-0.0068623
9.630324024	-0.0066289
9.640324361	-0.0063967
9.650324697	-0.0061676
9.660325034	-0.0059428
9.67032537	-0.0057231
9.680325707	-0.0055071
9.690326043	-0.0052913
9.70032638	-0.0050713
9.710326716	-0.0048447
9.720327052	-0.0046119
9.730327389	-0.0043747
9.740327725	-0.0041348
9.750328062	-0.0038927
9.760328398	-0.0036482
9.770328735	-0.0034004
9.780329071	-0.0031483
9.790329408	-0.0028911
9.800329744	-0.0026284
9.810330081	-0.0023609
9.820330417	-0.0020902
9.830330754	-0.0018184
9.84033109	-0.0015466
9.850331427	-0.0012754
9.860331763	-0.0010052
9.8703321	-0.00073786
9.880332436	-0.00047554
9.890332773	-0.00022035
9.900333109	0.000026343
9.910333445	0.00026391
9.920333782	0.00049246
9.930334118	0.00071233
9.940334455	0.00092336
9.950334791	0.0011248
9.960335128	0.001316
9.970335464	0.0014965
9.980335801	0.001666
9.990336137	0.0018247
10.00033647	0.0019739
10.01033681	0.0021158
10.02033715	0.0022528
10.03033748	0.0023862
10.04033782	0.0025162
10.05033816	0.0026428
10.06033849	0.0027664
10.07033883	0.002888
10.08033917	0.0030085
10.0903395	0.003128
10.10033984	0.0032467
10.11034017	0.0033646
10.12034051	0.0034823
10.13034085	0.0035996
10.14034118	0.0037164
10.15034152	0.0038321
10.16034186	0.003946
10.17034219	0.0040564
10.18034253	0.0041616
10.19034287	0.0042609
10.2003432	0.004354
10.21034354	0.0044408
10.22034388	0.0045202
10.23034421	0.0045911
10.24034455	0.0046528
10.25034489	0.0047057
10.26034522	0.0047497
10.27034556	0.0047848
10.2803459	0.0048116
10.29034623	0.0048315
10.30034657	0.0048457
10.3103469	0.004855
10.32034724	0.0048595
10.33034758	0.0048596
10.34034791	0.0048557
10.35034825	0.0048483
10.36034859	0.004837
10.37034892	0.0048206
10.38034926	0.0047979
10.3903496	0.0047668
10.40034993	0.0047245
10.41035027	0.0046671
10.42035061	0.004591
10.43035094	0.0044932
10.44035128	0.004372
10.45035162	0.0042264
10.46035195	0.0040561
10.47035229	0.0038611
10.48035262	0.0036413
10.49035296	0.0033978
10.5003533	0.0031329
10.51035363	0.0028506
10.52035397	0.0025549
10.53035431	0.0022498
10.54035464	0.0019381
10.55035498	0.0016223
10.56035532	0.0013037
10.57035565	0.0009828
10.58035599	0.00066072
10.59035633	0.00033914
10.60035666	0.000020206
10.610357	-0.00029395
10.62035734	-0.00060121
10.63035767	-0.00089949
10.64035801	-0.0011872
10.65035834	-0.0014635
10.66035868	-0.0017275
10.67035902	-0.0019783
10.68035935	-0.002215
10.69035969	-0.0024374
10.70036003	-0.0026463
10.71036036	-0.0028432
10.7203607	-0.0030302
10.73036104	-0.0032089
10.74036137	-0.0033806
10.75036171	-0.003546
10.76036205	-0.0037051
10.77036238	-0.0038581
10.78036272	-0.0040047
10.79036306	-0.0041445
10.80036339	-0.004277
10.81036373	-0.0044014
10.82036406	-0.0045178
10.8303644	-0.0046273
10.84036474	-0.0047325
10.85036507	-0.0048368
10.86036541	-0.004943
10.87036575	-0.0050528
10.88036608	-0.0051661
10.89036642	-0.0052821
10.90036676	-0.0053993
10.91036709	-0.0055163
10.92036743	-0.0056324
10.93036777	-0.0057472
10.9403681	-0.0058616
10.95036844	-0.0059769
10.96036878	-0.0060949
10.97036911	-0.0062168
10.98036945	-0.0063435
10.99036978	-0.0064748
11.00037012	-0.0066102
11.01037046	-0.0067492
11.02037079	-0.0068909
11.03037113	-0.0070339
11.04037147	-0.0071764
11.0503718	-0.0073162
11.06037214	-0.0074512
11.07037248	-0.0075795
11.08037281	-0.0076995
11.09037315	-0.00781
11.10037349	-0.0079098
11.11037382	-0.0079979
11.12037416	-0.0080732
11.1303745	-0.0081344
11.14037483	-0.0081802
11.15037517	-0.0082093
11.1603755	-0.0082208
11.17037584	-0.0082146
11.18037618	-0.0081918
11.19037651	-0.0081541
11.20037685	-0.0081029
11.21037719	-0.0080382
11.22037752	-0.0079592
11.23037786	-0.0078643
11.2403782	-0.0077529
11.25037853	-0.0076245
11.26037887	-0.0074787
11.27037921	-0.0073147
11.28037954	-0.0071316
11.29037988	-0.0069289
11.30038022	-0.0067054
11.31038055	-0.00646
11.32038089	-0.0061918
11.33038122	-0.0059014
11.34038156	-0.00559
11.3503819	-0.0052588
11.36038223	-0.0049087
11.37038257	-0.0045407
11.38038291	-0.0041557
11.39038324	-0.003755
11.40038358	-0.0033402
11.41038392	-0.0029138
11.42038425	-0.0024787
11.43038459	-0.0020375
11.44038493	-0.0015923
11.45038526	-0.0011444
11.4603856	-0.00069406
11.47038594	-0.00024074
11.48038627	0.00021637
11.49038661	0.00067816
11.50038694	0.0011452
11.51038728	0.0016174
11.52038762	0.0020937
11.53038795	0.0025722
11.54038829	0.0030509
11.55038863	0.0035277
11.56038896	0.0040008
11.5703893	0.0044688
11.58038964	0.0049311
11.59038997	0.005387
11.60039031	0.0058361
11.61039065	0.0062782
11.62039098	0.0067139
11.63039132	0.0071437
11.64039166	0.007568
11.65039199	0.0079873
11.66039233	0.0084019
11.67039266	0.0088117
11.680393	0.0092159
11.69039334	0.0096128
11.70039367	0.010001
11.71039401	0.010379
11.72039435	0.010747
11.73039468	0.011102
11.74039502	0.011443
11.75039536	0.011769
11.76039569	0.01208
11.77039603	0.012374
11.78039637	0.01265
11.7903967	0.012905
11.80039704	0.01314
11.81039738	0.013354
11.82039771	0.013548
11.83039805	0.013722
11.84039838	0.013876
11.85039872	0.01401
11.86039906	0.014124
11.87039939	0.014217
11.88039973	0.014292
11.89040007	0.014351
11.9004004	0.014396
11.91040074	0.014429
11.92040108	0.01445
11.93040141	0.014461
11.94040175	0.014463
11.95040209	0.014454
11.96040242	0.014437
11.97040276	0.014413
11.9804031	0.014382
11.99040343	0.014344
12.00040377	0.014299
12.0104041	0.014248
12.02040444	0.014192
12.03040478	0.014132
12.04040511	0.014068
12.05040545	0.014
12.06040579	0.013927
12.07040612	0.013848
12.08040646	0.013762
12.0904068	0.013669
12.10040713	0.013566
12.11040747	0.013452
12.12040781	0.013326
12.13040814	0.013188
12.14040848	0.013036
12.15040882	0.01287
12.16040915	0.012692
12.17040949	0.012501
12.18040983	0.012298
12.19041016	0.012085
12.2004105	0.011862
12.21041083	0.011631
12.22041117	0.011393
12.23041151	0.01115
12.24041184	0.010901
12.25041218	0.010647
12.26041252	0.010385
12.27041285	0.010117
12.28041319	0.0098415
12.29041353	0.0095583
12.30041386	0.0092668
12.3104142	0.0089651
12.32041454	0.0086512
12.33041487	0.0083237
12.34041521	0.0079818
12.35041555	0.0076258
12.36041588	0.0072565
12.37041622	0.0068751
12.38041655	0.0064829
12.39041689	0.00608
12.40041723	0.0056668
12.41041756	0.0052443
12.4204179	0.0048133
12.43041824	0.0043739
12.44041857	0.0039254
12.45041891	0.0034667
12.46041925	0.0029975
12.47041958	0.0025176
12.48041992	0.0020273
12.49042026	0.0015266
12.50042059	0.0010158
12.51042093	0.00049597
12.52042127	-0.000031388
12.5304216	-0.00056442
12.54042194	-0.0011017
12.55042227	-0.0016422
12.56042261	-0.0021852
12.57042295	-0.0027298
12.58042328	-0.0032755
12.59042362	-0.0038213
12.60042396	-0.004366
12.61042429	-0.0049072
12.62042463	-0.0054424
12.63042497	-0.0059682
12.6404253	-0.0064814
12.65042564	-0.0069791
12.66042598	-0.0074587
12.67042631	-0.0079182
12.68042665	-0.0083557
12.69042699	-0.0087697
12.70042732	-0.0091588
12.71042766	-0.0095221
12.72042799	-0.0098586
12.73042833	-0.010167
12.74042867	-0.010448
12.750429	-0.010701
12.76042934	-0.010926
12.77042968	-0.011125
12.78043001	-0.011298
12.79043035	-0.011445
12.80043069	-0.011567
12.81043102	-0.011665
12.82043136	-0.011741
12.8304317	-0.011794
12.84043203	-0.011828
12.85043237	-0.011842
12.86043271	-0.011839
12.87043304	-0.011818
12.88043338	-0.01178
12.89043371	-0.011723
12.90043405	-0.01165
12.91043439	-0.01156
12.92043472	-0.011455
12.93043506	-0.011335
12.9404354	-0.011202
12.95043573	-0.011056
12.96043607	-0.010901
12.97043641	-0.010737
12.98043674	-0.010567
12.99043708	-0.010394
13.00043742	-0.010219
13.01043775	-0.010042
13.02043809	-0.009863
13.03043843	-0.0096831
13.04043876	-0.0095033
13.0504391	-0.0093254
13.06043943	-0.0091503
13.07043977	-0.0089784
13.08044011	-0.0088097
13.09044044	-0.0086441
13.10044078	-0.0084808
13.11044112	-0.0083186
13.12044145	-0.0081561
13.13044179	-0.0079924
13.14044213	-0.0078266
13.15044246	-0.0076578
13.1604428	-0.0074859
13.17044314	-0.0073112
13.18044347	-0.0071347
13.19044381	-0.0069567
13.20044415	-0.0067766
13.21044448	-0.0065939
13.22044482	-0.0064096
13.23044515	-0.0062252
13.24044549	-0.006042
13.25044583	-0.0058608
13.26044616	-0.0056814
13.2704465	-0.0055027
13.28044684	-0.0053227
13.29044717	-0.0051397
13.30044751	-0.0049532
13.31044785	-0.0047636
13.32044818	-0.0045713
13.33044852	-0.0043754
13.34044886	-0.0041748
13.35044919	-0.0039681
13.36044953	-0.0037544
13.37044987	-0.0035334
13.3804502	-0.003305
13.39045054	-0.0030691
13.40045087	-0.0028253
13.41045121	-0.0025739
13.42045155	-0.0023155
13.43045188	-0.0020511
13.44045222	-0.0017816
13.45045256	-0.0015075
13.46045289	-0.0012291
13.47045323	-0.00094607
13.48045357	-0.00065836
13.4904539	-0.00036639
13.50045424	-0.000071026
13.51045458	0.00022649
13.52045491	0.00052452
13.53045525	0.00082117
13.54045559	0.0011147
13.55045592	0.0014038
13.56045626	0.0016874
13.57045659	0.0019646
13.58045693	0.002235
13.59045727	0.0024984
13.6004576	0.0027543
13.61045794	0.003002
13.62045828	0.0032405
13.63045861	0.0034696
13.64045895	0.0036901
13.65045929	0.0039023
13.66045962	0.0041062
13.67045996	0.0043012
13.6804603	0.0044864
13.69046063	0.0046604
13.70046097	0.0048214
13.71046131	0.0049676
13.72046164	0.0050979
13.73046198	0.0052121
13.74046231	0.0053097
13.75046265	0.0053902
13.76046299	0.0054534
13.77046332	0.005501
13.78046366	0.005535
13.790464	0.0055574
13.80046433	0.0055688
13.81046467	0.0055695
13.82046501	0.0055595
13.83046534	0.0055388
13.84046568	0.0055072
13.85046602	0.0054647
13.86046635	0.0054113
13.87046669	0.0053471
13.88046703	0.005272
13.89046736	0.005186
13.9004677	0.0050893
13.91046803	0.0049826
13.92046837	0.0048671
13.93046871	0.0047444
13.94046904	0.0046156
13.95046938	0.0044816
13.96046972	0.0043428
13.97047005	0.0042001
13.98047039	0.0040544
13.99047073	0.0039067
14.00047106	0.0037581
14.0104714	0.0036098
14.02047174	0.0034621
14.03047207	0.0033154
14.04047241	0.00317
14.05047275	0.0030265
14.06047308	0.0028852
14.07047342	0.0027462
14.08047376	0.0026092
14.09047409	0.0024735
14.10047443	0.0023375
14.11047476	0.002199
14.1204751	0.0020562
14.13047544	0.0019082
14.14047577	0.0017559
14.15047611	0.0016008
14.16047645	0.0014451
14.17047678	0.0012908
14.18047712	0.0011402
14.19047746	0.00099551
14.20047779	0.00085842
14.21047813	0.00073031
14.22047847	0.00061215
14.2304788	0.00050444
14.24047914	0.00040701
14.25047948	0.00031926
14.26047981	0.00024067
14.27048015	0.00017086
14.28048048	0.000109
14.29048082	0.000053374
14.30048116	1.8536E-06
14.31048149	-0.000047383
14.32048183	-0.000095694
14.33048217	-0.00014437
14.3404825	-0.00019474
14.35048284	-0.00024782
14.36048318	-0.000304
14.37048351	-0.00036313
14.38048385	-0.00042493
14.39048419	-0.00048925
14.40048452	-0.00055623
14.41048486	-0.00062658
14.4204852	-0.00070135
14.43048553	-0.00078146
14.44048587	-0.00086692
14.4504862	-0.00095678
14.46048654	-0.0010497
14.47048688	-0.0011447
14.48048721	-0.0012412
14.49048755	-0.0013391
14.50048789	-0.0014384
14.51048822	-0.0015393
14.52048856	-0.0016428
14.5304889	-0.0017502
14.54048923	-0.0018629
14.55048957	-0.0019826
14.56048991	-0.0021103
14.57049024	-0.0022462
14.58049058	-0.0023895
14.59049092	-0.0025386
14.60049125	-0.0026915
14.61049159	-0.0028465
14.62049192	-0.0030019
14.63049226	-0.0031568
14.6404926	-0.0033114
14.65049293	-0.0034661
14.66049327	-0.0036214
14.67049361	-0.0037773
14.68049394	-0.0039345
14.69049428	-0.0040934
14.70049462	-0.004254
14.71049495	-0.0044154
14.72049529	-0.0045759
14.73049563	-0.0047336
14.74049596	-0.0048867
14.7504963	-0.0050339
14.76049664	-0.0051738
14.77049697	-0.005305
14.78049731	-0.0054267
14.79049764	-0.0055385
14.80049798	-0.0056404
14.81049832	-0.0057321
14.82049865	-0.0058131
14.83049899	-0.0058818
14.84049933	-0.0059365
14.85049966	-0.0059755
14.8605	-0.005998
14.87050034	-0.0060044
14.88050067	-0.0059961
14.89050101	-0.0059753
14.90050135	-0.0059441
14.91050168	-0.005905
14.92050202	-0.0058595
14.93050236	-0.0058079
14.94050269	-0.0057494
14.95050303	-0.0056828
14.96050336	-0.0056074
14.9705037	-0.0055223
14.98050404	-0.0054258
14.99050437	-0.0053166
15.00050471	-0.0051939
15.01050505	-0.0050581
15.02050538	-0.0049107
15.03050572	-0.004754
15.04050606	-0.0045899
15.05050639	-0.0044196
15.06050673	-0.0042441
15.07050707	-0.0040643
15.0805074	-0.0038824
15.09050774	-0.0037002
15.10050808	-0.0035185
15.11050841	-0.0033373
15.12050875	-0.0031559
15.13050908	-0.0029736
15.14050942	-0.0027897
15.15050976	-0.0026034
15.16051009	-0.0024141
15.17051043	-0.0022214
15.18051077	-0.0020249
15.1905111	-0.001825
15.20051144	-0.0016229
15.21051178	-0.0014207
15.22051211	-0.0012207
15.23051245	-0.0010249
15.24051279	-0.00083391
15.25051312	-0.0006473
15.26051346	-0.00046312
15.2705138	-0.00027928
15.28051413	-0.000094426
15.29051447	0.000091886
15.3005148	0.00027954
15.31051514	0.00046811
15.32051548	0.000657
15.33051581	0.00084564
15.34051615	0.0010335
15.35051649	0.00122
15.36051682	0.0014046
15.37051716	0.0015866
15.3805175	0.0017658
15.39051783	0.0019416
15.40051817	0.0021134
15.41051851	0.0022806
15.42051884	0.0024432
15.43051918	0.0026015
15.44051952	0.0027561
15.45051985	0.0029068
15.46052019	0.0030536
15.47052052	0.003196
15.48052086	0.0033337
15.4905212	0.0034663
15.50052153	0.0035936
15.51052187	0.0037159
15.52052221	0.0038335
15.53052254	0.0039463
15.54052288	0.0040541
15.55052322	0.0041565
15.56052355	0.0042541
15.57052389	0.0043482
15.58052423	0.0044403
15.59052456	0.0045322
15.6005249	0.0046256
15.61052524	0.0047221
15.62052557	0.004823
15.63052591	0.0049292
15.64052624	0.0050419
15.65052658	0.005162
15.66052692	0.0052896
15.67052725	0.0054238
15.68052759	0.0055628
15.69052793	0.0057045
15.70052826	0.0058468
15.7105286	0.005988
15.72052894	0.0061257
15.73052927	0.0062574
15.74052961	0.0063811
15.75052995	0.0064962
15.76053028	0.0066025
15.77053062	0.0066992
15.78053096	0.0067853
15.79053129	0.0068593
15.80053163	0.0069203
15.81053197	0.0069684
15.8205323	0.0070043
15.83053264	0.00703
15.84053297	0.007047
15.85053331	0.0070563
15.86053365	0.0070577
15.87053398	0.0070508
15.88053432	0.0070347
15.89053466	0.0070092
15.90053499	0.0069747
15.91053533	0.0069325
15.92053567	0.0068844
15.930536	0.006832
15.94053634	0.0067762
15.95053668	0.0067174
15.96053701	0.0066554
15.97053735	0.0065896
15.98053769	0.0065187
15.99053802	0.0064409
16.00053836	0.0063544
16.01053869	0.0062579
16.02053903	0.0061504
16.03053937	0.006031
16.0405397	0.0058996
16.05054004	0.0057561
16.06054038	0.0056005
16.07054071	0.005433
16.08054105	0.0052548
16.09054139	0.0050672
16.10054172	0.0048721
16.11054206	0.0046709
16.1205424	0.0044645
16.13054273	0.0042534
16.14054307	0.0040383
16.15054341	0.0038198
16.16054374	0.0035987
16.17054408	0.0033752
16.18054441	0.0031494
16.19054475	0.0029215
16.20054509	0.002692
16.21054542	0.0024612
16.22054576	0.0022292
16.2305461	0.0019961
16.24054643	0.0017622
16.25054677	0.0015276
16.26054711	0.001291
16.27054744	0.0010503
16.28054778	0.00080423
16.29054812	0.0005528
16.30054845	0.00029671
16.31054879	0.000036855
16.32054913	-0.00022614
16.33054946	-0.00049188
16.3405498	-0.00075969
16.35055013	-0.0010281
16.36055047	-0.0012951
16.37055081	-0.0015587
16.38055114	-0.0018174
16.39055148	-0.0020709
16.40055182	-0.0023191
16.41055215	-0.0025622
16.42055249	-0.0027999
16.43055283	-0.0030317
16.44055316	-0.003257
16.4505535	-0.0034754
16.46055384	-0.0036861
16.47055417	-0.0038885
16.48055451	-0.0040822
16.49055485	-0.0042668
16.50055518	-0.0044418
16.51055552	-0.0046068
16.52055585	-0.0047616
16.53055619	-0.0049065
16.54055653	-0.0050419
16.55055686	-0.0051673
16.5605572	-0.0052826
16.57055754	-0.0053879
16.58055787	-0.0054842
16.59055821	-0.0055725
16.60055855	-0.0056535
16.61055888	-0.0057279
16.62055922	-0.0057955
16.63055956	-0.0058554
16.64055989	-0.0059063
16.65056023	-0.0059469
16.66056057	-0.0059768
16.6705609	-0.0059964
16.68056124	-0.0060057
16.69056157	-0.0060048
16.70056191	-0.0059938
16.71056225	-0.0059725
16.72056258	-0.0059406
16.73056292	-0.0058968
16.74056326	-0.0058396
16.75056359	-0.0057678
16.76056393	-0.0056812
16.77056427	-0.0055809
16.7805646	-0.0054689
16.79056494	-0.0053473
16.80056528	-0.0052182
16.81056561	-0.0050828
16.82056595	-0.0049423
16.83056629	-0.0047981
16.84056662	-0.0046512
16.85056696	-0.004502
16.86056729	-0.0043511
16.87056763	-0.004199
16.88056797	-0.0040464
16.8905683	-0.0038939
16.90056864	-0.0037421
16.91056898	-0.0035922
16.92056931	-0.0034448
16.93056965	-0.0032995
16.94056999	-0.0031554
16.95057032	-0.0030112
16.96057066	-0.0028661
16.970571	-0.0027202
16.98057133	-0.002574
16.99057167	-0.0024281
17.00057201	-0.0022829
17.01057234	-0.0021385
17.02057268	-0.0019945
17.03057301	-0.001851
17.04057335	-0.0017082
17.05057369	-0.0015664
17.06057402	-0.0014253
17.07057436	-0.0012845
17.0805747	-0.0011443
17.09057503	-0.0010058
17.10057537	-0.00087063
17.11057571	-0.00074083
17.12057604	-0.00061794
17.13057638	-0.00050272
17.14057672	-0.00039496
17.15057705	-0.00029385
17.16057739	-0.00019849
17.17057773	-0.00010824
17.18057806	-0.000022532
17.1905784	0.000059334
17.20057873	0.00013828
17.21057907	0.00021526
17.22057941	0.00029081
17.23057974	0.00036466
17.24058008	0.00043562
17.25058042	0.00050199
17.26058075	0.00056199
17.27058109	0.00061415
17.28058143	0.00065761
17.29058176	0.00069222
17.3005821	0.00071838
17.31058244	0.00073681
17.32058277	0.00074855
17.33058311	0.00075506
17.34058345	0.0007578
17.35058378	0.0007576
17.36058412	0.00075436
17.37058445	0.00074744
17.38058479	0.00073625
17.39058513	0.00072077
17.40058546	0.00070182
17.4105858	0.00068104
17.42058614	0.00066012
17.43058647	0.00064014
17.44058681	0.00062142
17.45058715	0.00060385
17.46058748	0.00058719
17.47058782	0.00057114
17.48058816	0.00055556
17.49058849	0.00054072
17.50058883	0.00052695
17.51058917	0.000514
17.5205895	0.0005009
17.53058984	0.00048635
17.54059017	0.0004692
17.55059051	0.00044881
17.56059085	0.00042547
17.57059118	0.00040061
17.58059152	0.00037646
17.59059186	0.00035527
17.60059219	0.00033848
17.61059253	0.00032655
17.62059287	0.00031912
17.6305932	0.00031543
17.64059354	0.00031488
17.65059388	0.00031751
17.66059421	0.00032418
17.67059455	0.0003364
17.68059489	0.00035561
17.69059522	0.00038253
17.70059556	0.00041733
17.7105959	0.00046038
17.72059623	0.00051258
17.73059657	0.00057456
17.7405969	0.00064582
17.75059724	0.00072489
17.76059758	0.00080999
17.77059791	0.0008993
17.78059825	0.00099058
17.79059859	0.0010816
17.80059892	0.0011706
17.81059926	0.0012572
17.8205996	0.001341
17.83059993	0.0014222
17.84060027	0.0015013
17.85060061	0.0015787
17.86060094	0.0016548
17.87060128	0.0017292
17.88060162	0.0018014
17.89060195	0.0018709
17.90060229	0.0019375
17.91060262	0.0020003
17.92060296	0.0020583
17.9306033	0.0021105
17.94060363	0.0021561
17.95060397	0.0021943
17.96060431	0.0022245
17.97060464	0.0022473
17.98060498	0.0022636
17.99060532	0.0022745
18.00060565	0.0022801
18.01060599	0.0022803
18.02060633	0.0022737
18.03060666	0.0022583
18.040607	0.0022328
18.05060734	0.002197
18.06060767	0.0021519
18.07060801	0.0020984
18.08060834	0.0020371
18.09060868	0.0019686
18.10060902	0.0018931
18.11060935	0.0018116
18.12060969	0.0017255
18.13061003	0.001637
18.14061036	0.0015485
18.1506107	0.0014623
18.16061104	0.0013801
18.17061137	0.001303
18.18061171	0.0012309
18.19061205	0.0011629
18.20061238	0.0010981
18.21061272	0.0010354
18.22061306	0.00097313
18.23061339	0.00090979
18.24061373	0.0008445
18.25061406	0.00077745
18.2606144	0.00070936
18.27061474	0.00064088
18.28061507	0.00057235
18.29061541	0.00050372
18.30061575	0.00043453
18.31061608	0.00036405
18.32061642	0.00029178
18.33061676	0.00021775
18.34061709	0.00014246
18.35061743	0.000066565
18.36061777	-9.2634E-06
18.3706181	-0.000083918
18.38061844	-0.00015563
18.39061878	-0.00022253
18.40061911	-0.0002835
18.41061945	-0.00033852
18.42061978	-0.00038829
18.43062012	-0.00043391
18.44062046	-0.00047652
18.45062079	-0.00051664
18.46062113	-0.0005537
18.47062147	-0.00058645
18.4806218	-0.00061375
18.49062214	-0.00063481
18.50062248	-0.0006489
18.51062281	-0.00065529
18.52062315	-0.00065352
18.53062349	-0.00064352
18.54062382	-0.00062542
18.55062416	-0.00059966
18.5606245	-0.00056709
18.57062483	-0.0005288
18.58062517	-0.00048569
18.5906255	-0.00043841
18.60062584	-0.00038752
18.61062618	-0.00033353
18.62062651	-0.00027669
18.63062685	-0.00021693
18.64062719	-0.0001539
18.65062752	-0.000087246
18.66062786	-0.00001692
18.6706282	0.000056715
18.68062853	0.00013326
18.69062887	0.00021276
18.70062921	0.00029562
18.71062954	0.00038202
18.72062988	0.00047155
18.73063022	0.00056348
18.74063055	0.00065702
18.75063089	0.00075122
18.76063122	0.00084502
18.77063156	0.0009375
18.7806319	0.001028
18.79063223	0.0011155
18.80063257	0.0011988
18.81063291	0.0012763
18.82063324	0.0013475
18.83063358	0.0014122
18.84063392	0.0014706
18.85063425	0.0015226
18.86063459	0.0015683
18.87063493	0.0016073
18.88063526	0.0016392
18.8906356	0.0016639
18.90063594	0.0016819
18.91063627	0.0016942
18.92063661	0.0017016
18.93063694	0.0017042
18.94063728	0.0017016
18.95063762	0.0016925
18.96063795	0.0016756
18.97063829	0.0016501
18.98063863	0.0016157
18.99063896	0.0015731
19.0006393	0.0015229
19.01063964	0.0014662
19.02063997	0.0014036
19.03064031	0.0013363
19.04064065	0.0012656
19.05064098	0.0011925
19.06064132	0.0011177
19.07064166	0.0010411
19.08064199	0.00096272
19.09064233	0.0008832
19.10064266	0.00080326
19.110643	0.00072369
19.12064334	0.0006454
19.13064367	0.00056933
19.14064401	0.00049603
19.15064435	0.00042534
19.16064468	0.00035678
19.17064502	0.00029011
19.18064536	0.00022531
19.19064569	0.00016206
19.20064603	0.000099519
19.21064637	0.000036748
19.2206467	-0.000026964
19.23064704	-0.00009209
19.24064738	-0.00015898
19.25064771	-0.00022802
19.26064805	-0.00029991
19.27064838	-0.00037585
19.28064872	-0.00045724
19.29064906	-0.00054504
19.30064939	-0.00063976
19.31064973	-0.0007417
19.32065007	-0.00085128
19.3306504	-0.00096902
19.34065074	-0.0010955
19.35065108	-0.0012313
19.36065141	-0.0013764
19.37065175	-0.0015302
19.38065209	-0.0016915
19.39065242	-0.0018593
19.40065276	-0.0020323
19.4106531	-0.0022088
19.42065343	-0.0023871
19.43065377	-0.0025651
19.4406541	-0.0027404
19.45065444	-0.0029103
19.46065478	-0.0030728
19.47065511	-0.0032265
19.48065545	-0.0033706
19.49065579	-0.0035044
19.50065612	-0.0036276
19.51065646	-0.0037402
19.5206568	-0.003842
19.53065713	-0.0039323
19.54065747	-0.0040108
19.55065781	-0.0040778
19.56065814	-0.0041337
19.57065848	-0.004179
19.58065882	-0.0042136
19.59065915	-0.0042377
19.60065949	-0.0042518
19.61065983	-0.0042564
19.62066016	-0.0042512
19.6306605	-0.0042356
19.64066083	-0.0042096
19.65066117	-0.0041737
19.66066151	-0.0041283
19.67066184	-0.0040731
19.68066218	-0.0040077
19.69066252	-0.0039316
19.70066285	-0.0038448
19.71066319	-0.0037475
19.72066353	-0.0036404
19.73066386	-0.0035236
19.7406642	-0.0033972
19.75066454	-0.0032603
19.76066487	-0.0031119
19.77066521	-0.0029516
19.78066555	-0.0027802
19.79066588	-0.002599
19.80066622	-0.0024095
19.81066655	-0.0022133
19.82066689	-0.0020119
19.83066723	-0.001806
19.84066756	-0.0015961
19.8506679	-0.0013821
19.86066824	-0.0011642
19.87066857	-0.00094258
19.88066891	-0.00071717
19.89066925	-0.00048791
19.90066958	-0.00025523
19.91066992	-0.000020452
19.92067026	0.00021433
19.93067059	0.00044682
19.94067093	0.0006751
19.95067127	0.00089774
19.9606716	0.0011138
19.97067194	0.0013226
19.98067227	0.0015241
19.99067261	0.0017184
20.00067295	0.0019059
20.01067328	0.0020869
20.02067362	0.0022613
20.03067396	0.0024288
20.04067429	0.0025883
20.05067463	0.0027388
20.06067497	0.0028795
20.0706753	0.0030098
20.08067564	0.00313
20.09067598	0.0032401
20.10067631	0.0033402
20.11067665	0.0034304
20.12067699	0.0035105
20.13067732	0.0035801
20.14067766	0.0036386
20.15067799	0.003686
20.16067833	0.0037228
20.17067867	0.0037501
20.180679	0.003768
20.19067934	0.003776
20.20067968	0.0037735
20.21068001	0.0037603
20.22068035	0.0037366
20.23068069	0.003703
20.24068102	0.0036602
20.25068136	0.0036096
20.2606817	0.003552
20.27068203	0.003488
20.28068237	0.0034185
20.29068271	0.0033443
20.30068304	0.0032665
20.31068338	0.0031854
20.32068371	0.003101
20.33068405	0.0030133
20.34068439	0.0029226
20.35068472	0.0028295
20.36068506	0.0027341
20.3706854	0.0026366
20.38068573	0.0025369
20.39068607	0.0024348
20.40068641	0.0023301
20.41068674	0.0022226
20.42068708	0.0021123
20.43068742	0.0019992
20.44068775	0.0018835
20.45068809	0.0017647
20.46068843	0.0016425
20.47068876	0.0015168
20.4806891	0.0013883
20.49068943	0.0012581
20.50068977	0.001127
20.51069011	0.00099561
20.52069044	0.00086381
20.53069078	0.00073134
20.54069112	0.00059813
20.55069145	0.0004649
20.56069179	0.00033305
20.57069213	0.00020404
20.58069246	0.000078668
20.5906928	-0.000042833
20.60069314	-0.00016049
20.61069347	-0.00027434
20.62069381	-0.00038441
20.63069415	-0.00049088
20.64069448	-0.00059415
20.65069482	-0.00069447
20.66069515	-0.00079163
20.67069549	-0.00088499
20.68069583	-0.00097402
20.69069616	-0.0010586
20.7006965	-0.0011389
20.71069684	-0.0012153
20.72069717	-0.0012887
20.73069751	-0.0013601
20.74069785	-0.0014303
20.75069818	-0.0014996
20.76069852	-0.0015678
20.77069886	-0.0016349
20.78069919	-0.0017009
20.79069953	-0.0017654
20.80069987	-0.0018283
20.8107002	-0.0018894
20.82070054	-0.0019485
20.83070087	-0.0020061
20.84070121	-0.0020623
20.85070155	-0.0021172
20.86070188	-0.0021706
20.87070222	-0.0022213
20.88070256	-0.0022684
20.89070289	-0.0023108
20.90070323	-0.0023484
20.91070357	-0.0023814
20.9207039	-0.0024105
20.93070424	-0.0024359
20.94070458	-0.0024582
20.95070491	-0.0024781
20.96070525	-0.0024969
20.97070559	-0.0025155
20.98070592	-0.0025348
20.99070626	-0.0025552
21.00070659	-0.0025767
21.01070693	-0.0025989
21.02070727	-0.0026218
21.0307076	-0.0026459
21.04070794	-0.0026716
21.05070828	-0.0026983
21.06070861	-0.0027245
21.07070895	-0.0027482
21.08070929	-0.002767
21.09070962	-0.002779
21.10070996	-0.0027827
21.1107103	-0.0027775
21.12071063	-0.0027636
21.13071097	-0.0027415
21.14071131	-0.0027116
21.15071164	-0.0026743
21.16071198	-0.002631
21.17071231	-0.0025835
21.18071265	-0.0025336
21.19071299	-0.0024826
21.20071332	-0.0024312
21.21071366	-0.0023801
21.220714	-0.0023299
21.23071433	-0.0022806
21.24071467	-0.0022326
21.25071501	-0.0021854
21.26071534	-0.0021382
21.27071568	-0.0020898
21.28071602	-0.002039
21.29071635	-0.0019854
21.30071669	-0.001929
21.31071703	-0.0018699
21.32071736	-0.0018086
21.3307177	-0.0017454
21.34071803	-0.0016807
21.35071837	-0.0016148
21.36071871	-0.0015471
21.37071904	-0.0014772
21.38071938	-0.0014049
21.39071972	-0.0013302
21.40072005	-0.0012529
21.41072039	-0.001173
21.42072073	-0.0010909
21.43072106	-0.0010077
21.4407214	-0.00092451
21.45072174	-0.0008428
21.46072207	-0.00076406
21.47072241	-0.00068975
21.48072275	-0.0006207
21.49072308	-0.00055678
21.50072342	-0.00049734
21.51072376	-0.00044164
21.52072409	-0.00038876
21.53072443	-0.00033741
21.54072476	-0.00028618
21.5507251	-0.00023406
21.56072544	-0.00018052
21.57072577	-0.00012522
21.58072611	-0.00006774
21.59072645	-7.8331E-06
21.60072678	0.000053964
21.61072712	0.00011616
21.62072746	0.00017697
21.63072779	0.00023531
21.64072813	0.00029129
21.65072847	0.00034578
21.6607288	0.00039978
21.67072914	0.00045394
21.68072948	0.00050821
21.69072981	0.00056175
21.70073015	0.0006132
21.71073048	0.00066125
21.72073082	0.00070492
21.73073116	0.00074354
21.74073149	0.00077687
21.75073183	0.00080513
21.76073217	0.00082899
21.7707325	0.00084931
21.78073284	0.00086719
21.79073318	0.0008838
21.80073351	0.00090004
21.81073385	0.000916
21.82073419	0.00093087
21.83073452	0.00094326
21.84073486	0.00095164
21.8507352	0.00095481
21.86073553	0.00095208
21.87073587	0.00094315
21.8807362	0.00092802
21.89073654	0.00090719
21.90073688	0.00088171
21.91073721	0.00085303
21.92073755	0.00082274
21.93073789	0.00079251
21.94073822	0.00076378
21.95073856	0.00073722
21.9607389	0.0007127
21.97073923	0.00069003
21.98073957	0.00066964
21.99073991	0.00065226
22.00074024	0.00063815
22.01074058	0.00062684
22.02074092	0.00061741
22.03074125	0.00060892
22.04074159	0.0006009
22.05074192	0.00059365
22.06074226	0.00058834
22.0707426	0.00058647
22.08074293	0.00058905
22.09074327	0.00059607
22.10074361	0.0006065
22.11074394	0.00061888
22.12074428	0.00063215
22.13074462	0.0006459
22.14074495	0.00066005
22.15074529	0.00067429
22.16074563	0.00068802
22.17074596	0.00070066
22.1807463	0.00071195
22.19074664	0.00072185
22.20074697	0.0007304
22.21074731	0.00073758
22.22074764	0.00074335
22.23074798	0.00074797
22.24074832	0.00075202
22.25074865	0.00075648
22.26074899	0.00076239
22.27074933	0.00077047
22.28074966	0.00078064
22.29075	0.00079207
22.30075034	0.0008038
22.31075067	0.00081519
22.32075101	0.00082577
22.33075135	0.00083479
22.34075168	0.00084149
22.35075202	0.00084547
22.36075236	0.00084651
22.37075269	0.00084417
22.38075303	0.00083799
22.39075336	0.00082799
22.4007537	0.00081466
22.41075404	0.00079849
22.42075437	0.00077996
22.43075471	0.00075999
22.44075505	0.00074033
22.45075538	0.00072328
22.46075572	0.00071116
22.47075606	0.00070578
22.48075639	0.00070799
22.49075673	0.00071758
22.50075707	0.00073354
22.5107574	0.00075472
22.52075774	0.00078012
22.53075808	0.00080875
22.54075841	0.00083947
22.55075875	0.0008712
22.56075908	0.00090317
22.57075942	0.00093471
22.58075976	0.00096491
22.59076009	0.00099272
22.60076043	0.0010175
22.61076077	0.001039
22.6207611	0.0010576
22.63076144	0.0010738
22.64076178	0.0010887
22.65076211	0.0011034
22.66076245	0.0011182
22.67076279	0.0011332
22.68076312	0.0011481
22.69076346	0.0011629
22.7007638	0.0011776
22.71076413	0.0011923
22.72076447	0.0012068
22.7307648	0.0012211
22.74076514	0.0012349
22.75076548	0.0012477
22.76076581	0.0012593
22.77076615	0.0012696
22.78076649	0.0012784
22.79076682	0.0012854
22.80076716	0.0012899
22.8107675	0.0012914
22.82076783	0.0012904
22.83076817	0.0012881
22.84076851	0.0012855
22.85076884	0.0012832
22.86076918	0.0012807
22.87076952	0.0012775
22.88076985	0.001273
22.89077019	0.0012671
22.90077052	0.0012601
22.91077086	0.0012523
22.9207712	0.0012442
22.93077153	0.001236
22.94077187	0.0012277
22.95077221	0.0012194
22.96077254	0.0012106
22.97077288	0.0012004
22.98077322	0.0011878
22.99077355	0.0011717
23.00077389	0.0011517
23.01077423	0.0011281
23.02077456	0.0011017
23.0307749	0.0010737
23.04077524	0.0010446
23.05077557	0.0010151
23.06077591	0.00098546
23.07077624	0.00095576
23.08077658	0.00092557
23.09077692	0.00089465
23.10077725	0.00086341
23.11077759	0.00083238
23.12077793	0.00080136
23.13077826	0.00076955
23.1407786	0.00073643
23.15077894	0.00070223
23.16077927	0.00066749
23.17077961	0.0006326
23.18077995	0.00059765
23.19078028	0.00056255
23.20078062	0.00052713
23.21078096	0.00049147
23.22078129	0.00045626
23.23078163	0.00042265
23.24078197	0.00039156
23.2507823	0.00036329
23.26078264	0.00033769
23.27078297	0.00031461
23.28078331	0.00029401
23.29078365	0.0002759
23.30078398	0.00026001
23.31078432	0.00024568
23.32078466	0.00023197
23.33078499	0.00021799
23.34078533	0.00020297
23.35078567	0.0001861
23.360786	0.00016653
23.37078634	0.0001435
23.38078668	0.00011633
23.39078701	0.000084358
23.40078735	0.000047149
23.41078769	4.9036E-06
23.42078802	-0.000041672
23.43078836	-0.000091773
23.44078869	-0.00014445
23.45078903	-0.00019828
23.46078937	-0.00025157
23.4707897	-0.00030321
23.48079004	-0.00035291
23.49079038	-0.00040075
23.50079071	-0.00044692
23.51079105	-0.00049209
23.52079139	-0.00053746
23.53079172	-0.00058407
23.54079206	-0.0006322
23.5507924	-0.00068181
23.56079273	-0.00073338
23.57079307	-0.00078812
23.58079341	-0.00084715
23.59079374	-0.0009107
23.60079408	-0.00097806
23.61079441	-0.001048
23.62079475	-0.0011191
23.63079509	-0.0011901
23.64079542	-0.0012599
23.65079576	-0.0013275
23.6607961	-0.0013927
23.67079643	-0.0014555
23.68079677	-0.0015158
23.69079711	-0.0015736
23.70079744	-0.0016287
23.71079778	-0.0016808
23.72079812	-0.0017294
23.73079845	-0.0017744
23.74079879	-0.0018155
23.75079913	-0.0018526
23.76079946	-0.0018859
23.7707998	-0.0019157
23.78080013	-0.0019426
23.79080047	-0.001967
23.80080081	-0.0019887
23.81080114	-0.0020067
23.82080148	-0.0020197
23.83080182	-0.0020264
23.84080215	-0.0020258
23.85080249	-0.0020178
23.86080283	-0.0020029
23.87080316	-0.0019817
23.8808035	-0.0019552
23.89080384	-0.0019243
23.90080417	-0.0018899
23.91080451	-0.0018526
23.92080485	-0.0018126
23.93080518	-0.0017701
23.94080552	-0.0017247
23.95080585	-0.0016766
23.96080619	-0.0016263
23.97080653	-0.0015747
23.98080686	-0.0015221
23.9908072	-0.0014684
24.00080754	-0.0014129
24.01080787	-0.0013549
24.02080821	-0.0012943
24.03080855	-0.0012312
24.04080888	-0.0011658
24.05080922	-0.0010987
24.06080956	-0.0010301
24.07080989	-0.00095932
24.08081023	-0.00088568
24.09081057	-0.00080892
24.1008109	-0.00072969
24.11081124	-0.00064893
24.12081157	-0.00056746
24.13081191	-0.00048596
24.14081225	-0.00040498
24.15081258	-0.00032493
24.16081292	-0.00024616
24.17081326	-0.00016891
24.18081359	-0.000093148
24.19081393	-0.000018455
24.20081427	0.000055693
24.2108146	0.00012944
24.22081494	0.00020232
24.23081528	0.00027343
24.24081561	0.00034189
24.25081595	0.00040727
24.26081629	0.00046957
24.27081662	0.00052887
24.28081696	0.00058512
24.29081729	0.00063829
24.30081763	0.00068843
24.31081797	0.00073551
24.3208183	0.0007795
24.33081864	0.00082039
24.34081898	0.00085819
24.35081931	0.00089264
24.36081965	0.00092324
24.37081999	0.00094964
24.38082032	0.00097189
24.39082066	0.0009905
24.400821	0.0010063
24.41082133	0.0010204
24.42082167	0.0010332
24.43082201	0.0010444
24.44082234	0.0010531
24.45082268	0.0010582
24.46082301	0.0010589
24.47082335	0.0010545
24.48082369	0.0010445
24.49082402	0.0010284
24.50082436	0.0010055
24.5108247	0.00097551
24.52082503	0.00093857
24.53082537	0.00089479
24.54082571	0.00084419
24.55082604	0.00078685
24.56082638	0.00072323
24.57082672	0.00065393
24.58082705	0.00057951
24.59082739	0.00050061
24.60082773	0.00041795
24.61082806	0.00033199
24.6208284	0.00024282
24.63082873	0.00015053
24.64082907	0.00005565
24.65082941	-0.00004107
24.66082974	-0.00013903
24.67083008	-0.00023776
24.68083042	-0.00033668
24.69083075	-0.00043507
24.70083109	-0.00053224
24.71083143	-0.00062756
24.72083176	-0.00072037
24.7308321	-0.00081013
24.74083244	-0.00089659
24.75083277	-0.00097971
24.76083311	-0.0010594
24.77083345	-0.0011358
24.78083378	-0.001209
24.79083412	-0.0012795
24.80083445	-0.0013478
24.81083479	-0.0014144
24.82083513	-0.0014799
24.83083546	-0.0015445
24.8408358	-0.0016083
24.85083614	-0.0016708
24.86083647	-0.0017315
24.87083681	-0.0017902
24.88083715	-0.0018467
24.89083748	-0.0019006
24.90083782	-0.0019512
24.91083816	-0.0019975
24.92083849	-0.0020387
24.93083883	-0.0020744
24.94083917	-0.0021051
24.9508395	-0.002132
24.96083984	-0.0021565
24.97084017	-0.0021797
24.98084051	-0.0022022
24.99084085	-0.0022241
25.00084118	-0.0022453
25.01084152	-0.0022657
25.02084186	-0.0022854
25.03084219	-0.0023051
25.04084253	-0.0023253
25.05084287	-0.0023458
25.0608432	-0.0023658
25.07084354	-0.0023848
25.08084388	-0.002403
25.09084421	-0.0024204
25.10084455	-0.0024372
25.11084489	-0.0024533
25.12084522	-0.0024686
25.13084556	-0.0024832
25.1408459	-0.0024965
25.15084623	-0.0025084
25.16084657	-0.0025193
25.1708469	-0.0025293
25.18084724	-0.0025382
25.19084758	-0.0025452
25.20084791	-0.0025507
25.21084825	-0.0025554
25.22084859	-0.00256
25.23084892	-0.0025649
25.24084926	-0.0025694
25.2508496	-0.0025729
25.26084993	-0.0025746
25.27085027	-0.0025737
25.28085061	-0.0025694
25.29085094	-0.0025608
25.30085128	-0.0025479
25.31085162	-0.0025313
25.32085195	-0.0025113
25.33085229	-0.0024882
25.34085262	-0.0024618
25.35085296	-0.0024327
25.3608533	-0.0024008
25.37085363	-0.0023661
25.38085397	-0.0023283
25.39085431	-0.0022871
25.40085464	-0.002242
25.41085498	-0.0021931
25.42085532	-0.0021409
25.43085565	-0.0020866
25.44085599	-0.0020313
25.45085633	-0.0019754
25.46085666	-0.0019193
25.470857	-0.0018634
25.48085734	-0.0018084
25.49085767	-0.001754
25.50085801	-0.0017003
25.51085834	-0.0016477
25.52085868	-0.0015974
25.53085902	-0.0015505
25.54085935	-0.0015071
25.55085969	-0.0014662
25.56086003	-0.0014269
25.57086036	-0.0013882
25.5808607	-0.0013498
25.59086104	-0.0013112
25.60086137	-0.0012723
25.61086171	-0.001233
25.62086205	-0.0011927
25.63086238	-0.0011506
25.64086272	-0.0011053
25.65086306	-0.0010557
25.66086339	-0.0010016
25.67086373	-0.00094298
25.68086406	-0.00087982
25.6908644	-0.00081212
25.70086474	-0.00073986
25.71086507	-0.00066307
25.72086541	-0.00058198
25.73086575	-0.00049722
25.74086608	-0.00040966
25.75086642	-0.00032001
25.76086676	-0.00022865
25.77086709	-0.000136
25.78086743	-0.000042964
25.79086777	0.000049267
25.8008681	0.0001398
25.81086844	0.00022826
25.82086878	0.00031459
25.83086911	0.0003988
25.84086945	0.00048112
25.85086978	0.00056199
25.86087012	0.000642
25.87087046	0.00072197
25.88087079	0.00080278
25.89087113	0.00088508
25.90087147	0.00096876
25.9108718	0.0010529
25.92087214	0.0011361
25.93087248	0.0012171
25.94087281	0.0012952
25.95087315	0.0013699
25.96087349	0.0014412
25.97087382	0.001509
25.98087416	0.0015727
25.9908745	0.001632
26.00087483	0.001686
26.01087517	0.0017344
26.0208755	0.001777
26.03087584	0.0018147
26.04087618	0.0018487
26.05087651	0.0018798
26.06087685	0.0019084
26.07087719	0.001935
26.08087752	0.0019604
26.09087786	0.0019848
26.1008782	0.0020087
26.11087853	0.0020324
26.12087887	0.0020559
26.13087921	0.0020791
26.14087954	0.0021015
26.15087988	0.0021231
26.16088022	0.002144
26.17088055	0.0021646
26.18088089	0.002185
26.19088122	0.002205
26.20088156	0.0022243
26.2108819	0.002243
26.22088223	0.0022615
26.23088257	0.0022804
26.24088291	0.0022997
26.25088324	0.0023196
26.26088358	0.0023398
26.27088392	0.0023602
26.28088425	0.0023804
26.29088459	0.0024002
26.30088493	0.0024195
26.31088526	0.0024382
26.3208856	0.0024558
26.33088594	0.0024718
26.34088627	0.002486
26.35088661	0.0024979
26.36088694	0.0025079
26.37088728	0.0025162
26.38088762	0.0025233
26.39088795	0.0025288
26.40088829	0.0025319
26.41088863	0.002532
26.42088896	0.0025287
26.4308893	0.0025223
26.44088964	0.0025131
26.45088997	0.0025014
26.46089031	0.0024875
26.47089065	0.0024716
26.48089098	0.0024537
26.49089132	0.0024338
26.50089166	0.0024118
26.51089199	0.0023878
26.52089233	0.002362
26.53089266	0.0023351
26.540893	0.0023077
26.55089334	0.0022806
26.56089367	0.002254
26.57089401	0.0022283
26.58089435	0.0022034
26.59089468	0.0021788
26.60089502	0.0021539
26.61089536	0.0021283
26.62089569	0.0021018
26.63089603	0.0020746
26.64089637	0.0020468
26.6508967	0.0020184
26.66089704	0.0019898
26.67089738	0.0019612
26.68089771	0.0019325
26.69089805	0.0019036
26.70089838	0.0018741
26.71089872	0.001844
26.72089906	0.0018127
26.73089939	0.0017798
26.74089973	0.0017448
26.75090007	0.0017077
26.7609004	0.0016685
26.77090074	0.0016267
26.78090108	0.0015817
26.79090141	0.0015333
26.80090175	0.0014816
26.81090209	0.0014267
26.82090242	0.0013686
26.83090276	0.0013081
26.8409031	0.0012455
26.85090343	0.0011812
26.86090377	0.0011154
26.8709041	0.0010495
26.88090444	0.000985
26.89090478	0.00092277
26.90090511	0.00086273
26.91090545	0.00080464
26.92090579	0.00074838
26.93090612	0.00069388
26.94090646	0.00064143
26.9509068	0.00059193
26.96090713	0.00054658
26.97090747	0.00050615
26.98090781	0.00047057
26.99090814	0.00043919
27.00090848	0.00041106
27.01090882	0.00038543
27.02090915	0.00036183
27.03090949	0.00033998
27.04090983	0.00031935
27.05091016	0.00029914
27.0609105	0.00027864
27.07091083	0.00025752
27.08091117	0.00023574
27.09091151	0.00021332
27.10091184	0.0001901
27.11091218	0.00016561
27.12091252	0.00013914
27.13091285	0.00011024
27.14091319	0.00007914
27.15091353	0.000046453
27.16091386	0.000012755
27.1709142	-0.000021653
27.18091454	-0.000056687
27.19091487	-0.000092397
27.20091521	-0.00012883
27.21091555	-0.00016582
27.22091588	-0.00020292
27.23091622	-0.00023947
27.24091655	-0.0002749
27.25091689	-0.00030892
27.26091723	-0.00034164
27.27091756	-0.00037329
27.2809179	-0.00040401
27.29091824	-0.00043392
27.30091857	-0.00046339
27.31091891	-0.00049286
27.32091925	-0.00052232
27.33091958	-0.00055113
27.34091992	-0.00057839
27.35092026	-0.00060323
27.36092059	-0.00062491
27.37092093	-0.00064305
27.38092127	-0.00065804
27.3909216	-0.00067092
27.40092194	-0.00068281
27.41092227	-0.00069434
27.42092261	-0.00070579
27.43092295	-0.00071726
27.44092328	-0.00072867
27.45092362	-0.00073962
27.46092396	-0.0007494
27.47092429	-0.00075731
27.48092463	-0.00076308
27.49092497	-0.00076702
27.5009253	-0.00076967
27.51092564	-0.00077121
27.52092598	-0.00077118
27.53092631	-0.00076897
27.54092665	-0.00076424
27.55092699	-0.00075709
27.56092732	-0.00074788
27.57092766	-0.00073724
27.58092799	-0.00072591
27.59092833	-0.0007146
27.60092867	-0.00070369
27.610929	-0.00069336
27.62092934	-0.00068406
27.63092968	-0.00067668
27.64093001	-0.00067213
27.65093035	-0.00067091
27.66093069	-0.00067299
27.67093102	-0.00067811
27.68093136	-0.0006858
27.6909317	-0.00069546
27.70093203	-0.00070658
27.71093237	-0.0007188
27.72093271	-0.00073153
27.73093304	-0.0007438
27.74093338	-0.00075489
27.75093371	-0.0007648
27.76093405	-0.00077408
27.77093439	-0.0007833
27.78093472	-0.00079293
27.79093506	-0.00080341
27.8009354	-0.00081499
27.81093573	-0.00082759
27.82093607	-0.00084128
27.83093641	-0.00085654
27.84093674	-0.00087373
27.85093708	-0.00089252
27.86093742	-0.00091231
27.87093775	-0.00093295
27.88093809	-0.00095492
27.89093843	-0.00097864
27.90093876	-0.0010041
27.9109391	-0.0010311
27.92093943	-0.0010588
27.93093977	-0.0010865
27.94094011	-0.0011134
27.95094044	-0.0011392
27.96094078	-0.001164
27.97094112	-0.0011883
27.98094145	-0.0012126
27.99094179	-0.0012375
28.00094213	-0.0012627
28.01094246	-0.0012879
28.0209428	-0.0013129
28.03094314	-0.0013382
28.04094347	-0.0013642
28.05094381	-0.0013911
28.06094415	-0.0014185
28.07094448	-0.0014465
28.08094482	-0.001475
28.09094515	-0.0015037
28.10094549	-0.0015325
28.11094583	-0.0015618
28.12094616	-0.0015914
28.1309465	-0.0016205
28.14094684	-0.0016482
28.15094717	-0.0016736
28.16094751	-0.0016965
28.17094785	-0.0017167
28.18094818	-0.001734
28.19094852	-0.0017483
28.20094886	-0.0017593
28.21094919	-0.001767
28.22094953	-0.0017714
28.23094987	-0.0017729
28.2409502	-0.0017718
28.25095054	-0.001769
28.26095087	-0.0017651
28.27095121	-0.0017608
28.28095155	-0.0017568
28.29095188	-0.0017537
28.30095222	-0.0017517
28.31095256	-0.0017509
28.32095289	-0.0017507
28.33095323	-0.00175
28.34095357	-0.0017476
28.3509539	-0.0017423
28.36095424	-0.0017339
28.37095458	-0.0017225
28.38095491	-0.001708
28.39095525	-0.0016894
28.40095559	-0.0016664
28.41095592	-0.0016388
28.42095626	-0.0016066
28.43095659	-0.0015697
28.44095693	-0.0015283
28.45095727	-0.001483
28.4609576	-0.0014348
28.47095794	-0.0013849
28.48095828	-0.0013341
28.49095861	-0.0012829
28.50095895	-0.0012315
28.51095929	-0.0011795
28.52095962	-0.001127
28.53095996	-0.0010738
28.5409603	-0.00102
28.55096063	-0.00096553
28.56096097	-0.00091051
28.57096131	-0.00085488
28.58096164	-0.00079841
28.59096198	-0.00074086
28.60096231	-0.00068225
28.61096265	-0.00062284
28.62096299	-0.00056283
28.63096332	-0.00050209
28.64096366	-0.00044025
28.650964	-0.00037693
28.66096433	-0.00031198
28.67096467	-0.00024556
28.68096501	-0.00017812
28.69096534	-0.00011008
28.70096568	-0.000041553
28.71096602	0.000027673
28.72096635	0.000097804
28.73096669	0.00016884
28.74096703	0.00024064
28.75096736	0.00031302
28.7609677	0.00038569
28.77096803	0.00045819
28.78096837	0.00053017
28.79096871	0.00060145
28.80096904	0.00067203
28.81096938	0.00074186
28.82096972	0.00081103
28.83097005	0.00087975
28.84097039	0.00094818
28.85097073	0.001016
28.86097106	0.0010826
28.8709714	0.0011472
28.88097174	0.001209
28.89097207	0.0012677
28.90097241	0.001323
28.91097275	0.0013751
28.92097308	0.0014242
28.93097342	0.0014704
28.94097376	0.0015129
28.95097409	0.0015508
28.96097443	0.0015835
28.97097476	0.001611
28.9809751	0.0016338
28.99097544	0.0016522
29.00097577	0.001666
29.01097611	0.0016754
29.02097645	0.0016808
29.03097678	0.0016826
29.04097712	0.0016811
29.05097746	0.0016762
29.06097779	0.001668
29.07097813	0.001656
29.08097847	0.0016397
29.0909788	0.0016186
29.10097914	0.001593
29.11097948	0.0015636
29.12097981	0.001531
29.13098015	0.001496
29.14098048	0.0014589
29.15098082	0.0014198
29.16098116	0.0013787
29.17098149	0.001336
29.18098183	0.0012919
29.19098217	0.0012465
29.2009825	0.0011994
29.21098284	0.0011505
29.22098318	0.0010998
29.23098351	0.0010472
29.24098385	0.00099281
29.25098419	0.00093719
29.26098452	0.00088065
29.27098486	0.0008229
29.2809852	0.00076342
29.29098553	0.00070209
29.30098587	0.00063925
29.3109862	0.00057542
29.32098654	0.00051123
29.33098688	0.00044739
29.34098721	0.00038434
29.35098755	0.00032208
29.36098789	0.00026058
29.37098822	0.00020017
29.38098856	0.00014139
29.3909889	0.000084645
29.40098923	0.000030195
29.41098957	-0.000021645
29.42098991	-0.000070391
29.43099024	-0.00011548
29.44099058	-0.00015654
29.45099092	-0.00019368
29.46099125	-0.0002274
29.47099159	-0.00025806
29.48099192	-0.00028547
29.49099226	-0.00030908
29.5009926	-0.00032839
29.51099293	-0.00034321
29.52099327	-0.00035352
29.53099361	-0.00035964
29.54099394	-0.00036227
29.55099428	-0.0003623
29.56099462	-0.00036042
29.57099495	-0.00035697
29.58099529	-0.00035214
29.59099563	-0.00034631
29.60099596	-0.00034018
29.6109963	-0.00033445
29.62099664	-0.00032955
29.63099697	-0.00032549
29.64099731	-0.00032222
29.65099764	-0.00031974
29.66099798	-0.00031811
29.67099832	-0.00031728
29.68099865	-0.00031692
29.69099899	-0.00031625
29.70099933	-0.0003142
29.71099966	-0.00030999
29.721	-0.00030347
#N/A	-0.00029491
#N/A	#N/A
#N/A	#N/A
#N/A	#N/A
#N/A	#N/A
#N/A	#N/A
#N/A	#N/A
#N/A	#N/A
#N/A	#N/A
#N/A	#N/A
#N/A	#N/A
#N/A	#N/A
#N/A	#N/A
#N/A	#N/A
