0	0.0052864
0.009999744	0.014261
0.019999488	0.019625
0.029999232	0.019965
0.039998976	0.025235
0.04999872	0.037743
0.059998464	0.043599
0.069998208	0.030121
0.079997952	0.0090307
0.089997696	0.0058586
0.09999744	0.018791
0.109997184	0.022602
0.119996928	0.010953
0.129996672	0.0051466
0.139996416	0.013487
0.14999616	0.01852
0.159995904	0.0093016
0.169995648	0.0022126
0.179995392	0.0095705
0.189995136	0.01644
0.19999488	0.0079715
0.209994624	-0.000684
0.219994368	0.010447
0.229994112	0.030994
0.239993856	0.033146
0.2499936	0.012763
0.259993344	-0.0069144
0.269993088	-0.0055275
0.279992832	0.010929
0.289992576	0.020369
0.29999232	0.011968
0.309992063	-0.00062403
0.319991807	0.0020695
0.329991551	0.017777
0.339991295	0.028152
0.349991039	0.025982
0.359990783	0.019408
0.369990527	0.011074
0.379990271	-0.003036
0.389990015	-0.014798
0.399989759	-0.0087593
0.409989503	0.011945
0.419989247	0.026375
0.429988991	0.025015
0.439988735	0.015648
0.449988479	0.0066816
0.459988223	0.003164
0.469987967	0.012244
0.479987711	0.027252
0.489987455	0.025817
0.499987199	0.0017775
0.509986943	-0.017321
0.519986687	-0.010405
0.529986431	0.003077
0.539986175	-0.00454
0.549985919	-0.023387
0.559985663	-0.025513
0.569985407	-0.011494
0.579985151	-0.0035478
0.589984895	-0.0042325
0.599984639	0.0033446
0.609984383	0.02282
0.619984127	0.037332
0.629983871	0.033462
0.639983615	0.013312
0.649983359	-0.012685
0.659983103	-0.033276
0.669982847	-0.038702
0.679982591	-0.026486
0.689982335	-0.0089096
0.699982079	-0.0037836
0.709981823	-0.013394
0.719981567	-0.021675
0.729981311	-0.017671
0.739981055	-0.0077294
0.749980799	-0.0020346
0.759980543	0.0032299
0.769980287	0.016896
0.779980031	0.033846
0.789979775	0.035421
0.799979519	0.014077
0.809979263	-0.017765
0.819979007	-0.043433
0.829978751	-0.059397
0.839978495	-0.070449
0.849978239	-0.072878
0.859977983	-0.051968
0.869977727	-0.0052744
0.879977471	0.04012
0.889977215	0.050891
0.899976959	0.027262
0.909976703	0.0021969
0.919976446	-0.003726
0.92997619	-0.0054582
0.939975934	-0.025585
0.949975678	-0.057745
0.959975422	-0.074004
0.969975166	-0.059966
0.97997491	-0.031011
0.989974654	-0.014826
0.999974398	-0.023789
1.009974142	-0.047295
1.019973886	-0.064485
1.02997363	-0.059467
1.039973374	-0.027713
1.049973118	0.017816
1.059972862	0.045058
1.069972606	0.02753
1.07997235	-0.019929
1.089972094	-0.04769
1.099971838	-0.025741
1.109971582	0.02202
1.119971326	0.045105
1.12997107	0.01671
1.139970814	-0.041868
1.149970558	-0.077749
1.159970302	-0.056377
1.169970046	-0.0017433
1.17996979	0.025149
1.189969534	-0.0014334
1.199969278	-0.044263
1.209969022	-0.06257
1.219968766	-0.063799
1.22996851	-0.071763
1.239968254	-0.080706
1.249967998	-0.075058
1.259967742	-0.058009
1.269967486	-0.033658
1.27996723	0.0057072
1.289966974	0.049736
1.299966718	0.064183
1.309966462	0.038589
1.319966206	0.0053951
1.32996595	-0.0064838
1.339965694	-0.0054538
1.349965438	-0.0093518
1.359965182	-0.019575
1.369964926	-0.033114
1.37996467	-0.050109
1.389964414	-0.05618
1.399964158	-0.031535
1.409963902	0.015535
1.419963646	0.052782
1.42996339	0.067506
1.439963134	0.07026
1.449962878	0.059966
1.459962622	0.02407
1.469962366	-0.025051
1.47996211	-0.057786
1.489961854	-0.071094
1.499961598	-0.088607
1.509961342	-0.11258
1.519961086	-0.11418
1.529960829	-0.081195
1.539960573	-0.039994
1.549960317	-0.013687
1.559960061	0.0042317
1.569959805	0.022377
1.579959549	0.030857
1.589959293	0.021281
1.599959037	0.0013537
1.609958781	-0.011447
1.619958525	-0.0029698
1.629958269	0.020874
1.639958013	0.032071
1.649957757	0.015781
1.659957501	-0.0028422
1.669957245	0.005541
1.679956989	0.02273
1.689956733	0.017885
1.699956477	0.005672
1.709956221	0.01428
1.719955965	0.014822
1.729955709	-0.029788
1.739955453	-0.082549
1.749955197	-0.084385
1.759954941	-0.060556
1.769954685	-0.069264
1.779954429	-0.085737
1.789954173	-0.049027
1.799953917	0.013167
1.809953661	0.026853
1.819953405	0.0047722
1.829953149	0.017294
1.839952893	0.06181
1.849952637	0.069639
1.859952381	0.028359
1.869952125	-0.0083501
1.879951869	-0.015262
1.889951613	-0.016125
1.899951357	-0.022635
1.909951101	-0.025744
1.919950845	-0.030215
1.929950589	-0.036833
1.939950333	-0.023224
1.949950077	0.014629
1.959949821	0.038249
1.969949565	0.02617
1.979949309	0.0050996
1.989949053	-0.0031309
1.999948797	-0.016361
2.009948541	-0.042854
2.019948285	-0.059796
2.029948029	-0.054349
2.039947773	-0.040442
2.049947517	-0.012659
2.059947261	0.041077
2.069947005	0.085721
2.079946749	0.071185
2.089946493	0.025832
2.099946237	0.016629
2.109945981	0.028719
2.119945725	-0.0063561
2.129945469	-0.069322
2.139945212	-0.071129
2.149944956	-0.010879
2.1599447	0.015584
2.169944444	-0.012859
2.179944188	-0.010031
2.189943932	0.051579
2.199943676	0.077662
2.20994342	0.013827
2.219943164	-0.064458
2.229942908	-0.071557
2.239942652	-0.027518
2.249942396	-0.0022199
2.25994214	-0.016235
2.269941884	-0.037616
2.279941628	-0.032542
2.289941372	-0.0017147
2.299941116	0.020839
2.30994086	0.0060605
2.319940604	-0.018031
2.329940348	0.0010883
2.339940092	0.051359
2.349939836	0.064856
2.35993958	0.034837
2.369939324	0.031268
2.379939068	0.07175
2.389938812	0.080856
2.399938556	0.022783
2.4099383	-0.033417
2.419938044	-0.030837
2.429937788	-0.0083727
2.439937532	-0.011088
2.449937276	-0.0059465
2.45993702	0.041988
2.469936764	0.088813
2.479936508	0.080573
2.489936252	0.04689
2.499935996	0.039335
2.50993574	0.037262
2.519935484	-0.0031847
2.529935228	-0.051918
2.539934972	-0.04256
2.549934716	0.015366
2.55993446	0.048051
2.569934204	0.026369
2.579933948	0.0023683
2.589933692	0.019312
2.599933436	0.058175
2.60993318	0.087228
2.619932924	0.11305
2.629932668	0.14581
2.639932412	0.16232
2.649932156	0.13529
2.6599319	0.069417
2.669931644	0.00019752
2.679931388	-0.034981
2.689931132	-0.017083
2.699930876	0.046221
2.70993062	0.12401
2.719930364	0.17904
2.729930108	0.20047
2.739929852	0.22009
2.749929595	0.27301
2.759929339	0.35127
2.769929083	0.40548
2.779928827	0.39614
2.789928571	0.33201
2.799928315	0.25119
2.809928059	0.17098
2.819927803	0.080468
2.829927547	-0.014325
2.839927291	-0.069516
2.849927035	-0.054503
2.859926779	-0.0026248
2.869926523	0.035694
2.879926267	0.078742
2.889926011	0.1886
2.899925755	0.34571
2.909925499	0.43943
2.919925243	0.42078
2.929924987	0.37158
2.939924731	0.34282
2.949924475	0.2421
2.959924219	0.000082091
2.969923963	-0.25464
2.979923707	-0.34221
2.989923451	-0.28051
2.999923195	-0.22956
3.009922939	-0.24682
3.019922683	-0.26096
3.029922427	-0.24584
3.039922171	-0.2418
3.049921915	-0.22515
3.059921659	-0.12874
3.069921403	0.0081237
3.079921147	0.077114
3.089920891	0.081233
3.099920635	0.11807
3.109920379	0.1754
3.119920123	0.13299
3.129919867	0.0017542
3.139919611	-0.027402
3.149919355	0.1255
3.159919099	0.26212
3.169918843	0.1687
3.179918587	-0.076104
3.189918331	-0.23013
3.199918075	-0.23755
3.209917819	-0.269
3.219917563	-0.43726
3.229917307	-0.65292
3.239917051	-0.77784
3.249916795	-0.78494
3.259916539	-0.7248
3.269916283	-0.63372
3.279916027	-0.50787
3.289915771	-0.30913
3.299915515	0.00041034
3.309915259	0.38808
3.319915003	0.73522
3.329914747	0.9402
3.339914491	0.99207
3.349914235	0.91591
3.359913978	0.7119
3.369913722	0.42233
3.379913466	0.19074
3.38991321	0.16796
3.399912954	0.35552
3.409912698	0.57189
3.419912442	0.58049
3.429912186	0.29461
3.43991193	-0.11676
3.449911674	-0.38804
3.459911418	-0.44041
3.469911162	-0.41286
3.479910906	-0.41057
3.48991065	-0.4129
3.499910394	-0.45633
3.509910138	-0.64661
3.519909882	-0.87777
3.529909626	-0.82366
3.53990937	-0.37791
3.549909114	0.14507
3.559908858	0.43193
3.569908602	0.56616
3.579908346	0.82086
3.58990809	1.2568
3.599907834	1.6739
3.609907578	1.7837
3.619907322	1.3693
3.629907066	0.51355
3.63990681	-0.3106
3.649906554	-0.67506
3.659906298	-0.7271
3.669906042	-0.94922
3.679905786	-1.3944
3.68990553	-1.5677
3.699905274	-1.1495
3.709905018	-0.46369
3.719904762	-0.071636
3.729904506	-0.16527
3.73990425	-0.50068
3.749903994	-0.75303
3.759903738	-0.80657
3.769903482	-0.76551
3.779903226	-0.74067
3.78990297	-0.69625
3.799902714	-0.56358
3.809902458	-0.39787
3.819902202	-0.2642
3.829901946	-0.11252
3.83990169	0.039638
3.849901434	-0.08354
3.859901178	-0.70826
3.869900922	-1.6289
3.879900666	-2.3502
3.88990041	-2.6014
3.899900154	-2.3758
3.909899898	-1.6954
3.919899642	-0.63527
3.929899386	0.41243
3.93989913	0.9118
3.949898874	0.66841
3.959898618	0.046367
3.969898361	-0.39654
3.979898105	-0.43955
3.989897849	-0.28271
3.999897593	-0.1729
4.009897337	-0.047384
4.019897081	0.33808
4.029896825	1.0193
4.039896569	1.6755
4.049896313	2.0098
4.059896057	2.0893
4.069895801	2.2077
4.079895545	2.4599
4.089895289	2.5856
4.099895033	2.2514
4.109894777	1.4876
4.119894521	0.76212
4.129894265	0.50758
4.139894009	0.65859
4.149893753	0.76212
4.159893497	0.51099
4.169893241	0.021555
4.179892985	-0.39414
4.189892729	-0.56056
4.199892473	-0.49336
4.209892217	-0.28222
4.219891961	-0.024927
4.229891705	0.21659
4.239891449	0.44231
4.249891193	0.65585
4.259890937	0.81036
4.269890681	0.87551
4.279890425	0.89446
4.289890169	0.91516
4.299889913	0.90564
4.309889657	0.77763
4.319889401	0.45062
4.329889145	-0.095628
4.339888889	-0.75422
4.349888633	-1.2886
4.359888377	-1.5134
4.369888121	-1.4919
4.379887865	-1.4307
4.389887609	-1.4181
4.399887353	-1.3977
4.409887097	-1.3633
4.419886841	-1.372
4.429886585	-1.426
4.439886329	-1.4596
4.449886073	-1.4297
4.459885817	-1.2998
4.469885561	-0.99854
4.479885305	-0.50479
4.489885049	0.072918
4.499884793	0.58018
4.509884537	0.92673
4.519884281	1.0313
4.529884025	0.84263
4.539883769	0.45529
4.549883513	0.068693
4.559883257	-0.2019
4.569883001	-0.34971
4.579882744	-0.34232
4.589882488	-0.14672
4.599882232	0.14186
4.609881976	0.32512
4.61988172	0.33938
4.629881464	0.29558
4.639881208	0.31017
4.649880952	0.37555
4.659880696	0.43371
4.66988044	0.45298
4.679880184	0.44283
4.689879928	0.4311
4.699879672	0.42885
4.709879416	0.40693
4.71987916	0.31401
4.729878904	0.16357
4.739878648	0.028334
4.749878392	-0.0089087
4.759878136	0.075256
4.76987788	0.24777
4.779877624	0.42686
4.789877368	0.54851
4.799877112	0.57993
4.809876856	0.50276
4.8198766	0.3124
4.829876344	0.083401
4.839876088	-0.03375
4.849875832	0.041099
4.859875576	0.19299
4.86987532	0.24477
4.879875064	0.18874
4.889874808	0.14966
4.899874552	0.15508
4.909874296	0.10942
4.91987404	-0.006312
4.929873784	-0.086929
4.939873528	-0.087352
4.949873272	-0.1125
4.959873016	-0.25909
4.96987276	-0.46728
4.979872504	-0.5737
4.989872248	-0.43412
4.999871992	-0.013734
5.009871736	0.51616
5.01987148	0.79935
5.029871224	0.571
5.039870968	-0.036969
5.049870712	-0.58433
5.059870456	-0.70483
5.0698702	-0.36396
5.079869944	0.17753
5.089869688	0.53738
5.099869432	0.45644
5.109869176	0.038097
5.11986892	-0.30668
5.129868664	-0.26662
5.139868408	-0.001825
5.149868152	0.048698
5.159867896	-0.29908
5.16986764	-0.73737
5.179867384	-0.85994
5.189867127	-0.64664
5.199866871	-0.45203
5.209866615	-0.50962
5.219866359	-0.67037
5.229866103	-0.69114
5.239865847	-0.57826
5.249865591	-0.47911
5.259865335	-0.3874
5.269865079	-0.20921
5.279864823	0.015345
5.289864567	0.16416
5.299864311	0.27462
5.309864055	0.43362
5.319863799	0.56618
5.329863543	0.53995
5.339863287	0.42848
5.349863031	0.42366
5.359862775	0.5484
5.369862519	0.62224
5.379862263	0.49862
5.389862007	0.20913
5.399861751	-0.10402
5.409861495	-0.3073
5.419861239	-0.35966
5.429860983	-0.34862
5.439860727	-0.37578
5.449860471	-0.40891
5.459860215	-0.3416
5.469859959	-0.19602
5.479859703	-0.11557
5.489859447	-0.149
5.499859191	-0.18987
5.509858935	-0.1408
5.519858679	-0.031247
5.529858423	0.071806
5.539858167	0.16064
5.549857911	0.26302
5.559857655	0.36249
5.569857399	0.42642
5.579857143	0.47882
5.589856887	0.58166
5.599856631	0.7148
5.609856375	0.74191
5.619856119	0.56111
5.629855863	0.25663
5.639855607	0.030017
5.649855351	-0.027402
5.659855095	0.0062182
5.669854839	0.038739
5.679854583	0.083535
5.689854327	0.16712
5.699854071	0.23409
5.709853815	0.22912
5.719853559	0.2033
5.729853303	0.22227
5.739853047	0.23146
5.749852791	0.12201
5.759852535	-0.097521
5.769852279	-0.30576
5.779852023	-0.40393
5.789851767	-0.37119
5.79985151	-0.22648
5.809851254	-0.040747
5.819850998	0.084779
5.829850742	0.13274
5.839850486	0.18219
5.84985023	0.2535
5.859849974	0.28238
5.869849718	0.28366
5.879849462	0.35389
5.889849206	0.42946
5.89984895	0.29762
5.909848694	-0.056276
5.919848438	-0.34633
5.929848182	-0.37662
5.939847926	-0.25591
5.94984767	-0.14062
5.959847414	-0.020582
5.969847158	0.1208
5.979846902	0.19981
5.989846646	0.20187
5.99984639	0.24599
6.009846134	0.36624
6.019845878	0.41372
6.029845622	0.273
6.039845366	0.0082814
6.04984511	-0.28259
6.059844854	-0.57928
6.069844598	-0.84686
6.079844342	-0.99281
6.089844086	-1.0037
6.09984383	-0.9778
6.109843574	-0.98114
6.119843318	-0.97645
6.129843062	-0.94115
6.139842806	-0.91612
6.14984255	-0.89207
6.159842294	-0.76388
6.169842038	-0.49411
6.179841782	-0.19321
6.189841526	0.039106
6.19984127	0.21987
6.209841014	0.35125
6.219840758	0.36673
6.229840502	0.29007
6.239840246	0.27526
6.24983999	0.36792
6.259839734	0.41269
6.269839478	0.29729
6.279839222	0.14454
6.289838966	0.12188
6.29983871	0.24688
6.309838454	0.43555
6.319838198	0.61284
6.329837942	0.71111
6.339837686	0.71503
6.34983743	0.68383
6.359837174	0.64317
6.369836918	0.50174
6.379836662	0.20556
6.389836406	-0.10504
6.39983615	-0.22892
6.409835893	-0.13275
6.419835637	0.069632
6.429835381	0.24323
6.439835125	0.25516
6.449834869	0.042011
6.459834613	-0.25859
6.469834357	-0.41494
6.479834101	-0.37732
6.489833845	-0.29653
6.499833589	-0.26445
6.509833333	-0.20722
6.519833077	-0.074089
6.529832821	0.036955
6.539832565	0.019395
6.549832309	-0.085299
6.559832053	-0.1605
6.569831797	-0.17089
6.579831541	-0.17401
6.589831285	-0.2165
6.599831029	-0.28035
6.609830773	-0.32259
6.619830517	-0.32447
6.629830261	-0.2868
6.639830005	-0.21491
6.649829749	-0.1134
6.659829493	0.020231
6.669829237	0.19277
6.679828981	0.37088
6.689828725	0.49028
6.699828469	0.54814
6.709828213	0.60897
6.719827957	0.67326
6.729827701	0.66142
6.739827445	0.5707
6.749827189	0.49302
6.759826933	0.41891
6.769826677	0.23463
6.779826421	-0.034437
6.789826165	-0.19209
6.799825909	-0.14842
6.809825653	0.0067911
6.819825397	0.20334
6.829825141	0.39088
6.839824885	0.37029
6.849824629	-0.032933
6.859824373	-0.62698
6.869824117	-1.0095
6.879823861	-1.0608
6.889823605	-0.97348
6.899823349	-0.86366
6.909823093	-0.66469
6.919822837	-0.37435
6.929822581	-0.10027
6.939822325	0.10488
6.949822069	0.23105
6.959821813	0.20402
6.969821557	-0.0070308
6.979821301	-0.24328
6.989821045	-0.30709
6.999820789	-0.16204
7.009820533	0.10443
7.019820276	0.41872
7.02982002	0.71444
7.039819764	0.92807
7.049819508	1.0394
7.059819252	1.0338
7.069818996	0.83394
7.07981874	0.43232
7.089818484	0.036581
7.099818228	-0.10772
7.109817972	-0.036195
7.119817716	-0.0093316
7.12981746	-0.15287
7.139817204	-0.32408
7.149816948	-0.34381
7.159816692	-0.18722
7.169816436	0.041289
7.17981618	0.187
7.189815924	0.098805
7.199815668	-0.24328
7.209815412	-0.66184
7.219815156	-0.9266
7.2298149	-0.96645
7.239814644	-0.85895
7.249814388	-0.68102
7.259814132	-0.46115
7.269813876	-0.23615
7.27981362	-0.031285
7.289813364	0.17829
7.299813108	0.41004
7.309812852	0.61185
7.319812596	0.72354
7.32981234	0.74806
7.339812084	0.71495
7.349811828	0.6258
7.359811572	0.4836
7.369811316	0.31169
7.37981106	0.10679
7.389810804	-0.15615
7.399810548	-0.42106
7.409810292	-0.54086
7.419810036	-0.42194
7.42980978	-0.13013
7.439809524	0.18411
7.449809268	0.3944
7.459809012	0.42624
7.469808756	0.26518
7.4798085	-0.0049287
7.489808244	-0.22645
7.499807988	-0.28743
7.509807732	-0.2035
7.519807476	-0.081824
7.52980722	-0.026844
7.539806964	-0.075813
7.549806708	-0.17957
7.559806452	-0.25373
7.569806196	-0.27154
7.57980594	-0.29131
7.589805684	-0.36615
7.599805428	-0.4597
7.609805172	-0.48967
7.619804916	-0.42243
7.629804659	-0.28568
7.639804403	-0.11803
7.649804147	0.041472
7.659803891	0.14051
7.669803635	0.1392
7.679803379	0.05198
7.689803123	-0.05836
7.699802867	-0.12524
7.709802611	-0.11467
7.719802355	-0.038635
7.729802099	0.055024
7.739801843	0.12131
7.749801587	0.16008
7.759801331	0.21606
7.769801075	0.32932
7.779800819	0.48247
7.789800563	0.59229
7.799800307	0.57325
7.809800051	0.43243
7.819799795	0.28252
7.829799539	0.22136
7.839799283	0.2158
7.849799027	0.15681
7.859798771	0.017652
7.869798515	-0.10729
7.879798259	-0.12983
7.889798003	-0.073694
7.899797747	-0.030983
7.909797491	-0.055371
7.919797235	-0.12368
7.929796979	-0.18317
7.939796723	-0.20354
7.949796467	-0.18535
7.959796211	-0.13687
7.969795955	-0.069133
7.979795699	-0.0073413
7.989795443	0.016429
7.999795187	0.0012217
8.009794931	-0.011374
8.019794675	0.017304
8.029794419	0.07931
8.039794163	0.12512
8.049793907	0.10748
8.059793651	0.013898
8.069793395	-0.1083
8.079793139	-0.18034
8.089792883	-0.15961
8.099792627	-0.089634
8.109792371	-0.040762
8.119792115	-0.03537
8.129791859	-0.04931
8.139791603	-0.073041
8.149791347	-0.12435
8.159791091	-0.20337
8.169790835	-0.26176
8.179790579	-0.23803
8.189790323	-0.12704
8.199790067	-0.0069595
8.209789811	0.017488
8.219789555	-0.087607
8.229789299	-0.23826
8.239789042	-0.30562
8.249788786	-0.22919
8.25978853	-0.059352
8.269788274	0.09825
8.279788018	0.16077
8.289787762	0.12594
8.299787506	0.067556
8.30978725	0.066565
8.319786994	0.14183
8.329786738	0.2461
8.339786482	0.3181
8.349786226	0.33008
8.35978597	0.29294
8.369785714	0.21822
8.379785458	0.095657
8.389785202	-0.079225
8.399784946	-0.25825
8.40978469	-0.35637
8.419784434	-0.33444
8.429784178	-0.24918
8.439783922	-0.19367
8.449783666	-0.20248
8.45978341	-0.22568
8.469783154	-0.1824
8.479782898	-0.031158
8.489782642	0.19134
8.499782386	0.39143
8.50978213	0.48617
8.519781874	0.45398
8.529781618	0.32407
8.539781362	0.14005
8.549781106	-0.041532
8.55978085	-0.15366
8.569780594	-0.15907
8.579780338	-0.076927
8.589780082	0.037516
8.599779826	0.11999
8.60977957	0.11325
8.619779314	0.012369
8.629779058	-0.1118
8.639778802	-0.17896
8.649778546	-0.19678
8.65977829	-0.23702
8.669778034	-0.31767
8.679777778	-0.37381
8.689777522	-0.35174
8.699777266	-0.26014
8.70977701	-0.12457
8.719776754	0.039459
8.729776498	0.19708
8.739776242	0.30368
8.749775986	0.34906
8.75977573	0.35252
8.769775474	0.31695
8.779775218	0.23451
8.789774962	0.12187
8.799774706	0.0094393
8.80977445	-0.093229
8.819774194	-0.18406
8.829773938	-0.24221
8.839773682	-0.25093
8.849773425	-0.22254
8.859773169	-0.17298
8.869772913	-0.097348
8.879772657	0.0041377
8.889772401	0.11068
8.899772145	0.20469
8.909771889	0.28508
8.919771633	0.34553
8.929771377	0.37356
8.939771121	0.37368
8.949770865	0.36317
8.959770609	0.33919
8.969770353	0.28222
8.979770097	0.19443
8.989769841	0.10446
8.999769585	0.032781
9.009769329	-0.020461
9.019769073	-0.053228
9.029768817	-0.058758
9.039768561	-0.047052
9.049768305	-0.03973
9.059768049	-0.037511
9.069767793	-0.019803
9.079767537	0.0172
9.089767281	0.047255
9.099767025	0.05144
9.109766769	0.052296
9.119766513	0.090496
9.129766257	0.17431
9.139766001	0.26513
9.149765745	0.31633
9.159765489	0.31592
9.169765233	0.28754
9.179764977	0.24818
9.189764721	0.18487
9.199764465	0.084234
9.209764209	-0.032405
9.219763953	-0.12688
9.229763697	-0.18637
9.239763441	-0.22426
9.249763185	-0.24636
9.259762929	-0.24527
9.269762673	-0.22411
9.279762417	-0.19821
9.289762161	-0.17668
9.299761905	-0.16564
9.309761649	-0.16839
9.319761393	-0.16824
9.329761137	-0.13613
9.339760881	-0.081068
9.349760625	-0.056197
9.359760369	-0.091711
9.369760113	-0.1496
9.379759857	-0.17573
9.389759601	-0.16385
9.399759345	-0.14055
9.409759089	-0.11887
9.419758833	-0.099562
9.429758577	-0.092313
9.439758321	-0.10752
9.449758065	-0.13869
9.459757808	-0.16674
9.469757552	-0.1705
9.479757296	-0.1369
9.48975704	-0.078329
9.499756784	-0.037231
9.509756528	-0.046432
9.519756272	-0.088608
9.529756016	-0.11496
9.53975576	-0.10367
9.549755504	-0.074412
9.559755248	-0.052229
9.569754992	-0.04074
9.579754736	-0.03531
9.58975448	-0.034076
9.599754224	-0.02855
9.609753968	-0.0043614
9.619753712	0.036394
9.629753456	0.075184
9.6397532	0.10692
9.649752944	0.14584
9.659752688	0.18606
9.669752432	0.19135
9.679752176	0.14966
9.68975192	0.1074
9.699751664	0.11453
9.709751408	0.16197
9.719751152	0.20366
9.729750896	0.21303
9.73975064	0.19127
9.749750384	0.14696
9.759750128	0.098124
9.769749872	0.069569
9.779749616	0.063186
9.78974936	0.053221
9.799749104	0.02624
9.809748848	-0.0013855
9.819748592	-0.01376
9.829748336	-0.00917
9.83974808	0.016685
9.849747824	0.061895
9.859747568	0.089581
9.869747312	0.05268
9.879747056	-0.047001
9.8897468	-0.15765
9.899746544	-0.23721
9.909746288	-0.27796
9.919746032	-0.28148
9.929745776	-0.24916
9.93974552	-0.19872
9.949745264	-0.15486
9.959745008	-0.11913
9.969744752	-0.077073
9.979744496	-0.028829
9.98974424	0.0069379
9.999743984	0.01983
10.00974373	0.012976
10.01974347	-0.0010926
10.02974322	-0.00091551
10.03974296	0.034494
10.0497427	0.095944
10.05974245	0.1452
10.06974219	0.15856
10.07974194	0.15131
10.08974168	0.14444
10.09974142	0.13061
10.10974117	0.096384
10.11974091	0.050344
10.12974066	0.0098466
10.1397404	-0.024392
10.14974014	-0.056387
10.15973989	-0.0793
10.16973963	-0.083751
10.17973938	-0.071639
10.18973912	-0.046941
10.19973886	-0.0079574
10.20973861	0.040468
10.21973835	0.075042
10.2297381	0.07097
10.23973784	0.028703
10.24973758	-0.015075
10.25973733	-0.01439
10.26973707	0.047151
10.27973682	0.13898
10.28973656	0.21698
10.2997363	0.26276
10.30973605	0.2865
10.31973579	0.29132
10.32973554	0.25754
10.33973528	0.16947
10.34973502	0.046978
10.35973477	-0.062841
10.36973451	-0.1236
10.37973425	-0.13396
10.389734	-0.11497
10.39973374	-0.081468
10.40973349	-0.039486
10.41973323	-0.0041984
10.42973297	0.00092407
10.43973272	-0.031562
10.44973246	-0.086264
10.45973221	-0.1435
10.46973195	-0.19241
10.47973169	-0.22679
10.48973144	-0.24457
10.49973118	-0.25213
10.50973093	-0.25262
10.51973067	-0.23609
10.52973041	-0.19391
10.53973016	-0.13742
10.5497299	-0.086347
10.55972965	-0.049649
10.56972939	-0.023892
10.57972913	-0.0020176
10.58972888	0.024636
10.59972862	0.055222
10.60972837	0.068032
10.61972811	0.039268
10.62972785	-0.016563
10.6397276	-0.051924
10.64972734	-0.040348
10.65972709	-0.0054734
10.66972683	0.015145
10.67972657	0.016708
10.68972632	0.024516
10.69972606	0.052729
10.70972581	0.084422
10.71972555	0.095583
10.72972529	0.085874
10.73972504	0.075989
10.74972478	0.079665
10.75972453	0.088212
10.76972427	0.082129
10.77972401	0.052057
10.78972376	0.005767
10.7997235	-0.037395
10.80972325	-0.061826
10.81972299	-0.069672
10.82972273	-0.074058
10.83972248	-0.079145
10.84972222	-0.075858
10.85972197	-0.063702
10.86972171	-0.057582
10.87972145	-0.070042
10.8897212	-0.092575
10.89972094	-0.10691
10.90972069	-0.10315
10.91972043	-0.081922
10.92972017	-0.045406
10.93971992	0.0038501
10.94971966	0.05686
10.95971941	0.10067
10.96971915	0.1279
10.97971889	0.14447
10.98971864	0.16086
10.99971838	0.17815
11.00971813	0.18475
11.01971787	0.17193
11.02971761	0.14215
11.03971736	0.10757
11.0497171	0.085614
11.05971685	0.092677
11.06971659	0.12334
11.07971633	0.14409
11.08971608	0.1241
11.09971582	0.075303
11.10971557	0.040204
11.11971531	0.040488
11.12971505	0.055811
11.1397148	0.060866
11.14971454	0.05758
11.15971429	0.062467
11.16971403	0.077775
11.17971377	0.092262
11.18971352	0.098213
11.19971326	0.092825
11.20971301	0.073262
11.21971275	0.041675
11.22971249	0.0092051
11.23971224	-0.019435
11.24971198	-0.049844
11.25971173	-0.078841
11.26971147	-0.082318
11.27971121	-0.044828
11.28971096	0.010624
11.2997107	0.043351
11.30971045	0.041056
11.31971019	0.021994
11.32970993	0.0018974
11.33970968	-0.015722
11.34970942	-0.025773
11.35970917	-0.026141
11.36970891	-0.029823
11.37970865	-0.048647
11.3897084	-0.067914
11.39970814	-0.062216
11.40970789	-0.033705
11.41970763	-0.0068384
11.42970737	0.0094539
11.43970712	0.02792
11.44970686	0.049611
11.45970661	0.058491
11.46970635	0.046516
11.47970609	0.026817
11.48970584	0.0080313
11.49970558	-0.02011
11.50970533	-0.072099
11.51970507	-0.14527
11.52970481	-0.21773
11.53970456	-0.25501
11.5497043	-0.23103
11.55970405	-0.15572
11.56970379	-0.078181
11.57970353	-0.045604
11.58970328	-0.066375
11.59970302	-0.11648
11.60970276	-0.17243
11.61970251	-0.21433
11.62970225	-0.21895
11.639702	-0.1759
11.64970174	-0.11063
11.65970148	-0.064776
11.66970123	-0.056847
11.67970097	-0.071429
11.68970072	-0.079806
11.69970046	-0.060886
11.7097002	-0.016078
11.71969995	0.0276
11.72969969	0.044006
11.73969944	0.044212
11.74969918	0.058982
11.75969892	0.083139
11.76969867	0.070482
11.77969841	0.0053442
11.78969816	-0.063442
11.7996979	-0.079235
11.80969764	-0.043252
11.81969739	0.0015278
11.82969713	0.020304
11.83969688	0.0074243
11.84969662	-0.018609
11.85969636	-0.023259
11.86969611	0.014959
11.87969585	0.075372
11.8896956	0.11302
11.89969534	0.11016
11.90969508	0.087606
11.91969483	0.069541
11.92969457	0.060843
11.93969432	0.056663
11.94969406	0.051416
11.9596938	0.037017
11.96969355	0.013956
11.97969329	0.00038615
11.98969304	0.014952
11.99969278	0.051896
12.00969252	0.09026
12.01969227	0.11942
12.02969201	0.13972
12.03969176	0.1441
12.0496915	0.11978
12.05969124	0.071673
12.06969099	0.029319
12.07969073	0.02158
12.08969048	0.048204
12.09969022	0.081785
12.10968996	0.090239
12.11968971	0.056636
12.12968945	-0.0084124
12.1396892	-0.064682
12.14968894	-0.068662
12.15968868	-0.014915
12.16968843	0.053807
12.17968817	0.087284
12.18968792	0.073029
12.19968766	0.035066
12.2096874	0.0016718
12.21968715	-0.014143
12.22968689	-0.013272
12.23968664	-0.0057298
12.24968638	0.00017321
12.25968612	0.0084773
12.26968587	0.026424
12.27968561	0.042869
12.28968536	0.032289
12.2996851	-0.012239
12.30968484	-0.067658
12.31968459	-0.10807
12.32968433	-0.12834
12.33968408	-0.13544
12.34968382	-0.13691
12.35968356	-0.14139
12.36968331	-0.15295
12.37968305	-0.15805
12.3896828	-0.13909
12.39968254	-0.10404
12.40968228	-0.081351
12.41968203	-0.076404
12.42968177	-0.063655
12.43968152	-0.028731
12.44968126	0.0083913
12.459681	0.029504
12.46968075	0.044949
12.47968049	0.069724
12.48968024	0.090802
12.49967998	0.088553
12.50967972	0.070856
12.51967947	0.064184
12.52967921	0.072261
12.53967896	0.072775
12.5496787	0.049532
12.55967844	0.013954
12.56967819	-0.011589
12.57967793	-0.013163
12.58967768	0.012626
12.59967742	0.065662
12.60967716	0.13183
12.61967691	0.1806
12.62967665	0.18673
12.6396764	0.15494
12.64967614	0.10574
12.65967588	0.051789
12.66967563	-0.00079402
12.67967537	-0.036438
12.68967512	-0.045234
12.69967486	-0.046267
12.7096746	-0.06894
12.71967435	-0.10935
12.72967409	-0.13874
12.73967384	-0.15042
12.74967358	-0.15785
12.75967332	-0.15397
12.76967307	-0.11497
12.77967281	-0.045016
12.78967256	0.025211
12.7996723	0.083607
12.80967204	0.1344
12.81967179	0.15843
12.82967153	0.12965
12.83967127	0.07643
12.84967102	0.057313
12.85967076	0.071949
12.86967051	0.059806
12.87967025	-0.0028735
12.88966999	-0.069391
12.89966974	-0.10079
12.90966948	-0.11153
12.91966923	-0.12394
12.92966897	-0.13122
12.93966871	-0.12464
12.94966846	-0.1088
12.9596682	-0.082335
12.96966795	-0.044785
12.97966769	-0.020158
12.98966743	-0.030554
12.99966718	-0.052443
13.00966692	-0.040099
13.01966667	0.013196
13.02966641	0.075132
13.03966615	0.11677
13.0496659	0.12659
13.05966564	0.10246
13.06966539	0.066033
13.07966513	0.055129
13.08966487	0.074018
13.09966462	0.077783
13.10966436	0.033211
13.11966411	-0.032815
13.12966385	-0.070637
13.13966359	-0.062905
13.14966334	-0.025131
13.15966308	0.02263
13.16966283	0.062127
13.17966257	0.077525
13.18966231	0.067958
13.19966206	0.048639
13.2096618	0.033007
13.21966155	0.024759
13.22966129	0.025858
13.23966103	0.035023
13.24966078	0.040493
13.25966052	0.02843
13.26966027	-0.0026569
13.27966001	-0.038222
13.28965975	-0.055087
13.2996595	-0.039121
13.30965924	-0.0035249
13.31965899	0.01633
13.32965873	0.0013446
13.33965847	-0.028615
13.34965822	-0.042752
13.35965796	-0.040591
13.36965771	-0.044241
13.37965745	-0.064059
13.38965719	-0.091702
13.39965694	-0.11338
13.40965668	-0.11646
13.41965643	-0.092833
13.42965617	-0.054629
13.43965591	-0.032136
13.44965566	-0.04569
13.4596554	-0.080691
13.46965515	-0.1027
13.47965489	-0.08843
13.48965463	-0.045982
13.49965438	-0.0094718
13.50965412	-0.0098027
13.51965387	-0.041265
13.52965361	-0.06614
13.53965335	-0.057222
13.5496531	-0.022012
13.55965284	0.016569
13.56965259	0.047526
13.57965233	0.069713
13.58965207	0.084955
13.59965182	0.09748
13.60965156	0.11146
13.61965131	0.12316
13.62965105	0.12723
13.63965079	0.12214
13.64965054	0.10203
13.65965028	0.055682
13.66965003	-0.01542
13.67964977	-0.087587
13.68964951	-0.13847
13.69964926	-0.16621
13.709649	-0.17787
13.71964875	-0.1701
13.72964849	-0.13532
13.73964823	-0.075051
13.74964798	-0.0015071
13.75964772	0.064325
13.76964747	0.10101
13.77964721	0.10406
13.78964695	0.091701
13.7996467	0.080209
13.80964644	0.064375
13.81964619	0.031873
13.82964593	-0.0092838
13.83964567	-0.033691
13.84964542	-0.023674
13.85964516	0.013037
13.86964491	0.050543
13.87964465	0.063111
13.88964439	0.046703
13.89964414	0.020892
13.90964388	0.011745
13.91964363	0.0306
13.92964337	0.071815
13.93964311	0.11507
13.94964286	0.12987
13.9596426	0.093827
13.96964235	0.017452
13.97964209	-0.06214
13.98964183	-0.11577
13.99964158	-0.14184
14.00964132	-0.15085
14.01964107	-0.14267
14.02964081	-0.10427
14.03964055	-0.026982
14.0496403	0.072512
14.05964004	0.15324
14.06963978	0.18325
14.07963953	0.17094
14.08963927	0.14228
14.09963902	0.10344
14.10963876	0.051078
14.1196385	0.0047214
14.12963825	-0.010426
14.13963799	-0.0045963
14.14963774	-0.013247
14.15963748	-0.049484
14.16963722	-0.093808
14.17963697	-0.12582
14.18963671	-0.13765
14.19963646	-0.12609
14.2096362	-0.09725
14.21963594	-0.071273
14.22963569	-0.062168
14.23963543	-0.066801
14.24963518	-0.077389
14.25963492	-0.085669
14.26963466	-0.0706
14.27963441	-0.013887
14.28963415	0.067831
14.2996339	0.1297
14.30963364	0.14078
14.31963338	0.10027
14.32963313	0.020478
14.33963287	-0.075016
14.34963262	-0.14253
14.35963236	-0.14354
14.3696321	-0.0812
14.37963185	0.00528
14.38963159	0.076523
14.39963134	0.10628
14.40963108	0.084866
14.41963082	0.033617
14.42963057	0.0013158
14.43963031	0.020257
14.44963006	0.073787
14.4596298	0.12075
14.46962954	0.13842
14.47962929	0.13264
14.48962903	0.12182
14.49962878	0.12531
14.50962852	0.15188
14.51962826	0.18145
14.52962801	0.16782
14.53962775	0.072549
14.5496275	-0.096248
14.55962724	-0.27793
14.56962698	-0.39426
14.57962673	-0.40978
14.58962647	-0.354
14.59962622	-0.28129
14.60962596	-0.22342
14.6196257	-0.18809
14.62962545	-0.17099
14.63962519	-0.15186
14.64962494	-0.10399
14.65962468	-0.027075
14.66962442	0.047026
14.67962417	0.095073
14.68962391	0.13416
14.69962366	0.19998
14.7096234	0.31341
14.71962314	0.46255
14.72962289	0.58831
14.73962263	0.60065
14.74962238	0.46032
14.75962212	0.23998
14.76962186	0.055065
14.77962161	-0.048975
14.78962135	-0.11128
14.7996211	-0.16798
14.80962084	-0.20753
14.81962058	-0.20461
14.82962033	-0.16377
14.83962007	-0.10872
14.84961982	-0.056031
14.85961956	-0.0054028
14.8696193	0.052398
14.87961905	0.1201
14.88961879	0.18324
14.89961854	0.2197
14.90961828	0.21968
14.91961802	0.18957
14.92961777	0.1382
14.93961751	0.069078
14.94961726	-0.014981
14.959617	-0.10069
14.96961674	-0.16701
14.97961649	-0.19224
14.98961623	-0.16674
14.99961598	-0.096175
15.00961572	-0.0076401
15.01961546	0.059727
15.02961521	0.077264
15.03961495	0.053667
15.0496147	0.023967
15.05961444	0.010147
15.06961418	0.0026209
15.07961393	-0.014082
15.08961367	-0.03488
15.09961342	-0.04665
15.10961316	-0.049234
15.1196129	-0.048229
15.12961265	-0.034892
15.13961239	0.000094194
15.14961214	0.039263
15.15961188	0.046894
15.16961162	0.016968
15.17961137	-0.010155
15.18961111	0.0085724
15.19961086	0.063218
15.2096106	0.10083
15.21961034	0.083409
15.22961009	0.023217
15.23960983	-0.03844
15.24960958	-0.069505
15.25960932	-0.067776
15.26960906	-0.061968
15.27960881	-0.08409
15.28960855	-0.12902
15.29960829	-0.14991
15.30960804	-0.11338
15.31960778	-0.043617
15.32960753	0.0057349
15.33960727	0.012008
15.34960701	-0.0048063
15.35960676	-0.018226
15.3696065	-0.015487
15.37960625	0.0095001
15.38960599	0.053283
15.39960573	0.091452
15.40960548	0.091819
15.41960522	0.047474
15.42960497	-0.015652
15.43960471	-0.062213
15.44960445	-0.076791
15.4596042	-0.068622
15.46960394	-0.057877
15.47960369	-0.053248
15.48960343	-0.048075
15.49960317	-0.032383
15.50960292	-0.011177
15.51960266	-0.0015645
15.52960241	-0.015944
15.53960215	-0.048398
15.54960189	-0.082056
15.55960164	-0.10192
15.56960138	-0.099433
15.57960113	-0.072975
15.58960087	-0.032011
15.59960061	0.0024088
15.60960036	0.011443
15.6196001	-0.0033599
15.62959985	-0.023182
15.63959959	-0.031885
15.64959933	-0.028529
15.65959908	-0.018575
15.66959882	-0.0078641
15.67959857	-0.003838
15.68959831	-0.013262
15.69959805	-0.031622
15.7095978	-0.045256
15.71959754	-0.048241
15.72959729	-0.052766
15.73959703	-0.075263
15.74959677	-0.11207
15.75959652	-0.13263
15.76959626	-0.10487
15.77959601	-0.034054
15.78959575	0.032459
15.79959549	0.049548
15.80959524	0.018834
15.81959498	-0.021038
15.82959473	-0.03449
15.83959447	-0.0085321
15.84959421	0.049052
15.85959396	0.11003
15.8695937	0.14042
15.87959345	0.13569
15.88959319	0.1284
15.89959293	0.14034
15.90959268	0.14884
15.91959242	0.12016
15.92959217	0.058673
15.93959191	-0.0034998
15.94959165	-0.045637
15.9595914	-0.066092
15.96959114	-0.067252
15.97959089	-0.054632
15.98959063	-0.042042
15.99959037	-0.036264
16.00959012	-0.02624
16.01958986	-0.00074037
16.02958961	0.028557
16.03958935	0.039038
16.04958909	0.027415
16.05958884	0.015407
16.06958858	0.023013
16.07958833	0.044574
16.08958807	0.057973
16.09958781	0.049958
16.10958756	0.023066
16.1195873	-0.013596
16.12958705	-0.047112
16.13958679	-0.059597
16.14958653	-0.043039
16.15958628	-0.014617
16.16958602	-0.0005882
16.17958577	-0.0044062
16.18958551	-0.0081986
16.19958525	-0.0054432
16.209585	-0.0079442
16.21958474	-0.017696
16.22958449	-0.018296
16.23958423	0.00011212
16.24958397	0.024293
16.25958372	0.03885
16.26958346	0.041128
16.27958321	0.032191
16.28958295	0.0060877
16.29958269	-0.033743
16.30958244	-0.066677
16.31958218	-0.075706
16.32958193	-0.068441
16.33958167	-0.061254
16.34958141	-0.056435
16.35958116	-0.043825
16.3695809	-0.019461
16.37958065	0.012443
16.38958039	0.043604
16.39958013	0.062149
16.40957988	0.053796
16.41957962	0.01933
16.42957937	-0.020056
16.43957911	-0.044934
16.44957885	-0.056437
16.4595786	-0.065308
16.46957834	-0.072262
16.47957808	-0.070378
16.48957783	-0.054453
16.49957757	-0.025394
16.50957732	0.009826
16.51957706	0.036007
16.5295768	0.037572
16.53957655	0.014665
16.54957629	-0.012261
16.55957604	-0.020201
16.56957578	-0.00049957
16.57957552	0.038647
16.58957527	0.080423
16.59957501	0.10634
16.60957476	0.10756
16.6195745	0.086933
16.62957424	0.055392
16.63957399	0.023286
16.64957373	-0.0015444
16.65957348	-0.015323
16.66957322	-0.019922
16.67957296	-0.024188
16.68957271	-0.035669
16.69957245	-0.048887
16.7095722	-0.047532
16.71957194	-0.022
16.72957168	0.018652
16.73957143	0.055274
16.74957117	0.075711
16.75957092	0.079405
16.76957066	0.072022
16.7795704	0.058849
16.78957015	0.043175
16.79956989	0.025173
16.80956964	0.006597
16.81956938	-0.0073794
16.82956912	-0.012562
16.83956887	-0.012585
16.84956861	-0.013856
16.85956836	-0.01706
16.8695681	-0.018491
16.87956784	-0.014483
16.88956759	-0.00076821
16.89956733	0.024214
16.90956708	0.046473
16.91956682	0.042124
16.92956656	0.0050306
16.93956631	-0.040701
16.94956605	-0.068465
16.9595658	-0.075197
16.96956554	-0.070022
16.97956528	-0.053292
16.98956503	-0.025546
16.99956477	-0.0033289
17.00956452	-0.0030254
17.01956426	-0.017803
17.029564	-0.027743
17.03956375	-0.026977
17.04956349	-0.021361
17.05956324	-0.011041
17.06956298	0.0065232
17.07956272	0.020683
17.08956247	0.020188
17.09956221	0.014687
17.10956196	0.021264
17.1195617	0.032148
17.12956144	0.020886
17.13956119	-0.016846
17.14956093	-0.051626
17.15956068	-0.05434
17.16956042	-0.02583
17.17956016	0.013484
17.18955991	0.046649
17.19955965	0.068119
17.2095594	0.082856
17.21955914	0.099167
17.22955888	0.11572
17.23955863	0.11704
17.24955837	0.091788
17.25955812	0.049613
17.26955786	0.010638
17.2795576	-0.014941
17.28955735	-0.030483
17.29955709	-0.041132
17.30955684	-0.050859
17.31955658	-0.061675
17.32955632	-0.072362
17.33955607	-0.079304
17.34955581	-0.082412
17.35955556	-0.081446
17.3695553	-0.068468
17.37955504	-0.036154
17.38955479	0.0069645
17.39955453	0.044947
17.40955428	0.074034
17.41955402	0.10125
17.42955376	0.12487
17.43955351	0.13598
17.44955325	0.13291
17.459553	0.12497
17.46955274	0.11625
17.47955248	0.10619
17.48955223	0.098894
17.49955197	0.097565
17.50955172	0.089645
17.51955146	0.060203
17.5295512	0.01833
17.53955095	-0.0088984
17.54955069	-0.012205
17.55955044	-0.013991
17.56955018	-0.034789
17.57954992	-0.063598
17.58954967	-0.075368
17.59954941	-0.065888
17.60954916	-0.051556
17.6195489	-0.041194
17.62954864	-0.028674
17.63954839	-0.012815
17.64954813	-0.0086992
17.65954788	-0.024021
17.66954762	-0.041618
17.67954736	-0.040233
17.68954711	-0.026416
17.69954685	-0.021178
17.70954659	-0.024174
17.71954634	-0.015281
17.72954608	0.0062153
17.73954583	0.012989
17.74954557	-0.011422
17.75954531	-0.049831
17.76954506	-0.075055
17.7795448	-0.080782
17.78954455	-0.075944
17.79954429	-0.068043
17.80954403	-0.054488
17.81954378	-0.031557
17.82954352	-0.0048513
17.83954327	0.0064301
17.84954301	-0.010143
17.85954275	-0.040044
17.8695425	-0.056428
17.87954224	-0.058278
17.88954199	-0.069308
17.89954173	-0.097814
17.90954147	-0.1209
17.91954122	-0.11645
17.92954096	-0.089239
17.93954071	-0.059654
17.94954045	-0.040348
17.95954019	-0.030258
17.96953994	-0.021278
17.97953968	-0.0064614
17.98953943	0.015663
17.99953917	0.04371
18.00953891	0.075921
18.01953866	0.104
18.0295384	0.11448
18.03953815	0.10385
18.04953789	0.086275
18.05953763	0.074123
18.06953738	0.061285
18.07953712	0.034562
18.08953687	-0.0031262
18.09953661	-0.034012
18.10953635	-0.044795
18.1195361	-0.038517
18.12953584	-0.030162
18.13953559	-0.030457
18.14953533	-0.033614
18.15953507	-0.023365
18.16953482	0.0030377
18.17953456	0.025881
18.18953431	0.021837
18.19953405	-0.0098507
18.20953379	-0.049177
18.21953354	-0.075582
18.22953328	-0.078675
18.23953303	-0.057484
18.24953277	-0.022474
18.25953251	0.0056283
18.26953226	0.014466
18.279532	0.016207
18.28953175	0.033388
18.29953149	0.0657
18.30953123	0.089432
18.31953098	0.090245
18.32953072	0.077406
18.33953047	0.060258
18.34953021	0.036789
18.35952995	0.011286
18.3695297	0.000066679
18.37952944	0.0070997
18.38952919	0.013424
18.39952893	0.0028998
18.40952867	-0.01991
18.41952842	-0.042308
18.42952816	-0.057624
18.43952791	-0.057861
18.44952765	-0.036972
18.45952739	-0.0046195
18.46952714	0.015376
18.47952688	0.013289
18.48952663	0.0016667
18.49952637	-0.0054825
18.50952611	-0.0090022
18.51952586	-0.011973
18.5295256	-0.0075213
18.53952535	0.010087
18.54952509	0.031611
18.55952483	0.038629
18.56952458	0.026903
18.57952432	0.010413
18.58952407	0.0021986
18.59952381	-0.0031077
18.60952355	-0.015922
18.6195233	-0.031882
18.62952304	-0.035383
18.63952279	-0.024649
18.64952253	-0.015022
18.65952227	-0.017298
18.66952202	-0.022483
18.67952176	-0.020851
18.68952151	-0.01855
18.69952125	-0.026839
18.70952099	-0.040379
18.71952074	-0.046745
18.72952048	-0.044462
18.73952023	-0.038958
18.74951997	-0.029461
18.75951971	-0.01618
18.76951946	-0.0088598
18.7795192	-0.011163
18.78951895	-0.0085767
18.79951869	0.012177
18.80951843	0.040626
18.81951818	0.060263
18.82951792	0.072633
18.83951767	0.083651
18.84951741	0.084046
18.85951715	0.068273
18.8695169	0.052835
18.87951664	0.050732
18.88951639	0.04875
18.89951613	0.029107
18.90951587	-0.0029615
18.91951562	-0.029223
18.92951536	-0.040023
18.9395151	-0.035371
18.94951485	-0.020342
18.95951459	-0.0052067
18.96951434	0.0010701
18.97951408	0.0010214
18.98951382	-0.0017336
18.99951357	-0.012043
19.00951331	-0.028905
19.01951306	-0.034728
19.0295128	-0.020178
19.03951254	-0.00072449
19.04951229	0.0076367
19.05951203	0.010322
19.06951178	0.014583
19.07951152	0.011928
19.08951126	-0.0027566
19.09951101	-0.014717
19.10951075	-0.0097448
19.1195105	0.0010109
19.12951024	-0.0056844
19.13950998	-0.03361
19.14950973	-0.058625
19.15950947	-0.055861
19.16950922	-0.029197
19.17950896	-0.0097155
19.1895087	-0.01778
19.19950845	-0.035928
19.20950819	-0.031233
19.21950794	0.0019842
19.22950768	0.041302
19.23950742	0.069767
19.24950717	0.085944
19.25950691	0.086388
19.26950666	0.064963
19.2795064	0.032322
19.28950614	0.010758
19.29950589	0.0051974
19.30950563	-0.00082345
19.31950538	-0.016729
19.32950512	-0.032095
19.33950486	-0.034837
19.34950461	-0.023972
19.35950435	-0.0010801
19.3695041	0.032755
19.37950384	0.064688
19.38950358	0.070665
19.39950333	0.042084
19.40950307	0.00040982
19.41950282	-0.02681
19.42950256	-0.034868
19.4395023	-0.036149
19.44950205	-0.037102
19.45950179	-0.033101
19.46950154	-0.022276
19.47950128	-0.01263
19.48950102	-0.01485
19.49950077	-0.028262
19.50950051	-0.039072
19.51950026	-0.03221
19.5295	-0.010263
19.53949974	0.0087086
19.54949949	0.014232
19.55949923	0.016669
19.56949898	0.025082
19.57949872	0.030225
19.58949846	0.021941
19.59949821	0.010561
19.60949795	0.0089447
19.6194977	0.0093724
19.62949744	-0.0010399
19.63949718	-0.012598
19.64949693	-0.0074432
19.65949667	0.0090102
19.66949642	0.017085
19.67949616	0.012285
19.6894959	0.0039616
19.69949565	-0.0074292
19.70949539	-0.025767
19.71949514	-0.039962
19.72949488	-0.032133
19.73949462	-0.0076049
19.74949437	0.0085435
19.75949411	0.0054913
19.76949386	-0.0014415
19.7794936	0.0017941
19.78949334	0.0098839
19.79949309	0.012698
19.80949283	0.014695
19.81949258	0.025465
19.82949232	0.041919
19.83949206	0.05488
19.84949181	0.066537
19.85949155	0.082416
19.8694913	0.093839
19.87949104	0.087911
19.88949078	0.071259
19.89949053	0.062777
19.90949027	0.064322
19.91949002	0.060696
19.92948976	0.044962
19.9394895	0.024649
19.94948925	0.0030071
19.95948899	-0.018829
19.96948874	-0.031184
19.97948848	-0.024621
19.98948822	-0.0098187
19.99948797	-0.0069418
20.00948771	-0.021091
20.01948746	-0.037801
20.0294872	-0.039464
20.03948694	-0.020712
20.04948669	0.0082689
20.05948643	0.028433
20.06948618	0.031179
20.07948592	0.026199
20.08948566	0.02714
20.09948541	0.03615
20.10948515	0.048568
20.1194849	0.061638
20.12948464	0.068991
20.13948438	0.063961
20.14948413	0.046908
20.15948387	0.024062
20.16948361	-0.0041699
20.17948336	-0.0328
20.1894831	-0.04669
20.19948285	-0.036835
20.20948259	-0.018617
20.21948233	-0.014159
20.22948208	-0.026368
20.23948182	-0.039463
20.24948157	-0.042669
20.25948131	-0.040117
20.26948105	-0.043417
20.2794808	-0.055963
20.28948054	-0.067874
20.29948029	-0.064258
20.30948003	-0.046247
20.31947977	-0.029003
20.32947952	-0.022632
20.33947926	-0.024442
20.34947901	-0.031845
20.35947875	-0.042168
20.36947849	-0.045967
20.37947824	-0.039737
20.38947798	-0.037282
20.39947773	-0.048484
20.40947747	-0.059669
20.41947721	-0.056216
20.42947696	-0.048525
20.4394767	-0.053112
20.44947645	-0.064471
20.45947619	-0.065897
20.46947593	-0.056853
20.47947568	-0.046432
20.48947542	-0.035522
20.49947517	-0.021079
20.50947491	-0.0099133
20.51947465	-0.0067137
20.5294744	-0.0041055
20.53947414	0.0062009
20.54947389	0.022471
20.55947363	0.039734
20.56947337	0.05233
20.57947312	0.048776
20.58947286	0.023556
20.59947261	-0.0094549
20.60947235	-0.026325
20.61947209	-0.01989
20.62947184	-0.0025194
20.63947158	0.013359
20.64947133	0.025651
20.65947107	0.032664
20.66947081	0.029352
20.67947056	0.017266
20.6894703	0.0052596
20.69947005	0.0010537
20.70946979	0.0042713
20.71946953	0.011659
20.72946928	0.019929
20.73946902	0.030537
20.74946877	0.044723
20.75946851	0.05937
20.76946825	0.064733
20.779468	0.055417
20.78946774	0.036038
20.79946749	0.01799
20.80946723	0.011616
20.81946697	0.019949
20.82946672	0.033801
20.83946646	0.035408
20.84946621	0.021137
20.85946595	0.011382
20.86946569	0.024517
20.87946544	0.04851
20.88946518	0.058799
20.89946493	0.049913
20.90946467	0.033073
20.91946441	0.014866
20.92946416	-0.0017115
20.9394639	-0.00748
20.94946365	0.00051537
20.95946339	0.0074162
20.96946313	0.00096516
20.97946288	-0.011053
20.98946262	-0.018672
20.99946237	-0.023419
21.00946211	-0.024022
21.01946185	-0.013129
21.0294616	0.003226
21.03946134	0.0086512
21.04946109	0.0049331
21.05946083	0.0089575
21.06946057	0.016943
21.07946032	0.0055998
21.08946006	-0.022481
21.09945981	-0.036711
21.10945955	-0.027666
21.11945929	-0.020004
21.12945904	-0.025521
21.13945878	-0.027327
21.14945853	-0.018136
21.15945827	-0.017494
21.16945801	-0.034199
21.17945776	-0.048221
21.1894575	-0.044017
21.19945725	-0.035089
21.20945699	-0.036952
21.21945673	-0.044739
21.22945648	-0.04859
21.23945622	-0.048508
21.24945597	-0.043758
21.25945571	-0.032359
21.26945545	-0.022278
21.2794552	-0.024744
21.28945494	-0.032359
21.29945469	-0.025798
21.30945443	-0.00050794
21.31945417	0.026609
21.32945392	0.04149
21.33945366	0.043483
21.34945341	0.035663
21.35945315	0.019419
21.36945289	0.00052027
21.37945264	-0.013536
21.38945238	-0.020814
21.39945212	-0.023064
21.40945187	-0.021641
21.41945161	-0.021595
21.42945136	-0.029522
21.4394511	-0.041353
21.44945084	-0.043123
21.45945059	-0.03189
21.46945033	-0.020839
21.47945008	-0.018827
21.48944982	-0.017999
21.49944956	-0.010748
21.50944931	-0.0038125
21.51944905	-0.0046037
21.5294488	-0.0084155
21.53944854	-0.0085554
21.54944828	-0.0083105
21.55944803	-0.010093
21.56944777	-0.0092302
21.57944752	-0.0036913
21.58944726	0.00075993
21.599447	0.0025249
21.60944675	0.0072731
21.61944649	0.014572
21.62944624	0.016703
21.63944598	0.011366
21.64944572	0.0054822
21.65944547	-0.00026468
21.66944521	-0.011143
21.67944496	-0.023614
21.6894447	-0.023048
21.69944444	-0.0058978
21.70944419	0.013336
21.71944393	0.020004
21.72944368	0.016331
21.73944342	0.015064
21.74944316	0.024306
21.75944291	0.039747
21.76944265	0.04964
21.7794424	0.045062
21.78944214	0.029674
21.79944188	0.018317
21.80944163	0.022642
21.81944137	0.037567
21.82944112	0.047833
21.83944086	0.046828
21.8494406	0.040033
21.85944035	0.033478
21.86944009	0.026332
21.87943984	0.017544
21.88943958	0.0074595
21.89943932	-0.0055678
21.90943907	-0.021667
21.91943881	-0.031696
21.92943856	-0.026017
21.9394383	-0.011338
21.94943804	-0.0036516
21.95943779	-0.0056593
21.96943753	-0.0035121
21.97943728	0.0079887
21.98943702	0.015819
21.99943676	0.0088506
22.00943651	-0.0022639
22.01943625	0.00042564
22.029436	0.017397
22.03943574	0.02932
22.04943548	0.021392
22.05943523	0.0017375
22.06943497	-0.0076785
22.07943472	0.0037747
22.08943446	0.027097
22.0994342	0.048794
22.10943395	0.06547
22.11943369	0.079371
22.12943344	0.089517
22.13943318	0.090385
22.14943292	0.077822
22.15943267	0.053904
22.16943241	0.027108
22.17943216	0.0051743
22.1894319	-0.0097073
22.19943164	-0.01717
22.20943139	-0.015412
22.21943113	-0.0073898
22.22943088	-0.0043532
22.23943062	-0.014093
22.24943036	-0.028708
22.25943011	-0.034211
22.26942985	-0.027081
22.2794296	-0.015754
22.28942934	-0.0095749
22.29942908	-0.01343
22.30942883	-0.024728
22.31942857	-0.03504
22.32942832	-0.037907
22.33942806	-0.036811
22.3494278	-0.036181
22.35942755	-0.032854
22.36942729	-0.023716
22.37942704	-0.016302
22.38942678	-0.018416
22.39942652	-0.026345
22.40942627	-0.03248
22.41942601	-0.036611
22.42942576	-0.041232
22.4394255	-0.042756
22.44942524	-0.035688
22.45942499	-0.021509
22.46942473	-0.0079596
22.47942448	0.00022584
22.48942422	0.0075023
22.49942396	0.020943
22.50942371	0.039046
22.51942345	0.051631
22.5294232	0.056177
22.53942294	0.062419
22.54942268	0.07414
22.55942243	0.076842
22.56942217	0.057272
22.57942192	0.023887
22.58942166	-0.0025683
22.5994214	-0.012371
22.60942115	-0.010403
22.61942089	-0.0057996
22.62942063	-0.0057128
22.63942038	-0.014444
22.64942012	-0.031339
22.65941987	-0.052469
22.66941961	-0.070472
22.67941935	-0.075772
22.6894191	-0.065216
22.69941884	-0.050709
22.70941859	-0.046011
22.71941833	-0.049654
22.72941807	-0.050628
22.73941782	-0.047669
22.74941756	-0.046867
22.75941731	-0.04473
22.76941705	-0.031389
22.77941679	-0.010171
22.78941654	0.0050641
22.79941628	0.0098078
22.80941603	0.011544
22.81941577	0.015087
22.82941551	0.018993
22.83941526	0.01894
22.849415	0.0079746
22.85941475	-0.016959
22.86941449	-0.04327
22.87941423	-0.048929
22.88941398	-0.026638
22.89941372	0.0076265
22.90941347	0.034169
22.91941321	0.047135
22.92941295	0.050193
22.9394127	0.046118
22.94941244	0.037634
22.95941219	0.026022
22.96941193	0.0085909
22.97941167	-0.014526
22.98941142	-0.033069
22.99941116	-0.037275
23.00941091	-0.031365
23.01941065	-0.02592
23.02941039	-0.021407
23.03941014	-0.010445
23.04940988	0.0065209
23.05940963	0.020556
23.06940937	0.027541
23.07940911	0.029422
23.08940886	0.027512
23.0994086	0.024055
23.10940835	0.025883
23.11940809	0.034393
23.12940783	0.037689
23.13940758	0.022245
23.14940732	-0.0070855
23.15940707	-0.029969
23.16940681	-0.034162
23.17940655	-0.027444
23.1894063	-0.021891
23.19940604	-0.01795
23.20940579	-0.0082818
23.21940553	0.0062896
23.22940527	0.016578
23.23940502	0.018745
23.24940476	0.019318
23.25940451	0.021814
23.26940425	0.019788
23.27940399	0.0079229
23.28940374	-0.0091354
23.29940348	-0.022172
23.30940323	-0.028468
23.31940297	-0.030666
23.32940271	-0.031681
23.33940246	-0.031897
23.3494022	-0.031087
23.35940195	-0.027423
23.36940169	-0.020716
23.37940143	-0.013962
23.38940118	-0.0099073
23.39940092	-0.0070376
23.40940067	-0.0039803
23.41940041	-0.0021705
23.42940015	-0.0026966
23.4393999	-0.0054669
23.44939964	-0.011773
23.45939939	-0.022429
23.46939913	-0.033114
23.47939887	-0.038894
23.48939862	-0.040264
23.49939836	-0.041038
23.50939811	-0.040387
23.51939785	-0.034833
23.52939759	-0.02454
23.53939734	-0.013836
23.54939708	-0.0049443
23.55939683	0.0024686
23.56939657	0.0075485
23.57939631	0.0061507
23.58939606	-0.0042798
23.5993958	-0.018587
23.60939555	-0.024752
23.61939529	-0.016642
23.62939503	-0.0016575
23.63939478	0.010359
23.64939452	0.021343
23.65939427	0.035776
23.66939401	0.046846
23.67939375	0.04552
23.6893935	0.03776
23.69939324	0.033879
23.70939299	0.033843
23.71939273	0.033876
23.72939247	0.037358
23.73939222	0.042329
23.74939196	0.039164
23.75939171	0.027734
23.76939145	0.021247
23.77939119	0.021795
23.78939094	0.017253
23.79939068	0.0065893
23.80939042	0.0041096
23.81939017	0.010785
23.82938991	0.010311
23.83938966	-0.000073581
23.8493894	-0.0047542
23.85938914	0.0004825
23.86938889	0.0026978
23.87938863	-0.00097957
23.88938838	-0.00098948
23.89938812	0.0018004
23.90938786	-0.002456
23.91938761	-0.0097601
23.92938735	-0.007123
23.9393871	0.0031529
23.94938684	0.0071185
23.95938658	0.0040366
23.96938633	0.0051033
23.97938607	0.011168
23.98938582	0.011318
23.99938556	0.0040932
24.0093853	-0.0018926
24.01938505	-0.005051
24.02938479	-0.01268
24.03938454	-0.021587
24.04938428	-0.018954
24.05938402	-0.0033488
24.06938377	0.010391
24.07938351	0.012775
24.08938326	0.010853
24.099383	0.014053
24.10938274	0.020932
24.11938249	0.024952
24.12938223	0.02562
24.13938198	0.02639
24.14938172	0.026297
24.15938146	0.022288
24.16938121	0.014641
24.17938095	0.0058189
24.1893807	-0.0024259
24.19938044	-0.0058985
24.20938018	-0.0012219
24.21937993	0.0091056
24.22937967	0.020555
24.23937942	0.034314
24.24937916	0.055019
24.2593789	0.078787
24.26937865	0.090438
24.27937839	0.079212
24.28937814	0.054591
24.29937788	0.035318
24.30937762	0.026852
24.31937737	0.022232
24.32937711	0.018892
24.33937686	0.021358
24.3493766	0.027074
24.35937634	0.025209
24.36937609	0.01163
24.37937583	-0.0042151
24.38937558	-0.011693
24.39937532	-0.008423
24.40937506	0.0053186
24.41937481	0.028392
24.42937455	0.052945
24.4393743	0.065935
24.44937404	0.062369
24.45937378	0.048615
24.46937353	0.035216
24.47937327	0.027001
24.48937302	0.018744
24.49937276	0.00032897
24.5093725	-0.026238
24.51937225	-0.041863
24.52937199	-0.0328
24.53937174	-0.0096159
24.54937148	0.006865
24.55937122	0.010717
24.56937097	0.0064617
24.57937071	-0.0054832
24.58937046	-0.023111
24.5993702	-0.030158
24.60936994	-0.014787
24.61936969	0.009439
24.62936943	0.019474
24.63936918	0.012687
24.64936892	0.0044166
24.65936866	0.0061442
24.66936841	0.018935
24.67936815	0.035795
24.6893679	0.043108
24.69936764	0.027605
24.70936738	-0.0060207
24.71936713	-0.033744
24.72936687	-0.035048
24.73936662	-0.01318
24.74936636	0.012565
24.7593661	0.025214
24.76936585	0.020622
24.77936559	0.0079033
24.78936534	0.0013556
24.79936508	0.004858
24.80936482	0.0074883
24.81936457	-0.00090413
24.82936431	-0.01434
24.83936406	-0.019849
24.8493638	-0.016814
24.85936354	-0.015454
24.86936329	-0.017692
24.87936303	-0.014616
24.88936278	-0.0038216
24.89936252	0.0044752
24.90936226	0.0040543
24.91936201	0.0024065
24.92936175	0.008625
24.9393615	0.022256
24.94936124	0.036827
24.95936098	0.046082
24.96936073	0.041657
24.97936047	0.018889
24.98936022	-0.012348
24.99935996	-0.032208
25.0093597	-0.032838
25.01935945	-0.024465
25.02935919	-0.018945
25.03935893	-0.018995
25.04935868	-0.023193
25.05935842	-0.031136
25.06935817	-0.040236
25.07935791	-0.046261
25.08935765	-0.046491
25.0993574	-0.039923
25.10935714	-0.024537
25.11935689	-0.0049629
25.12935663	0.0059857
25.13935637	0.00040557
25.14935612	-0.011473
25.15935586	-0.013619
25.16935561	-0.0031102
25.17935535	0.0087304
25.18935509	0.012624
25.19935484	0.010903
25.20935458	0.010108
25.21935433	0.011729
25.22935407	0.011483
25.23935381	0.0040567
25.24935356	-0.013198
25.2593533	-0.035197
25.26935305	-0.04842
25.27935279	-0.041528
25.28935253	-0.019485
25.29935228	-0.0019486
25.30935202	-0.0032804
25.31935177	-0.018961
25.32935151	-0.034148
25.33935125	-0.039763
25.349351	-0.035647
25.35935074	-0.025879
25.36935049	-0.016839
25.37935023	-0.01433
25.38934997	-0.018868
25.39934972	-0.026553
25.40934946	-0.035061
25.41934921	-0.041767
25.42934895	-0.04064
25.43934869	-0.028709
25.44934844	-0.016664
25.45934818	-0.018412
25.46934793	-0.032878
25.47934767	-0.044745
25.48934741	-0.046666
25.49934716	-0.045557
25.5093469	-0.049456
25.51934665	-0.055646
25.52934639	-0.057015
25.53934613	-0.050071
25.54934588	-0.037355
25.55934562	-0.025277
25.56934537	-0.019105
25.57934511	-0.015721
25.58934485	-0.0059328
25.5993446	0.01121
25.60934434	0.022899
25.61934409	0.016855
25.62934383	-0.0031198
25.63934357	-0.022273
25.64934332	-0.030867
25.65934306	-0.030803
25.66934281	-0.02912
25.67934255	-0.030855
25.68934229	-0.036232
25.69934204	-0.042758
25.70934178	-0.047545
25.71934153	-0.048277
25.72934127	-0.043198
25.73934101	-0.033072
25.74934076	-0.023435
25.7593405	-0.019183
25.76934025	-0.018102
25.77933999	-0.014135
25.78933973	-0.0079004
25.79933948	-0.0057371
25.80933922	-0.0090838
25.81933897	-0.01168
25.82933871	-0.0059893
25.83933845	0.00948
25.8493382	0.029547
25.85933794	0.042442
25.86933769	0.03744
25.87933743	0.014481
25.88933717	-0.011746
25.89933692	-0.023923
25.90933666	-0.016272
25.91933641	0.0022661
25.92933615	0.016254
25.93933589	0.014828
25.94933564	-0.0024586
25.95933538	-0.025055
25.96933513	-0.040971
25.97933487	-0.044305
25.98933461	-0.037353
25.99933436	-0.025046
26.0093341	-0.013525
26.01933385	-0.0069261
26.02933359	-0.0042886
26.03933333	-0.0014085
26.04933308	0.0014402
26.05933282	-0.0018935
26.06933257	-0.014581
26.07933231	-0.030623
26.08933205	-0.038852
26.0993318	-0.034762
26.10933154	-0.023718
26.11933129	-0.013741
26.12933103	-0.0052098
26.13933077	0.007194
26.14933052	0.025301
26.15933026	0.040053
26.16933001	0.039609
26.17932975	0.022032
26.18932949	-0.0014884
26.19932924	-0.018543
26.20932898	-0.023572
26.21932873	-0.017566
26.22932847	-0.0031148
26.23932821	0.016053
26.24932796	0.034495
26.2593277	0.046152
26.26932744	0.048966
26.27932719	0.046278
26.28932693	0.043131
26.29932668	0.040549
26.30932642	0.036921
26.31932616	0.031939
26.32932591	0.029672
26.33932565	0.031301
26.3493254	0.033463
26.35932514	0.03113
26.36932488	0.023957
26.37932463	0.013011
26.38932437	0.00043007
26.39932412	-0.010717
26.40932386	-0.016737
26.4193236	-0.015875
26.42932335	-0.0096056
26.43932309	-0.00045007
26.44932284	0.010401
26.45932258	0.022999
26.46932232	0.034871
26.47932207	0.042157
26.48932181	0.042633
26.49932156	0.038704
26.5093213	0.034041
26.51932104	0.029225
26.52932079	0.022431
26.53932053	0.015637
26.54932028	0.012041
26.55932002	0.010159
26.56931976	0.0059293
26.57931951	-0.0005907
26.58931925	-0.0068087
26.599319	-0.01198
26.60931874	-0.014066
26.61931848	-0.0086343
26.62931823	0.0036828
26.63931797	0.013932
26.64931772	0.017573
26.65931746	0.020088
26.6693172	0.026023
26.67931695	0.033111
26.68931669	0.041716
26.69931644	0.055288
26.70931618	0.066573
26.71931592	0.061518
26.72931567	0.043183
26.73931541	0.032924
26.74931516	0.039188
26.7593149	0.044905
26.76931464	0.036817
26.77931439	0.024864
26.78931413	0.022252
26.79931388	0.023102
26.80931362	0.01492
26.81931336	-0.00129
26.82931311	-0.014649
26.83931285	-0.020523
26.8493126	-0.023074
26.85931234	-0.02511
26.86931208	-0.024521
26.87931183	-0.018752
26.88931157	-0.0089083
26.89931132	0.0017526
26.90931106	0.010373
26.9193108	0.015658
26.92931055	0.016265
26.93931029	0.010934
26.94931004	0.0024469
26.95930978	-0.0025435
26.96930952	-0.00046798
26.97930927	0.0049775
26.98930901	0.0085079
26.99930876	0.010942
27.0093085	0.017074
27.01930824	0.027397
27.02930799	0.036535
27.03930773	0.041172
27.04930748	0.043785
27.05930722	0.048455
27.06930696	0.055177
27.07930671	0.060082
27.08930645	0.059935
27.0993062	0.053653
27.10930594	0.041525
27.11930568	0.025401
27.12930543	0.0098991
27.13930517	-0.00090989
27.14930492	-0.0059676
27.15930466	-0.0071706
27.1693044	-0.0065075
27.17930415	-0.0069632
27.18930389	-0.011508
27.19930364	-0.019375
27.20930338	-0.024557
27.21930312	-0.025304
27.22930287	-0.026948
27.23930261	-0.03148
27.24930236	-0.031233
27.2593021	-0.021816
27.26930184	-0.01296
27.27930159	-0.016656
27.28930133	-0.030415
27.29930108	-0.041498
27.30930082	-0.043969
27.31930056	-0.040024
27.32930031	-0.030171
27.33930005	-0.014742
27.3492998	-0.00065899
27.35929954	0.0050764
27.36929928	0.0054886
27.37929903	0.0069709
27.38929877	0.0086261
27.39929852	0.0069138
27.40929826	0.0039013
27.419298	0.0047153
27.42929775	0.0084313
27.43929749	0.0099598
27.44929724	0.0062958
27.45929698	-0.00062809
27.46929672	-0.0073801
27.47929647	-0.011964
27.48929621	-0.014753
27.49929595	-0.018613
27.5092957	-0.024855
27.51929544	-0.031454
27.52929519	-0.035826
27.53929493	-0.037205
27.54929467	-0.032907
27.55929442	-0.019308
27.56929416	-0.00013586
27.57929391	0.014294
27.58929365	0.01759
27.59929339	0.011941
27.60929314	0.0015185
27.61929288	-0.011331
27.62929263	-0.023562
27.63929237	-0.031668
27.64929211	-0.035402
27.65929186	-0.035657
27.6692916	-0.030685
27.67929135	-0.020151
27.68929109	-0.0093492
27.69929083	-0.0024527
27.70929058	0.0028013
27.71929032	0.0070109
27.72929007	0.0042591
27.73928981	-0.0079695
27.74928955	-0.021434
27.7592893	-0.028538
27.76928904	-0.030331
27.77928879	-0.030364
27.78928853	-0.027748
27.79928827	-0.023344
27.80928802	-0.020648
27.81928776	-0.018715
27.82928751	-0.011198
27.83928725	-0.00043875
27.84928699	0.0017924
27.85928674	-0.0091383
27.86928648	-0.02129
27.87928623	-0.021292
27.88928597	-0.0089636
27.89928571	0.0065286
27.90928546	0.01997
27.9192852	0.032218
27.92928495	0.042535
27.93928469	0.044154
27.94928443	0.032218
27.95928418	0.01253
27.96928392	-0.0021497
27.97928367	-0.0057118
27.98928341	-0.0034015
27.99928315	-0.001771
28.0092829	0.0012421
28.01928264	0.011511
28.02928239	0.02635
28.03928213	0.037066
28.04928187	0.041303
28.05928162	0.044384
28.06928136	0.046676
28.07928111	0.041247
28.08928085	0.023351
28.09928059	-0.00088667
28.10928034	-0.021393
28.11928008	-0.033488
28.12927983	-0.037448
28.13927957	-0.032176
28.14927931	-0.017944
28.15927906	0.00026513
28.1692788	0.018795
28.17927855	0.038501
28.18927829	0.05725
28.19927803	0.066642
28.20927778	0.062947
28.21927752	0.053567
28.22927727	0.045263
28.23927701	0.033072
28.24927675	0.011561
28.2592765	-0.01138
28.26927624	-0.023107
28.27927599	-0.023033
28.28927573	-0.017794
28.29927547	-0.010231
28.30927522	0.000029304
28.31927496	0.0093564
28.32927471	0.016079
28.33927445	0.023247
28.34927419	0.031763
28.35927394	0.034799
28.36927368	0.027142
28.37927343	0.01288
28.38927317	0.00017099
28.39927291	-0.0040568
28.40927266	0.0038832
28.4192724	0.020103
28.42927215	0.030154
28.43927189	0.021831
28.44927163	-0.0003819
28.45927138	-0.022047
28.46927112	-0.035842
28.47927087	-0.045748
28.48927061	-0.054792
28.49927035	-0.062002
28.5092701	-0.064666
28.51926984	-0.059554
28.52926959	-0.041724
28.53926933	-0.011574
28.54926907	0.02344
28.55926882	0.055278
28.56926856	0.078301
28.57926831	0.086067
28.58926805	0.076391
28.59926779	0.059015
28.60926754	0.044234
28.61926728	0.026769
28.62926703	-0.0012901
28.63926677	-0.02714
28.64926651	-0.02999
28.65926626	-0.014354
28.669266	-0.0034416
28.67926575	-0.0029827
28.68926549	0.0015357
28.69926523	0.011185
28.70926498	0.0083681
28.71926472	-0.011294
28.72926446	-0.029741
28.73926421	-0.035339
28.74926395	-0.035733
28.7592637	-0.038101
28.76926344	-0.038762
28.77926318	-0.03623
28.78926293	-0.037138
28.79926267	-0.044013
28.80926242	-0.048701
28.81926216	-0.041788
28.8292619	-0.023266
28.83926165	-0.0022041
28.84926139	0.010782
28.85926114	0.011876
28.86926088	0.006799
28.87926062	0.0034851
28.88926037	0.0026122
28.89926011	-0.00016231
28.90925986	-0.0064273
28.9192596	-0.01274
28.92925934	-0.016026
28.93925909	-0.014358
28.94925883	-0.0066795
28.95925858	0.0073952
28.96925832	0.024796
28.97925806	0.038635
28.98925781	0.041548
28.99925755	0.031742
29.0092573	0.01639
29.01925704	0.0051096
29.02925678	6.2611E-06
29.03925653	-0.0058011
29.04925627	-0.017066
29.05925602	-0.02995
29.06925576	-0.037854
29.0792555	-0.037819
29.08925525	-0.031075
29.09925499	-0.02224
29.10925474	-0.018004
29.11925448	-0.020624
29.12925422	-0.023339
29.13925397	-0.017806
29.14925371	-0.0063896
29.15925346	0.00010937
29.1692532	-0.0015274
29.17925294	-0.0020227
29.18925269	0.0071829
29.19925243	0.02286
29.20925218	0.033435
29.21925192	0.029006
29.22925166	0.00788
29.23925141	-0.019467
29.24925115	-0.034453
29.2592509	-0.025777
29.26925064	-0.002228
29.27925038	0.016775
29.28925013	0.022419
29.29924987	0.019926
29.30924962	0.013943
29.31924936	0.000032395
29.3292491	-0.023914
29.33924885	-0.049296
29.34924859	-0.064007
29.35924834	-0.064663
29.36924808	-0.055624
29.37924782	-0.040492
29.38924757	-0.019547
29.39924731	0.0060329
29.40924706	0.028593
29.4192468	0.037315
29.42924654	0.026863
29.43924629	0.0051383
29.44924603	-0.014465
29.45924578	-0.024607
29.46924552	-0.027573
29.47924526	-0.026096
29.48924501	-0.01906
29.49924475	-0.0057668
29.5092445	0.0083122
29.51924424	0.015009
29.52924398	0.011075
29.53924373	0.00076951
29.54924347	-0.0082991
29.55924322	-0.0116
29.56924296	-0.0089571
29.5792427	-0.0011901
29.58924245	0.010477
29.59924219	0.020625
29.60924194	0.021294
29.61924168	0.01223
29.62924142	0.00342
29.63924117	0.0031563
29.64924091	0.0082194
29.65924066	0.011611
29.6692404	0.01158
29.67924014	0.0084038
29.68923989	0.00087468
29.69923963	-0.0088122
29.70923938	-0.014889
29.71923912	-0.016748
29.72923886	-0.018589
29.73923861	-0.020366
29.74923835	-0.01634
29.7592381	-0.0062884
29.76923784	0.0044878
29.77923758	0.012957
29.78923733	0.018897
29.79923707	0.016465
29.80923682	0.0021304
29.81923656	-0.014564
29.8292363	-0.018342
29.83923605	-0.0072071
29.84923579	0.0090027
29.85923554	0.021762
29.86923528	0.028246
29.87923502	0.025662
29.88923477	0.014261
29.89923451	-0.0011291
29.90923425	-0.016067
29.919234	-0.028733
29.92923374	-0.032971
29.93923349	-0.0236
29.94923323	-0.0093733
29.95923297	-0.0065735
29.96923272	-0.016681
29.97923246	-0.024792
29.98923221	-0.022741
29.99923195	-0.018411
30.00923169	-0.019042
30.01923144	-0.020636
30.02923118	-0.019173
30.03923093	-0.019036
30.04923067	-0.022123
30.05923041	-0.022205
30.06923016	-0.014385
30.0792299	-0.0052314
30.08922965	-0.0045124
30.09922939	-0.014124
30.10922913	-0.026565
30.11922888	-0.035001
30.12922862	-0.038198
30.13922837	-0.037522
30.14922811	-0.033617
30.15922785	-0.027722
30.1692276	-0.020966
30.17922734	-0.010708
30.18922709	0.0051566
30.19922683	0.020988
30.20922657	0.026193
30.21922632	0.019446
30.22922606	0.011505
30.23922581	0.01188
30.24922555	0.017469
30.25922529	0.02135
30.26922504	0.023454
30.27922478	0.0263
30.28922453	0.028089
30.29922427	0.025437
30.30922401	0.019365
30.31922376	0.012089
30.3292235	0.0049628
30.33922325	-0.0015371
30.34922299	-0.0044977
30.35922273	-0.0033964
30.36922248	-0.0018366
30.37922222	-0.0022115
30.38922197	-0.0010467
30.39922171	0.0037103
30.40922145	0.0077322
30.4192212	0.0084599
30.42922094	0.010218
30.43922069	0.016817
30.44922043	0.025378
30.45922017	0.033649
30.46921992	0.044849
30.47921966	0.056894
30.48921941	0.055466
30.49921915	0.030517
30.50921889	-0.004701
30.51921864	-0.025165
30.52921838	-0.020894
30.53921813	-0.0034832
30.54921787	0.011498
30.55921761	0.020312
30.56921736	0.029617
30.5792171	0.044357
30.58921685	0.059501
30.59921659	0.066871
30.60921633	0.064816
30.61921608	0.058465
30.62921582	0.049196
30.63921557	0.034944
30.64921531	0.019139
30.65921505	0.010738
30.6692148	0.01131
30.67921454	0.013305
30.68921429	0.013247
30.69921403	0.01552
30.70921377	0.021011
30.71921352	0.02247
30.72921326	0.016663
30.73921301	0.010726
30.74921275	0.012071
30.75921249	0.018554
30.76921224	0.024591
30.77921198	0.027996
30.78921173	0.028111
30.79921147	0.022274
30.80921121	0.010115
30.81921096	-0.0019644
30.8292107	-0.0058176
30.83921045	0.000079254
30.84921019	0.0086585
30.85920993	0.01282
30.86920968	0.010729
30.87920942	0.0066183
30.88920917	0.0064817
30.89920891	0.013032
30.90920865	0.021382
30.9192084	0.022728
30.92920814	0.013659
30.93920789	0.00021508
30.94920763	-0.0098815
30.95920737	-0.01505
30.96920712	-0.017867
30.97920686	-0.017434
30.98920661	-0.011563
30.99920635	-0.003623
31.00920609	-0.0025125
31.01920584	-0.012457
31.02920558	-0.027504
31.03920533	-0.037648
31.04920507	-0.038733
31.05920481	-0.034529
31.06920456	-0.029919
31.0792043	-0.026423
31.08920405	-0.024935
31.09920379	-0.027127
31.10920353	-0.032062
31.11920328	-0.034785
31.12920302	-0.034535
31.13920276	-0.036812
31.14920251	-0.043443
31.15920225	-0.044468
31.169202	-0.031853
31.17920174	-0.012443
31.18920148	0.00058732
31.19920123	0.0043831
31.20920097	0.0030628
31.21920072	-0.0026148
31.22920046	-0.013173
31.2392002	-0.021644
31.24919995	-0.019675
31.25919969	-0.0072894
31.26919944	0.0089373
31.27919918	0.02349
31.28919892	0.029872
31.29919867	0.022519
31.30919841	0.006664
31.31919816	-0.002048
31.3291979	0.0036391
31.33919764	0.013341
31.34919739	0.012223
31.35919713	-0.0025797
31.36919688	-0.021891
31.37919662	-0.035204
31.38919636	-0.038386
31.39919611	-0.035772
31.40919585	-0.033537
31.4191956	-0.031503
31.42919534	-0.02278
31.43919508	-0.0065287
31.44919483	0.0069643
31.45919457	0.0081092
31.46919432	0.00072791
31.47919406	-0.0042523
31.4891938	-0.0018241
31.49919355	0.0055999
31.50919329	0.015025
31.51919304	0.023574
31.52919278	0.026048
31.53919252	0.018336
31.54919227	0.0046855
31.55919201	-0.0032575
31.56919176	0.0017894
31.5791915	0.014895
31.58919124	0.023709
31.59919099	0.02136
31.60919073	0.011322
31.61919048	0.0022315
31.62919022	-0.0016658
31.63918996	-0.0023205
31.64918971	-0.0023925
31.65918945	-0.001738
31.6691892	-0.00093647
31.67918894	-0.0032414
31.68918868	-0.0086934
31.69918843	-0.011419
31.70918817	-0.0067286
31.71918792	0.0020647
31.72918766	0.0080317
31.7391874	0.0075601
31.74918715	0.0035967
31.75918689	0.0033485
31.76918664	0.013376
31.77918638	0.030542
31.78918612	0.041231
31.79918587	0.035994
31.80918561	0.024216
31.81918536	0.022881
31.8291851	0.031616
31.83918484	0.034524
31.84918459	0.025136
31.85918433	0.015763
31.86918408	0.0166
31.87918382	0.021314
31.88918356	0.017899
31.89918331	0.0066367
31.90918305	-0.0024808
31.9191828	-0.0044537
31.92918254	-0.0045113
31.93918228	-0.0076427
31.94918203	-0.010346
31.95918177	-0.0030805
31.96918152	0.016997
31.97918126	0.040205
31.989181	0.050128
31.99918075	0.03933
32.00918049	0.014593
32.01918024	-0.009401
32.02917998	-0.023065
32.03917972	-0.025926
32.04917947	-0.023474
32.05917921	-0.019897
32.06917896	-0.015828
32.0791787	-0.01031
32.08917844	-0.0053038
32.09917819	-0.004712
32.10917793	-0.0084726
32.11917768	-0.011435
32.12917742	-0.010189
32.13917716	-0.0081444
32.14917691	-0.0085829
32.15917665	-0.0082431
32.1691764	-0.0018192
32.17917614	0.0082272
32.18917588	0.013504
32.19917563	0.0088765
32.20917537	-0.0027038
32.21917512	-0.014339
32.22917486	-0.020652
32.2391746	-0.021547
32.24917435	-0.020744
32.25917409	-0.021737
32.26917384	-0.025091
32.27917358	-0.029492
32.28917332	-0.03301
32.29917307	-0.034129
32.30917281	-0.032582
32.31917256	-0.030584
32.3291723	-0.030339
32.33917204	-0.031457
32.34917179	-0.030439
32.35917153	-0.024834
32.36917127	-0.013587
32.37917102	0.00095119
32.38917076	0.012206
32.39917051	0.014113
32.40917025	0.0085419
32.41916999	0.0024401
32.42916974	-0.001215
32.43916948	-0.0026664
32.44916923	-0.0007473
32.45916897	0.0053478
32.46916871	0.010257
32.47916846	0.0080112
32.4891682	0.001701
32.49916795	0.00021429
32.50916769	0.0060532
32.51916743	0.013063
32.52916718	0.016839
32.53916692	0.017955
32.54916667	0.018526
32.55916641	0.0192
32.56916615	0.02042
32.5791659	0.021514
32.58916564	0.020116
32.59916539	0.014056
32.60916513	0.0045531
32.61916487	-0.004028
32.62916462	-0.0086933
32.63916436	-0.0085724
32.64916411	-0.0028655
32.65916385	0.0079202
32.66916359	0.017955
32.67916334	0.019014
32.68916308	0.0097953
32.69916283	-0.0014492
32.70916257	-0.0067132
32.71916231	-0.007092
32.72916206	-0.0069909
32.7391618	-0.0069487
32.74916155	-0.0064692
32.75916129	-0.0071403
32.76916103	-0.008239
32.77916078	-0.0072979
32.78916052	-0.0062335
32.79916027	-0.0085973
32.80916001	-0.010221
32.81915975	-0.0041263
32.8291595	0.005118
32.83915924	0.0060865
32.84915899	0.00059359
32.85915873	0.0015947
32.86915847	0.01055
32.87915822	0.015799
32.88915796	0.013831
32.89915771	0.011976
32.90915745	0.01167
32.91915719	0.0080719
32.92915694	0.0048715
32.93915668	0.0092118
32.94915643	0.014418
32.95915617	0.0080164
32.96915591	-0.0053174
32.97915566	-0.0095298
32.9891554	-0.0044704
32.99915515	-0.0039711
33.00915489	-0.0096143
33.01915463	-0.0084393
33.02915438	0.0026211
33.03915412	0.011719
33.04915387	0.012101
33.05915361	0.010241
33.06915335	0.011364
33.0791531	0.010461
33.08915284	0.001584
33.09915259	-0.012347
33.10915233	-0.023883
33.11915207	-0.029498
33.12915182	-0.03015
33.13915156	-0.02557
33.14915131	-0.014088
33.15915105	0.00085648
33.16915079	0.0080657
33.17915054	0.00079581
33.18915028	-0.010979
33.19915003	-0.010915
33.20914977	0.0012344
33.21914951	0.010555
33.22914926	0.01051
33.239149	0.010453
33.24914875	0.016323
33.25914849	0.019355
33.26914823	0.010573
33.27914798	-0.0044388
33.28914772	-0.012847
33.29914747	-0.00831
33.30914721	0.0053662
33.31914695	0.018865
33.3291467	0.023004
33.33914644	0.017343
33.34914619	0.011711
33.35914593	0.014523
33.36914567	0.021052
33.37914542	0.021497
33.38914516	0.016239
33.39914491	0.013878
33.40914465	0.01728
33.41914439	0.020584
33.42914414	0.019924
33.43914388	0.016856
33.44914363	0.013291
33.45914337	0.0087506
33.46914311	0.0039594
33.47914286	-0.00029065
33.4891426	-0.0051796
33.49914235	-0.010576
33.50914209	-0.012271
33.51914183	-0.009553
33.52914158	-0.010478
33.53914132	-0.020109
33.54914107	-0.030415
33.55914081	-0.031431
33.56914055	-0.02746
33.5791403	-0.02873
33.58914004	-0.033744
33.59913978	-0.032575
33.60913953	-0.025312
33.61913927	-0.021324
33.62913902	-0.022553
33.63913876	-0.021992
33.6491385	-0.017782
33.65913825	-0.014823
33.66913799	-0.014251
33.67913774	-0.01137
33.68913748	-0.0036559
33.69913722	0.0067844
33.70913697	0.016095
33.71913671	0.018858
33.72913646	0.010432
33.7391362	-0.0051889
33.74913594	-0.015898
33.75913569	-0.016028
33.76913543	-0.012373
33.77913518	-0.013685
33.78913492	-0.020671
33.79913466	-0.029384
33.80913441	-0.035834
33.81913415	-0.037735
33.8291339	-0.035939
33.83913364	-0.03503
33.84913338	-0.036744
33.85913313	-0.036031
33.86913287	-0.02826
33.87913262	-0.016352
33.88913236	-0.0064671
33.8991321	-0.0010291
33.90913185	-0.00014715
33.91913159	-0.0034523
33.92913134	-0.0081375
33.93913108	-0.010584
33.94913082	-0.010987
33.95913057	-0.010825
33.96913031	-0.0076448
33.97913006	0.00027977
33.9891298	0.0081864
33.99912954	0.011197
34.00912929	0.011437
34.01912903	0.012744
34.02912878	0.014103
34.03912852	0.014522
34.04912826	0.015187
34.05912801	0.013565
34.06912775	0.0050886
34.0791275	-0.0056081
34.08912724	-0.008877
34.09912698	-0.007196
34.10912673	-0.011987
34.11912647	-0.02296
34.12912622	-0.02724
34.13912596	-0.020564
34.1491257	-0.010127
34.15912545	0.0016624
34.16912519	0.017964
34.17912494	0.033776
34.18912468	0.039844
34.19912442	0.03673
34.20912417	0.030148
34.21912391	0.01945
34.22912366	0.006084
34.2391234	0.00073434
34.24912314	0.0080377
34.25912289	0.014394
34.26912263	0.0085636
34.27912238	-0.0011656
34.28912212	-0.0024927
34.29912186	0.0017706
34.30912161	0.0032865
34.31912135	0.0028068
34.3291211	0.0025741
34.33912084	-0.0005362
34.34912058	-0.0056709
34.35912033	-0.0032911
34.36912007	0.0086801
34.37911982	0.01735
34.38911956	0.01081
34.3991193	-0.0066843
34.40911905	-0.022341
34.41911879	-0.028014
34.42911854	-0.022841
34.43911828	-0.0096071
34.44911802	0.0061844
34.45911777	0.018941
34.46911751	0.026659
34.47911726	0.030847
34.489117	0.032061
34.49911674	0.028133
34.50911649	0.018868
34.51911623	0.0097056
34.52911598	0.0068063
34.53911572	0.0091839
34.54911546	0.010341
34.55911521	0.0079482
34.56911495	0.0082355
34.5791147	0.016652
34.58911444	0.028558
34.59911418	0.033829
34.60911393	0.029083
34.61911367	0.019301
34.62911342	0.011562
34.63911316	0.0098647
34.6491129	0.01269
34.65911265	0.014325
34.66911239	0.011979
34.67911214	0.010121
34.68911188	0.012521
34.69911162	0.013604
34.70911137	0.0062819
34.71911111	-0.0050322
34.72911086	-0.010108
34.7391106	-0.010389
34.74911034	-0.014907
34.75911009	-0.022334
34.76910983	-0.020123
34.77910958	-0.005499
34.78910932	0.010366
34.79910906	0.017845
34.80910881	0.020152
34.81910855	0.022585
34.82910829	0.025204
34.83910804	0.025686
34.84910778	0.02423
34.85910753	0.019275
34.86910727	0.0078972
34.87910701	-0.0071598
34.88910676	-0.015301
34.8991065	-0.0099519
34.90910625	0.0017714
34.91910599	0.0070219
34.92910573	0.0023739
34.93910548	-0.0041627
34.94910522	-0.0045471
34.95910497	0.00073604
34.96910471	0.0062067
34.97910445	0.0081006
34.9891042	0.0059902
34.99910394	0.0023487
35.00910369	0.0023177
35.01910343	0.0087602
35.02910317	0.016672
35.03910292	0.017237
35.04910266	0.0081711
35.05910241	-0.0026106
35.06910215	-0.0059079
35.07910189	-0.0019623
35.08910164	0.00048137
35.09910138	-0.0050313
35.10910113	-0.014444
35.11910087	-0.01806
35.12910061	-0.01343
35.13910036	-0.0087583
35.1491001	-0.0086062
35.15909985	-0.0071635
35.16909959	-0.0012374
35.17909933	0.0015449
35.18909908	-0.0032961
35.19909882	-0.0068513
35.20909857	-0.00045569
35.21909831	0.0086046
35.22909805	0.0088911
35.2390978	0.0034202
35.24909754	0.0018509
35.25909729	0.0022726
35.26909703	-0.0013963
35.27909677	-0.0037163
35.28909652	0.0027731
35.29909626	0.011517
35.30909601	0.010885
35.31909575	0.0024863
35.32909549	-0.0057262
35.33909524	-0.013633
35.34909498	-0.023011
35.35909473	-0.025425
35.36909447	-0.014231
35.37909421	0.00092206
35.38909396	0.0061447
35.3990937	0.00274
35.40909345	0.0002594
35.41909319	0.0001132
35.42909293	-0.0009975
35.43909268	-0.0015818
35.44909242	-0.00018549
35.45909217	-0.00075041
35.46909191	-0.0037723
35.47909165	-0.0036174
35.4890914	-0.00034631
35.49909114	-0.0022983
35.50909089	-0.010358
35.51909063	-0.01455
35.52909037	-0.011278
35.53909012	-0.009035
35.54908986	-0.012621
35.55908961	-0.015991
35.56908935	-0.014785
35.57908909	-0.012128
35.58908884	-0.0088969
35.59908858	-0.0018769
35.60908833	0.0069266
35.61908807	0.010345
35.62908781	0.0072734
35.63908756	0.0040755
35.6490873	0.0033209
35.65908705	0.00087101
35.66908679	-0.005983
35.67908653	-0.013041
35.68908628	-0.016407
35.69908602	-0.015642
35.70908577	-0.013024
35.71908551	-0.0099539
35.72908525	-0.0052805
35.739085	0.0036259
35.74908474	0.013405
35.75908449	0.015569
35.76908423	0.008808
35.77908397	0.0030899
35.78908372	0.0070499
35.79908346	0.016031
35.80908321	0.020298
35.81908295	0.018516
35.82908269	0.016286
35.83908244	0.012931
35.84908218	0.0044038
35.85908193	-0.0059499
35.86908167	-0.0096237
35.87908141	-0.0060587
35.88908116	-0.001748
35.8990809	0.00022338
35.90908065	0.003531
35.91908039	0.0094383
35.92908013	0.01302
35.93907988	0.010607
35.94907962	0.0074508
35.95907937	0.0096192
35.96907911	0.014213
35.97907885	0.013086
35.9890786	0.0068557
35.99907834	0.0047328
36.00907808	0.010189
36.01907783	0.015466
36.02907757	0.014795
36.03907732	0.013245
36.04907706	0.01575
36.0590768	0.017186
36.06907655	0.011462
36.07907629	0.0034878
36.08907604	0.0013821
36.09907578	0.0032503
36.10907552	0.0026586
36.11907527	0.0010132
36.12907501	0.0025766
36.13907476	0.0026803
36.1490745	-0.0053872
36.15907424	-0.016488
36.16907399	-0.01933
36.17907373	-0.012551
36.18907348	-0.0049352
36.19907322	-0.0014806
36.20907296	0.00022884
36.21907271	0.0030229
36.22907245	0.0058784
36.2390722	0.006611
36.24907194	0.0029902
36.25907168	-0.0055641
36.26907143	-0.013969
36.27907117	-0.015275
36.28907092	-0.011208
36.29907066	-0.011419
36.3090704	-0.018665
36.31907015	-0.024776
36.32906989	-0.023909
36.33906964	-0.020376
36.34906938	-0.019692
36.35906912	-0.020369
36.36906887	-0.018394
36.37906861	-0.01423
36.38906836	-0.010991
36.3990681	-0.0098056
36.40906784	-0.0086284
36.41906759	-0.0055646
36.42906733	-0.0017369
36.43906708	-0.0010746
36.44906682	-0.0049911
36.45906656	-0.0093139
36.46906631	-0.0096666
36.47906605	-0.0086631
36.4890658	-0.010802
36.49906554	-0.013703
36.50906528	-0.012061
36.51906503	-0.0082205
36.52906477	-0.007756
36.53906452	-0.0092213
36.54906426	-0.0081938
36.559064	-0.007973
36.56906375	-0.013054
36.57906349	-0.016944
36.58906324	-0.0099241
36.59906298	0.0030307
36.60906272	0.0084253
36.61906247	0.0053366
36.62906221	0.0053707
36.63906196	0.010954
36.6490617	0.012294
36.65906144	0.0058012
36.66906119	0.000065753
36.67906093	0.00074662
36.68906068	0.0043587
36.69906042	0.0077007
36.70906016	0.01176
36.71905991	0.014895
36.72905965	0.011947
36.7390594	0.0027284
36.74905914	-0.0063716
36.75905888	-0.010646
36.76905863	-0.0099358
36.77905837	-0.0039319
36.78905812	0.0065331
36.79905786	0.014853
36.8090576	0.014546
36.81905735	0.0081831
36.82905709	0.0034742
36.83905684	0.0029329
36.84905658	0.0033535
36.85905632	0.0052837
36.86905607	0.011882
36.87905581	0.020713
36.88905556	0.02365
36.8990553	0.020536
36.90905504	0.019059
36.91905479	0.022841
36.92905453	0.025695
36.93905428	0.0224
36.94905402	0.013571
36.95905376	0.0014861
36.96905351	-0.011479
36.97905325	-0.019794
36.989053	-0.020286
36.99905274	-0.018207
37.00905248	-0.019132
37.01905223	-0.01881
37.02905197	-0.011477
37.03905172	-0.0020006
37.04905146	0.0016107
37.0590512	0.0029981
37.06905095	0.0094631
37.07905069	0.016525
37.08905044	0.014904
37.09905018	0.0080078
37.10904992	0.005766
37.11904967	0.0066173
37.12904941	0.0010415
37.13904916	-0.011148
37.1490489	-0.020082
37.15904864	-0.020464
37.16904839	-0.013855
37.17904813	-0.0010034
37.18904788	0.014926
37.19904762	0.022546
37.20904736	0.014527
37.21904711	0.0021047
37.22904685	0.0024966
37.23904659	0.013695
37.24904634	0.018475
37.25904608	0.010898
37.26904583	0.003259
37.27904557	0.0031512
37.28904531	0.0045898
37.29904506	0.0033966
37.3090448	0.0052878
37.31904455	0.012474
37.32904429	0.017085
37.33904403	0.012883
37.34904378	0.0022143
37.35904352	-0.010486
37.36904327	-0.021731
37.37904301	-0.025303
37.38904275	-0.017258
37.3990425	-0.0052831
37.40904224	-0.00071211
37.41904199	-0.0040626
37.42904173	-0.0070924
37.43904147	-0.006804
37.44904122	-0.0060205
37.45904096	-0.0060355
37.46904071	-0.0060513
37.47904045	-0.0063319
37.48904019	-0.0064101
37.49903994	-0.0053602
37.50903968	-0.0052874
37.51903943	-0.0077953
37.52903917	-0.0091679
37.53903891	-0.0061992
37.54903866	-0.0043047
37.5590384	-0.0088165
37.56903815	-0.013716
37.57903789	-0.0094547
37.58903763	0.0013867
37.59903738	0.0080532
37.60903712	0.0071512
37.61903687	0.0044898
37.62903661	0.0050401
37.63903635	0.0075881
37.6490361	0.0071292
37.65903584	0.000066851
37.66903559	-0.010435
37.67903533	-0.015576
37.68903507	-0.011588
37.69903482	-0.0056948
37.70903456	-0.0067531
37.71903431	-0.013305
37.72903405	-0.017452
37.73903379	-0.016999
37.74903354	-0.015472
37.75903328	-0.014862
37.76903303	-0.01265
37.77903277	-0.0071154
37.78903251	0.0015371
37.79903226	0.0096423
37.809032	0.013135
37.81903175	0.010172
37.82903149	0.0056657
37.83903123	0.0054129
37.84903098	0.0086435
37.85903072	0.0086526
37.86903047	0.0050708
37.87903021	0.0058735
37.88902995	0.015092
37.8990297	0.023924
37.90902944	0.022795
37.91902919	0.014678
37.92902893	0.0079396
37.93902867	0.0015971
37.94902842	-0.00844
37.95902816	-0.016681
37.96902791	-0.016531
37.97902765	-0.013601
37.98902739	-0.015844
37.99902714	-0.01721
38.00902688	-0.008687
38.01902663	0.0019842
38.02902637	0.00015922
38.03902611	-0.011173
38.04902586	-0.017041
38.0590256	-0.015377
38.06902535	-0.015156
38.07902509	-0.014693
38.08902483	-0.0029333
38.09902458	0.018323
38.10902432	0.032942
38.11902407	0.032736
38.12902381	0.025387
38.13902355	0.018621
38.1490233	0.010079
38.15902304	-0.002454
38.16902279	-0.013085
38.17902253	-0.015344
38.18902227	-0.011375
38.19902202	-0.0072412
38.20902176	-0.006267
38.21902151	-0.0093166
38.22902125	-0.015484
38.23902099	-0.017991
38.24902074	-0.0099069
38.25902048	0.0036411
38.26902023	0.0080835
38.27901997	-0.00026182
38.28901971	-0.0079623
38.29901946	-0.0050246
38.3090192	0.00095077
38.31901895	-0.001541
38.32901869	-0.0098132
38.33901843	-0.014882
38.34901818	-0.015395
38.35901792	-0.016142
38.36901767	-0.017117
38.37901741	-0.013905
38.38901715	-0.0042603
38.3990169	0.0075217
38.40901664	0.013971
38.41901639	0.010249
38.42901613	-0.00055605
38.43901587	-0.011307
38.44901562	-0.017642
38.45901536	-0.019216
38.4690151	-0.01452
38.47901485	-0.0040356
38.48901459	0.0046258
38.49901434	0.0040147
38.50901408	-0.0018956
38.51901382	-0.0040608
38.52901357	-0.00082996
38.53901331	0.0027626
38.54901306	0.0027061
38.5590128	-0.0036968
38.56901254	-0.014227
38.57901229	-0.018179
38.58901203	-0.0065271
38.59901178	0.012297
38.60901152	0.020283
38.61901126	0.013704
38.62901101	0.0048648
38.63901075	0.0020513
38.6490105	0.0041477
38.65901024	0.011773
38.66900998	0.024449
38.67900973	0.031334
38.68900947	0.024196
38.69900922	0.0111
38.70900896	0.0048281
38.7190087	0.0048863
38.72900845	0.00662
38.73900819	0.012696
38.74900794	0.023137
38.75900768	0.026311
38.76900742	0.01628
38.77900717	0.0049595
38.78900691	0.0041073
38.79900666	0.0085286
38.8090064	0.008456
38.81900614	0.0055056
38.82900589	0.0053819
38.83900563	0.0070745
38.84900538	0.0083808
38.85900512	0.013053
38.86900486	0.022505
38.87900461	0.030535
38.88900435	0.03043
38.8990041	0.023965
38.90900384	0.016058
38.91900358	0.010886
38.92900333	0.010065
38.93900307	0.013018
38.94900282	0.014074
38.95900256	0.0099572
38.9690023	0.0060407
38.97900205	0.011145
38.98900179	0.023637
38.99900154	0.031821
39.00900128	0.028328
39.01900102	0.017178
39.02900077	0.0083731
39.03900051	0.0095764
39.04900026	0.019022
39.059	0.024496
