0	-0.0040219
0.009999744	-0.010917
0.019999488	-0.01505
0.029999232	-0.014408
0.039998976	-0.018017
0.04999872	-0.029849
0.059998464	-0.035666
0.069998208	-0.016285
0.079997952	0.020654
0.089997696	0.046589
0.09999744	0.050985
0.109997184	0.044616
0.119996928	0.031552
0.129996672	0.012632
0.139996416	0.0052948
0.14999616	0.022342
0.159995904	0.037386
0.169995648	0.012055
0.179995392	-0.03936
0.189995136	-0.062174
0.19999488	-0.040463
0.209994624	-0.01249
0.219994368	-0.0019841
0.229994112	0.0073547
0.239993856	0.023887
0.2499936	0.028501
0.259993344	0.016732
0.269993088	0.010192
0.279992832	0.010185
0.289992576	-0.014408
0.29999232	-0.067589
0.309992063	-0.10213
0.319991807	-0.083852
0.329991551	-0.039593
0.339991295	-0.010183
0.349991039	0.0082303
0.359990783	0.039028
0.369990527	0.071164
0.379990271	0.07055
0.389990015	0.038702
0.399989759	0.017376
0.409989503	0.032999
0.419989247	0.064917
0.429988991	0.07112
0.439988735	0.028237
0.449988479	-0.0445
0.459988223	-0.091076
0.469987967	-0.072909
0.479987711	-0.0084892
0.489987455	0.057924
0.499987199	0.10454
0.509986943	0.11081
0.519986687	0.047181
0.529986431	-0.063543
0.539986175	-0.11512
0.549985919	-0.036029
0.559985663	0.09358
0.569985407	0.1341
0.579985151	0.059044
0.589984895	-0.043195
0.599984639	-0.10351
0.609984383	-0.10445
0.619984127	-0.054928
0.629983871	-0.0035939
0.639983615	-0.028402
0.649983359	-0.1166
0.659983103	-0.14284
0.669982847	-0.02615
0.679982591	0.14694
0.689982335	0.24109
0.699982079	0.20328
0.709981823	0.063778
0.719981567	-0.11457
0.729981311	-0.2189
0.739981055	-0.15762
0.749980799	0.024885
0.759980543	0.16512
0.769980287	0.16637
0.779980031	0.086066
0.789979775	0.029026
0.799979519	0.03179
0.809979263	0.062341
0.819979007	0.063722
0.829978751	-0.0017758
0.839978495	-0.10011
0.849978239	-0.14562
0.859977983	-0.11381
0.869977727	-0.080175
0.879977471	-0.1087
0.889977215	-0.15446
0.899976959	-0.13575
0.909976703	-0.053523
0.919976446	0.025995
0.92997619	0.066444
0.939975934	0.075064
0.949975678	0.048499
0.959975422	-0.010083
0.969975166	-0.051403
0.97997491	-0.025737
0.989974654	0.03209
0.999974398	0.034723
1.009974142	-0.039003
1.019973886	-0.10728
1.02997363	-0.085527
1.039973374	0.03103
1.049973118	0.18217
1.059972862	0.29186
1.069972606	0.28625
1.07997235	0.13959
1.089972094	-0.075763
1.099971838	-0.21863
1.109971582	-0.20779
1.119971326	-0.12021
1.12997107	-0.12076
1.139970814	-0.26446
1.149970558	-0.38295
1.159970302	-0.25146
1.169970046	0.10221
1.17996979	0.35431
1.189969534	0.25364
1.199969278	-0.055594
1.209969022	-0.23031
1.219968766	-0.16431
1.22996851	-0.039946
1.239968254	0.0098031
1.249967998	0.041627
1.259967742	0.093325
1.269967486	0.079485
1.27996723	-0.017467
1.289966974	-0.064408
1.299966718	0.0049341
1.309966462	0.075054
1.319966206	0.066114
1.32996595	0.092059
1.339965694	0.24343
1.349965438	0.37034
1.359965182	0.25856
1.369964926	-0.046421
1.37996467	-0.27882
1.389964414	-0.28149
1.399964158	-0.16302
1.409963902	-0.089938
1.419963646	-0.065949
1.42996339	0.019966
1.439963134	0.18239
1.449962878	0.29747
1.459962622	0.24818
1.469962366	0.057831
1.47996211	-0.14219
1.489961854	-0.22678
1.499961598	-0.15771
1.509961342	-0.0043923
1.519961086	0.095779
1.529960829	0.046284
1.539960573	-0.092109
1.549960317	-0.15559
1.559960061	-0.054751
1.569959805	0.11939
1.579959549	0.19254
1.589959293	0.099096
1.599959037	-0.024444
1.609958781	0.00041365
1.619958525	0.14224
1.629958269	0.1859
1.639958013	0.057055
1.649957757	-0.056018
1.659957501	-0.0071613
1.669957245	0.087314
1.679956989	0.084358
1.689956733	0.032169
1.699956477	-0.011485
1.709956221	-0.13309
1.719955965	-0.30087
1.729955709	-0.2719
1.739955453	0.0044473
1.749955197	0.18063
1.759954941	0.042972
1.769954685	-0.14144
1.779954429	-0.087969
1.789954173	0.044061
1.799953917	0.00032286
1.809953661	-0.12244
1.819953405	-0.10294
1.829953149	0.016928
1.839952893	0.073615
1.849952637	0.070258
1.859952381	0.079492
1.869952125	0.074074
1.879951869	0.049798
1.889951613	0.077736
1.899951357	0.12825
1.909951101	0.075136
1.919950845	-0.049212
1.929950589	-0.084329
1.939950333	-0.022573
1.949950077	0.017638
1.959949821	0.050564
1.969949565	0.15697
1.979949309	0.24953
1.989949053	0.20015
1.999948797	0.11631
2.009948541	0.14332
2.019948285	0.15007
2.029948029	-0.045116
2.039947773	-0.24243
2.049947517	-0.1395
2.059947261	0.13681
2.069947005	0.20927
2.079946749	0.069282
2.089946493	0.013934
2.099946237	0.098968
2.109945981	0.10208
2.119945725	-0.034878
2.129945469	-0.15609
2.139945212	-0.21039
2.149944956	-0.25694
2.1599447	-0.26373
2.169944444	-0.1687
2.179944188	-0.024881
2.189943932	0.11134
2.199943676	0.21993
2.20994342	0.21738
2.219943164	0.080216
2.229942908	0.01194
2.239942652	0.10029
2.249942396	0.03669
2.25994214	-0.31275
2.269941884	-0.45419
2.279941628	-0.075904
2.289941372	0.18898
2.299941116	-0.21982
2.30994086	-0.65845
2.319940604	-0.24936
2.329940348	0.53438
2.339940092	0.61484
2.349939836	0.078452
2.35993958	-0.10587
2.369939324	0.17688
2.379939068	0.17313
2.389938812	-0.26327
2.399938556	-0.45551
2.4099383	-0.13994
2.419938044	0.19071
2.429937788	0.19869
2.439937532	0.11682
2.449937276	0.17114
2.45993702	0.24974
2.469936764	0.23207
2.479936508	0.1913
2.489936252	0.17188
2.499935996	0.084159
2.50993574	-0.11013
2.519935484	-0.25598
2.529935228	-0.18462
2.539934972	0.025989
2.549934716	0.090391
2.55993446	-0.074742
2.569934204	-0.21271
2.579933948	-0.089095
2.589933692	0.18044
2.599933436	0.33246
2.60993318	0.29507
2.619932924	0.16742
2.629932668	0.029692
2.639932412	-0.086031
2.649932156	-0.1568
2.6599319	-0.20709
2.669931644	-0.27819
2.679931388	-0.35768
2.689931132	-0.3843
2.699930876	-0.25881
2.70993062	0.053633
2.719930364	0.29803
2.729930108	0.11531
2.739929852	-0.31744
2.749929595	-0.27635
2.759929339	0.39128
2.769929083	0.75054
2.779928827	0.081948
2.789928571	-0.81007
2.799928315	-0.70742
2.809928059	0.18139
2.819927803	0.63206
2.829927547	0.30713
2.839927291	-0.07297
2.849927035	-0.071525
2.859926779	0.015198
2.869926523	-0.012714
2.879926267	0.026837
2.889926011	0.1827
2.899925755	0.23124
2.909925499	0.10889
2.919925243	-0.011717
2.929924987	-0.042813
2.939924731	-0.046708
2.949924475	-0.071949
2.959924219	-0.11833
2.969923963	-0.16485
2.979923707	-0.17054
2.989923451	-0.1334
2.999923195	-0.090673
3.009922939	-0.022763
3.019922683	0.10121
3.029922427	0.21654
3.039922171	0.24213
3.049921915	0.17716
3.059921659	-0.039129
3.069921403	-0.47139
3.079921147	-0.80582
3.089920891	-0.47619
3.099920635	0.4388
3.109920379	0.94746
3.119920123	0.40936
3.129919867	-0.44517
3.139919611	-0.45137
3.149919355	0.3949
3.159919099	0.97325
3.169918843	0.54189
3.179918587	-0.48557
3.189918331	-1.0951
3.199918075	-0.7746
3.209917819	0.13742
3.219917563	0.76753
3.229917307	0.60164
3.239917051	-0.056037
3.249916795	-0.45448
3.259916539	-0.32497
3.269916283	-0.011433
3.279916027	0.17004
3.289915771	0.25966
3.299915515	0.24149
3.309915259	-0.12693
3.319915003	-0.73467
3.329914747	-0.91469
3.339914491	-0.32496
3.349914235	0.32127
3.359913978	0.15831
3.369913722	-0.49697
3.379913466	-0.55051
3.38991321	0.13094
3.399912954	0.41536
3.409912698	-0.40918
3.419912442	-1.4033
3.429912186	-1.2099
3.43991193	0.11562
3.449911674	1.0778
3.459911418	0.6648
3.469911162	-0.55428
3.479910906	-1.1748
3.48991065	-0.66113
3.499910394	0.25605
3.509910138	0.58066
3.519909882	0.25306
3.529909626	-0.085431
3.53990937	-0.082955
3.549909114	-0.014637
3.559908858	-0.13598
3.569908602	-0.28831
3.579908346	-0.24462
3.58990809	-0.082127
3.599907834	-0.014124
3.609907578	-0.080245
3.619907322	-0.15054
3.629907066	-0.09892
3.63990681	0.093465
3.649906554	0.31962
3.659906298	0.43347
3.669906042	0.38655
3.679905786	0.23524
3.68990553	0.039731
3.699905274	-0.12448
3.709905018	-0.14563
3.719904762	-0.0054417
3.729904506	0.17483
3.73990425	0.35027
3.749903994	0.59511
3.759903738	0.72016
3.769903482	0.28878
3.779903226	-0.67502
3.78990297	-1.288
3.799902714	-0.82133
3.809902458	0.23847
3.819902202	0.66689
3.829901946	0.13963
3.83990169	-0.37389
3.849901434	0.054642
3.859901178	1.0494
3.869900922	1.4487
3.879900666	0.79322
3.88990041	-0.21564
3.899900154	-0.66662
3.909899898	-0.4149
3.919899642	0.052093
3.929899386	0.27232
3.93989913	0.17173
3.949898874	-0.038017
3.959898618	-0.13464
3.969898361	-0.11914
3.979898105	-0.18935
3.989897849	-0.442
3.999897593	-0.62526
4.009897337	-0.37247
4.019897081	0.3438
4.029896825	1.0727
4.039896569	1.3065
4.049896313	0.89426
4.059896057	0.15189
4.069895801	-0.48561
4.079895545	-0.84952
4.089895289	-1.0383
4.099895033	-1.0359
4.109894777	-0.69747
4.119894521	-0.11236
4.129894265	0.3581
4.139894009	0.52187
4.149893753	0.50903
4.159893497	0.4972
4.169893241	0.54963
4.179892985	0.7032
4.189892729	0.92292
4.199892473	1.0612
4.209892217	1.0863
4.219891961	1.1714
4.229891705	1.3036
4.239891449	1.1489
4.249891193	0.58071
4.259890937	-0.0055963
4.269890681	-0.22495
4.279890425	-0.15633
4.289890169	-0.075185
4.299889913	-0.064883
4.309889657	-0.076892
4.319889401	-0.073409
4.329889145	-0.003302
4.339888889	0.14117
4.349888633	0.23373
4.359888377	0.15342
4.369888121	-0.034503
4.379887865	-0.17892
4.389887609	-0.19415
4.399887353	-0.089776
4.409887097	0.02421
4.419886841	0.0040742
4.429886585	-0.10216
4.439886329	-0.057819
4.449886073	0.1698
4.459885817	0.26896
4.469885561	0.033887
4.479885305	-0.30498
4.489885049	-0.46862
4.499884793	-0.46074
4.509884537	-0.364
4.519884281	-0.17254
4.529884025	-0.042009
4.539883769	-0.21776
4.549883513	-0.58913
4.559883257	-0.71347
4.569883001	-0.42362
4.579882744	-0.02346
4.589882488	0.21012
4.599882232	0.3128
4.609881976	0.35945
4.61988172	0.32891
4.629881464	0.29817
4.639881208	0.36612
4.649880952	0.36054
4.659880696	0.05385
4.66988044	-0.34691
4.679880184	-0.36747
4.689879928	0.022582
4.699879672	0.32306
4.709879416	0.21577
4.71987916	-0.083779
4.729878904	-0.2856
4.739878648	-0.37893
4.749878392	-0.36686
4.759878136	-0.15929
4.76987788	0.054544
4.779877624	-0.16794
4.789877368	-0.77858
4.799877112	-1.0175
4.809876856	-0.41913
4.8198766	0.39945
4.829876344	0.56227
4.839876088	0.19076
4.849875832	0.060172
4.859875576	0.21937
4.86987532	-0.046995
4.879875064	-0.79352
4.889874808	-1.0087
4.899874552	-0.17485
4.909874296	0.71613
4.91987404	0.5105
4.929873784	-0.42611
4.939873528	-0.84751
4.949873272	-0.48368
4.959873016	-0.20976
4.96987276	-0.51815
4.979872504	-0.87097
4.989872248	-0.70257
4.999871992	-0.23107
5.009871736	0.047038
5.01987148	0.047179
5.029871224	0.0053573
5.039870968	0.043621
5.049870712	0.084306
5.059870456	0.043163
5.0698702	-0.022912
5.079869944	-0.0072531
5.089869688	0.018096
5.099869432	-0.1577
5.109869176	-0.4736
5.11986892	-0.4929
5.129868664	-0.016292
5.139868408	0.43754
5.149868152	0.23329
5.159867896	-0.48908
5.16986764	-0.95663
5.179867384	-0.73201
5.189867127	-0.075919
5.199866871	0.4812
5.209866615	0.59165
5.219866359	0.21851
5.229866103	-0.29013
5.239865847	-0.42239
5.249865591	-0.031655
5.259865335	0.44119
5.269865079	0.49876
5.279864823	0.14999
5.289864567	-0.19756
5.299864311	-0.26583
5.309864055	-0.10582
5.319863799	0.045871
5.329863543	0.0045012
5.339863287	-0.18798
5.349863031	-0.25557
5.359862775	-0.030491
5.369862519	0.25141
5.379862263	0.21654
5.389862007	-0.091596
5.399861751	-0.24487
5.409861495	-0.072609
5.419861239	0.068131
5.429860983	-0.13402
5.439860727	-0.43056
5.449860471	-0.38401
5.459860215	-0.021862
5.469859959	0.25226
5.479859703	0.22878
5.489859447	0.015257
5.499859191	-0.26636
5.509858935	-0.50311
5.519858679	-0.43047
5.529858423	0.11497
5.539858167	0.7596
5.549857911	0.88647
5.559857655	0.43136
5.569857399	-0.011903
5.579857143	-0.023865
5.589856887	0.17405
5.599856631	0.21517
5.609856375	0.12756
5.619856119	0.10402
5.629855863	0.095485
5.639855607	-0.060232
5.649855351	-0.28661
5.659855095	-0.3333
5.669854839	-0.09512
5.679854583	0.30664
5.689854327	0.65183
5.699854071	0.70856
5.709853815	0.37418
5.719853559	-0.10663
5.729853303	-0.22958
5.739853047	0.2296
5.749852791	0.85283
5.759852535	0.99745
5.769852279	0.55428
5.779852023	0.051704
5.789851767	-0.018857
5.79985151	0.24217
5.809851254	0.38898
5.819850998	0.2373
5.829850742	0.031403
5.839850486	0.042806
5.84985023	0.23569
5.859849974	0.36355
5.869849718	0.30351
5.879849462	0.18156
5.889849206	0.1731
5.89984895	0.2505
5.909848694	0.2476
5.919848438	0.12987
5.929848182	0.028893
5.939847926	-0.0071587
5.94984767	-0.092408
5.959847414	-0.2511
5.969847158	-0.30644
5.979846902	-0.1862
5.989846646	-0.092103
5.99984639	-0.1721
6.009846134	-0.23332
6.019845878	-0.081679
6.029845622	0.11593
6.039845366	0.056786
6.04984511	-0.21955
6.059844854	-0.41709
6.069844598	-0.40415
6.079844342	-0.29918
6.089844086	-0.1981
6.09984383	-0.093597
6.109843574	-0.030304
6.119843318	-0.077497
6.129843062	-0.17297
6.139842806	-0.16352
6.14984255	-0.022876
6.159842294	0.13245
6.169842038	0.20643
6.179841782	0.20277
6.189841526	0.1559
6.19984127	0.1006
6.209841014	0.084349
6.219840758	0.1336
6.229840502	0.20095
6.239840246	0.21248
6.24983999	0.15279
6.259839734	0.07667
6.269839478	0.027855
6.279839222	-0.01019
6.289838966	-0.08637
6.29983871	-0.19223
6.309838454	-0.23747
6.319838198	-0.14196
6.329837942	0.055633
6.339837686	0.24992
6.34983743	0.40038
6.359837174	0.51544
6.369836918	0.53219
6.379836662	0.35455
6.389836406	0.036368
6.39983615	-0.21516
6.409835893	-0.27322
6.419835637	-0.21472
6.429835381	-0.16531
6.439835125	-0.13794
6.449834869	-0.095114
6.459834613	-0.05673
6.469834357	-0.064423
6.479834101	-0.10064
6.489833845	-0.11037
6.499833589	-0.061141
6.509833333	0.037535
6.519833077	0.12236
6.529832821	0.099576
6.539832565	-0.033577
6.549832309	-0.14053
6.559832053	-0.145
6.569831797	-0.18939
6.579831541	-0.41241
6.589831285	-0.63301
6.599831029	-0.54914
6.609830773	-0.20994
6.619830517	-0.0075126
6.629830261	-0.11266
6.639830005	-0.28284
6.649829749	-0.29773
6.659829493	-0.27997
6.669829237	-0.39152
6.679828981	-0.51148
6.689828725	-0.41884
6.699828469	-0.13147
6.709828213	0.11763
6.719827957	0.15816
6.729827701	0.021524
6.739827445	-0.13192
6.749827189	-0.17524
6.759826933	-0.12974
6.769826677	-0.11578
6.779826421	-0.17271
6.789826165	-0.20592
6.799825909	-0.14341
6.809825653	-0.032874
6.819825397	0.061406
6.829825141	0.13771
6.839824885	0.20458
6.849824629	0.26714
6.859824373	0.34575
6.869824117	0.38665
6.879823861	0.25143
6.889823605	-0.044866
6.899823349	-0.25081
6.909823093	-0.2306
6.919822837	-0.18381
6.929822581	-0.23223
6.939822325	-0.10227
6.949822069	0.41657
6.959821813	0.9305
6.969821557	0.89291
6.979821301	0.37764
6.989821045	-0.033564
6.999820789	-0.04247
7.009820533	0.15804
7.019820276	0.31293
7.02982002	0.36141
7.039819764	0.33583
7.049819508	0.31092
7.059819252	0.37213
7.069818996	0.43908
7.07981874	0.30828
7.089818484	0.007195
7.099818228	-0.14198
7.109817972	-0.0031345
7.119817716	0.14795
7.12981746	0.064592
7.139817204	-0.10447
7.149816948	-0.12306
7.159816692	-0.045526
7.169816436	-0.044408
7.17981618	-0.10115
7.189815924	-0.11335
7.199815668	-0.11661
7.209815412	-0.16951
7.219815156	-0.18595
7.2298149	-0.089609
7.239814644	0.004985
7.249814388	-0.028687
7.259814132	-0.10699
7.269813876	-0.087326
7.27981362	-0.024665
7.289813364	-0.051172
7.299813108	-0.11493
7.309812852	-0.073817
7.319812596	0.01583
7.32981234	-0.027684
7.339812084	-0.17827
7.349811828	-0.19366
7.359811572	0.020656
7.369811316	0.24652
7.37981106	0.22329
7.389810804	-0.045992
7.399810548	-0.31188
7.409810292	-0.33987
7.419810036	-0.13474
7.42980978	0.068718
7.439809524	0.067105
7.449809268	-0.073908
7.459809012	-0.12045
7.469808756	0.0052484
7.4798085	0.15004
7.489808244	0.17521
7.499807988	0.11056
7.509807732	0.03414
7.519807476	-0.023278
7.52980722	-0.026341
7.539806964	0.039059
7.549806708	0.069238
7.559806452	-0.049736
7.569806196	-0.22446
7.57980594	-0.24609
7.589805684	-0.11208
7.599805428	-0.037208
7.609805172	-0.097973
7.619804916	-0.11149
7.629804659	0.043919
7.639804403	0.21423
7.649804147	0.22258
7.659803891	0.13704
7.669803635	0.12817
7.679803379	0.1874
7.689803123	0.16818
7.699802867	0.026567
7.709802611	-0.1215
7.719802355	-0.16498
7.729802099	-0.10312
7.739801843	-0.0077653
7.749801587	0.042312
7.759801331	-0.0056586
7.769801075	-0.13806
7.779800819	-0.2657
7.789800563	-0.29203
7.799800307	-0.20689
7.809800051	-0.10313
7.819799795	-0.092364
7.829799539	-0.19118
7.839799283	-0.28966
7.849799027	-0.25891
7.859798771	-0.098423
7.869798515	0.05398
7.879798259	0.070385
7.889798003	-0.043018
7.899797747	-0.1787
7.909797491	-0.24299
7.919797235	-0.21686
7.929796979	-0.14182
7.939796723	-0.072967
7.949796467	-0.03122
7.959796211	0.0053715
7.969795955	0.051542
7.979795699	0.080509
7.989795443	0.069942
7.999795187	0.046477
8.009794931	0.041404
8.019794675	0.037129
8.029794419	0.010118
8.039794163	-0.0073361
8.049793907	0.031635
8.059793651	0.10947
8.069793395	0.16388
8.079793139	0.16744
8.089792883	0.13913
8.099792627	0.10201
8.109792371	0.078957
8.119792115	0.10196
8.129791859	0.16584
8.139791603	0.20312
8.149791347	0.16223
8.159791091	0.091506
8.169790835	0.073102
8.179790579	0.10167
8.189790323	0.1008
8.199790067	0.056089
8.209789811	0.038936
8.219789555	0.084221
8.229789299	0.12753
8.239789042	0.10235
8.249788786	0.038442
8.25978853	0.011263
8.269788274	0.039678
8.279788018	0.082851
8.289787762	0.11581
8.299787506	0.15203
8.30978725	0.19594
8.319786994	0.21586
8.329786738	0.18348
8.339786482	0.12079
8.349786226	0.080807
8.35978597	0.080716
8.369785714	0.078548
8.379785458	0.027537
8.389785202	-0.065615
8.399784946	-0.15015
8.40978469	-0.18629
8.419784434	-0.17943
8.429784178	-0.17049
8.439783922	-0.19789
8.449783666	-0.2543
8.45978341	-0.2728
8.469783154	-0.1854
8.479782898	-0.0073886
8.489782642	0.14804
8.499782386	0.16883
8.50978213	0.053266
8.519781874	-0.082604
8.529781618	-0.12042
8.539781362	-0.05807
8.549781106	-0.0017146
8.55978085	-0.03695
8.569780594	-0.13
8.579780338	-0.18317
8.589780082	-0.15745
8.599779826	-0.10195
8.60977957	-0.072852
8.619779314	-0.079641
8.629779058	-0.1055
8.639778802	-0.13358
8.649778546	-0.14054
8.65977829	-0.10616
8.669778034	-0.044849
8.679777778	0.00062798
8.689777522	0.013399
8.699777266	0.023819
8.70977701	0.060425
8.719776754	0.11
8.729776498	0.14127
8.739776242	0.14232
8.749775986	0.11572
8.75977573	0.068108
8.769775474	0.020076
8.779775218	0.0018752
8.789774962	0.01975
8.799774706	0.046952
8.80977445	0.060093
8.819774194	0.061908
8.829773938	0.059518
8.839773682	0.050254
8.849773425	0.036591
8.859773169	0.026623
8.869772913	0.016647
8.879772657	0.0028314
8.889772401	-0.003387
8.899772145	0.004039
8.909771889	0.0047756
8.919771633	-0.016496
8.929771377	-0.036094
8.939771121	-0.016854
8.949770865	0.043546
8.959770609	0.10648
8.969770353	0.12424
8.979770097	0.069039
8.989769841	-0.040882
8.999769585	-0.14169
9.009769329	-0.17232
9.019769073	-0.12772
9.029768817	-0.053176
9.039768561	0.0023284
9.049768305	0.012265
9.059768049	-0.020889
9.069767793	-0.064049
9.079767537	-0.070317
9.089767281	-0.022376
9.099767025	0.052487
9.109766769	0.11079
9.119766513	0.12679
9.129766257	0.10275
9.139766001	0.065183
9.149765745	0.043434
9.159765489	0.047481
9.169765233	0.067876
9.179764977	0.089863
9.189764721	0.096596
9.199764465	0.076273
9.209764209	0.038501
9.219763953	0.010939
9.229763697	0.0050393
9.239763441	0.0094232
9.249763185	0.016674
9.259762929	0.027084
9.269762673	0.021351
9.279762417	-0.02052
9.289762161	-0.080916
9.299761905	-0.11626
9.309761649	-0.10649
9.319761393	-0.054644
9.329761137	0.025979
9.339760881	0.097899
9.349760625	0.10163
9.359760369	0.02445
9.369760113	-0.073929
9.379759857	-0.13317
9.389759601	-0.14948
9.399759345	-0.13901
9.409759089	-0.10305
9.419758833	-0.055243
9.429758577	-0.027902
9.439758321	-0.032506
9.449758065	-0.045496
9.459757808	-0.044733
9.469757552	-0.026123
9.479757296	0.0047293
9.48975704	0.040056
9.499756784	0.072784
9.509756528	0.10804
9.519756272	0.15174
9.529756016	0.18778
9.53975576	0.18715
9.549755504	0.14339
9.559755248	0.085474
9.569754992	0.054819
9.579754736	0.07923
9.58975448	0.14215
9.599754224	0.1808
9.609753968	0.14803
9.619753712	0.083854
9.629753456	0.067129
9.6397532	0.10199
9.649752944	0.11556
9.659752688	0.071404
9.669752432	0.01367
9.679752176	-0.012867
9.68975192	-0.019997
9.699751664	-0.035586
9.709751408	-0.058384
9.719751152	-0.07367
9.729750896	-0.077008
9.73975064	-0.063494
9.749750384	-0.026133
9.759750128	0.02202
9.769749872	0.041903
9.779749616	0.0017847
9.78974936	-0.088705
9.799749104	-0.18126
9.809748848	-0.22365
9.819748592	-0.19907
9.829748336	-0.13197
9.83974808	-0.058978
9.849747824	-0.003283
9.859747568	0.022945
9.869747312	0.010656
9.879747056	-0.027795
9.8897468	-0.052038
9.899746544	-0.024235
9.909746288	0.044665
9.919746032	0.10269
9.929745776	0.10401
9.93974552	0.04864
9.949745264	-0.0235
9.959745008	-0.067361
9.969744752	-0.07229
9.979744496	-0.070816
9.98974424	-0.093619
9.999743984	-0.11986
10.00974373	-0.10007
10.01974347	-0.034126
10.02974322	0.015612
10.03974296	0.0011546
10.0497427	-0.058814
10.05974245	-0.11823
10.06974219	-0.15203
10.07974194	-0.14882
10.08974168	-0.10021
10.09974142	-0.027059
10.10974117	0.024569
10.11974091	0.030221
10.12974066	0.0075019
10.1397404	-0.020641
10.14974014	-0.040058
10.15973989	-0.032912
10.16973963	0.0053976
10.17973938	0.03128
10.18973912	-0.0039038
10.19973886	-0.069185
10.20973861	-0.069653
10.21973835	0.031137
10.2297381	0.14702
10.23973784	0.1602
10.24973758	0.056041
10.25973733	-0.055433
10.26973707	-0.066971
10.27973682	0.0011006
10.28973656	0.032311
10.2997363	-0.01525
10.30973605	-0.037008
10.31973579	0.072331
10.32973554	0.23379
10.33973528	0.25525
10.34973502	0.087622
10.35973477	-0.085003
10.36973451	-0.074089
10.37973425	0.075048
10.389734	0.15501
10.39973374	0.065466
10.40973349	-0.080847
10.41973323	-0.12657
10.42973297	-0.053219
10.43973272	0.038265
10.44973246	0.068168
10.45973221	0.040451
10.46973195	0.0023518
10.47973169	-0.0059362
10.48973144	0.022452
10.49973118	0.056053
10.50973093	0.056031
10.51973067	0.026927
10.52973041	0.011422
10.53973016	0.028379
10.5497299	0.052676
10.55972965	0.062752
10.56972939	0.06348
10.57972913	0.054532
10.58972888	0.028057
10.59972862	0.00017867
10.60972837	-0.0041942
10.61972811	-0.00027296
10.62972785	-0.019851
10.6397276	-0.048336
10.64972734	-0.044649
10.65972709	-0.022334
10.66972683	-0.034431
10.67972657	-0.078996
10.68972632	-0.090006
10.69972606	-0.043128
10.70972581	0.00093452
10.71972555	-0.017198
10.72972529	-0.075344
10.73972504	-0.10999
10.74972478	-0.094224
10.75972453	-0.049239
10.76972427	-0.0042233
10.77972401	0.024652
10.78972376	0.029531
10.7997235	0.0065178
10.80972325	-0.041678
10.81972299	-0.10041
10.82972273	-0.13954
10.83972248	-0.12471
10.84972222	-0.052137
10.85972197	0.032997
10.86972171	0.075144
10.87972145	0.062926
10.8897212	0.030571
10.89972094	0.0079267
10.90972069	-0.0055647
10.91972043	-0.025197
10.92972017	-0.054712
10.93971992	-0.082176
10.94971966	-0.092285
10.95971941	-0.08278
10.96971915	-0.06689
10.97971889	-0.051636
10.98971864	-0.026866
10.99971838	0.010443
11.00971813	0.035001
11.01971787	0.026078
11.02971761	0.0046306
11.03971736	0.0055595
11.0497171	0.028167
11.05971685	0.043951
11.06971659	0.039766
11.07971633	0.020665
11.08971608	-0.0072494
11.09971582	-0.034573
11.10971557	-0.045489
11.11971531	-0.041163
11.12971505	-0.043432
11.1397148	-0.064215
11.14971454	-0.085214
11.15971429	-0.084938
11.16971403	-0.06743
11.17971377	-0.05457
11.18971352	-0.057118
11.19971326	-0.067407
11.20971301	-0.072523
11.21971275	-0.072018
11.22971249	-0.074943
11.23971224	-0.081561
11.24971198	-0.078431
11.25971173	-0.0587
11.26971147	-0.029368
11.27971121	0.0011123
11.28971096	0.023971
11.2997107	0.029188
11.30971045	0.027237
11.31971019	0.052745
11.32970993	0.11336
11.33970968	0.15982
11.34970942	0.14554
11.35970917	0.088442
11.36970891	0.036535
11.37970865	0.0062569
11.3897084	-0.0014701
11.39970814	0.021549
11.40970789	0.058813
11.41970763	0.066651
11.42970737	0.04435
11.43970712	0.044909
11.44970686	0.086437
11.45970661	0.11653
11.46970635	0.097692
11.47970609	0.063493
11.48970584	0.055637
11.49970558	0.064892
11.50970533	0.065004
11.51970507	0.05115
11.52970481	0.027257
11.53970456	-0.0014848
11.5497043	-0.0153
11.55970405	0.0054634
11.56970379	0.052353
11.57970353	0.098551
11.58970328	0.12651
11.59970302	0.13172
11.60970276	0.11538
11.61970251	0.088648
11.62970225	0.065756
11.639702	0.044557
11.64970174	0.011595
11.65970148	-0.029477
11.66970123	-0.056185
11.67970097	-0.056246
11.68970072	-0.039868
11.69970046	-0.021993
11.7097002	-0.0097852
11.71969995	-0.0066017
11.72969969	-0.014104
11.73969944	-0.027005
11.74969918	-0.035179
11.75969892	-0.036275
11.76969867	-0.042314
11.77969841	-0.062608
11.78969816	-0.083438
11.7996979	-0.081365
11.80969764	-0.054821
11.81969739	-0.024318
11.82969713	-0.00033834
11.83969688	0.023928
11.84969662	0.046622
11.85969636	0.049259
11.86969611	0.025445
11.87969585	-0.0084294
11.8896956	-0.038824
11.89969534	-0.064208
11.90969508	-0.074271
11.91969483	-0.053009
11.92969457	-0.0067897
11.93969432	0.034559
11.94969406	0.051186
11.9596938	0.043543
11.96969355	0.017151
11.97969329	-0.021263
11.98969304	-0.048109
11.99969278	-0.034895
12.00969252	0.011993
12.01969227	0.048135
12.02969201	0.041008
12.03969176	0.0058446
12.0496915	-0.021767
12.05969124	-0.024079
12.06969099	-0.0082578
12.07969073	0.012208
12.08969048	0.026942
12.09969022	0.034912
12.10968996	0.041396
12.11968971	0.050631
12.12968945	0.051356
12.1396892	0.030443
12.14968894	0.0011628
12.15968868	-0.003011
12.16968843	0.022721
12.17968817	0.039998
12.18968792	0.018519
12.19968766	-0.019796
12.2096874	-0.026626
12.21968715	0.0095179
12.22968689	0.053853
12.23968664	0.078477
12.24968638	0.095468
12.25968612	0.11886
12.26968587	0.1258
12.27968561	0.086157
12.28968536	0.016556
12.2996851	-0.030899
12.30968484	-0.030524
12.31968459	-0.0066169
12.32968433	0.0031583
12.33968408	-0.014603
12.34968382	-0.045288
12.35968356	-0.064022
12.36968331	-0.053698
12.37968305	-0.02388
12.3896828	-0.0034336
12.39968254	-0.01402
12.40968228	-0.048199
12.41968203	-0.084957
12.42968177	-0.10064
12.43968152	-0.080109
12.44968126	-0.029888
12.459681	0.013682
12.46968075	0.019035
12.47968049	-0.0067904
12.48968024	-0.029342
12.49967998	-0.032937
12.50967972	-0.032847
12.51967947	-0.048936
12.52967921	-0.079483
12.53967896	-0.10401
12.5496787	-0.10628
12.55967844	-0.097745
12.56967819	-0.10505
12.57967793	-0.12192
12.58967768	-0.10114
12.59967742	-0.021111
12.60967716	0.059463
12.61967691	0.061268
12.62967665	-0.0097859
12.6396764	-0.062316
12.64967614	-0.036322
12.65967588	0.023805
12.66967563	0.037509
12.67967537	-0.010046
12.68967512	-0.062933
12.69967486	-0.072799
12.7096746	-0.046071
12.71967435	-0.015535
12.72967409	0.0066761
12.73967384	0.03048
12.74967358	0.058524
12.75967332	0.079874
12.76967307	0.086058
12.77967281	0.07871
12.78967256	0.058313
12.7996723	0.023095
12.80967204	-0.011088
12.81967179	-0.0055951
12.82967153	0.060786
12.83967127	0.14687
12.84967102	0.17421
12.85967076	0.11138
12.86967051	0.01873
12.87967025	-0.01795
12.88966999	0.016439
12.89966974	0.066068
12.90966948	0.09306
12.91966923	0.11495
12.92966897	0.14878
12.93966871	0.16313
12.94966846	0.12499
12.9596682	0.061887
12.96966795	0.036539
12.97966769	0.064003
12.98966743	0.095956
12.99966718	0.089334
13.00966692	0.056755
13.01966667	0.036985
13.02966641	0.039528
13.03966615	0.042623
13.0496659	0.03328
13.05966564	0.026605
13.06966539	0.038635
13.07966513	0.055601
13.08966487	0.044067
13.09966462	-0.0063285
13.10966436	-0.061764
13.11966411	-0.07872
13.12966385	-0.056626
13.13966359	-0.038814
13.14966334	-0.057183
13.15966308	-0.092524
13.16966283	-0.10666
13.17966257	-0.097319
13.18966231	-0.095214
13.19966206	-0.1084
13.2096618	-0.10627
13.21966155	-0.069739
13.22966129	-0.032908
13.23966103	-0.047185
13.24966078	-0.11228
13.25966052	-0.16757
13.26966027	-0.16429
13.27966001	-0.1224
13.28965975	-0.098978
13.2996595	-0.11625
13.30965924	-0.14162
13.31965899	-0.13047
13.32965873	-0.072796
13.33965847	-0.0022237
13.34965822	0.034673
13.35965796	0.017317
13.36965771	-0.029721
13.37965745	-0.062908
13.38965719	-0.061116
13.39965694	-0.032182
13.40965668	0.01402
13.41965643	0.065498
13.42965617	0.090865
13.43965591	0.062521
13.44965566	0.0045859
13.4596554	-0.02561
13.46965515	-0.0085101
13.47965489	0.015912
13.48965463	0.010769
13.49965438	-0.014987
13.50965412	-0.032941
13.51965387	-0.029991
13.52965361	-0.0060635
13.53965335	0.026476
13.5496531	0.035176
13.55965284	-0.0035353
13.56965259	-0.064625
13.57965233	-0.095714
13.58965207	-0.081289
13.59965182	-0.051925
13.60965156	-0.030908
13.61965131	-0.011053
13.62965105	0.011048
13.63965079	0.019167
13.64965054	0.0092079
13.65965028	0.0029386
13.66965003	0.017448
13.67964977	0.045942
13.68964951	0.071746
13.69964926	0.07748
13.709649	0.044888
13.71964875	-0.020535
13.72964849	-0.070148
13.73964823	-0.051537
13.74964798	0.024304
13.75964772	0.089086
13.76964747	0.098265
13.77964721	0.078097
13.78964695	0.077528
13.7996467	0.09976
13.80964644	0.10233
13.81964619	0.055053
13.82964593	-0.016891
13.83964567	-0.053924
13.84964542	-0.026327
13.85964516	0.033181
13.86964491	0.071161
13.87964465	0.074992
13.88964439	0.068223
13.89964414	0.056897
13.90964388	0.025274
13.91964363	-0.0098851
13.92964337	0.0037464
13.93964311	0.076084
13.94964286	0.13592
13.9596426	0.11008
13.96964235	0.020291
13.97964209	-0.041584
13.98964183	-0.022935
13.99964158	0.039257
14.00964132	0.080739
14.01964107	0.075464
14.02964081	0.037949
14.03964055	-0.013346
14.0496403	-0.061733
14.05964004	-0.085446
14.06963978	-0.07003
14.07963953	-0.031475
14.08963927	-0.0020708
14.09963902	0.0041527
14.10963876	0.00065128
14.1196385	0.0072053
14.12963825	0.030566
14.13963799	0.057558
14.14963774	0.057279
14.15963748	0.0089005
14.16963722	-0.058156
14.17963697	-0.075209
14.18963671	-0.010416
14.19963646	0.080998
14.2096362	0.10909
14.21963594	0.045274
14.22963569	-0.048952
14.23963543	-0.087694
14.24963518	-0.040904
14.25963492	0.036954
14.26963466	0.055512
14.27963441	-0.018669
14.28963415	-0.11635
14.2996339	-0.13878
14.30963364	-0.070127
14.31963338	0.012152
14.32963313	0.039039
14.33963287	0.023476
14.34963262	0.018462
14.35963236	0.036716
14.3696321	0.046502
14.37963185	0.024376
14.38963159	-0.024408
14.39963134	-0.083031
14.40963108	-0.12827
14.41963082	-0.12789
14.42963057	-0.072386
14.43963031	-0.0039235
14.44963006	0.020787
14.4596298	0.001795
14.46962954	-0.011123
14.47962929	0.00033382
14.48962903	-0.00051439
14.49962878	-0.034465
14.50962852	-0.067538
14.51962826	-0.06515
14.52962801	-0.03955
14.53962775	-0.019496
14.5496275	-0.01293
14.55962724	-0.015189
14.56962698	-0.023566
14.57962673	-0.027609
14.58962647	-0.017245
14.59962622	-0.00054487
14.60962596	0.0069788
14.6196257	0.0082813
14.62962545	0.0102
14.63962519	0.0056073
14.64962494	-0.0064368
14.65962468	-0.0036591
14.66962442	0.023471
14.67962417	0.046394
14.68962391	0.039105
14.69962366	0.020146
14.7096234	0.026907
14.71962314	0.06544
14.72962289	0.10893
14.73962263	0.12607
14.74962238	0.098844
14.75962212	0.032415
14.76962186	-0.041675
14.77962161	-0.088832
14.78962135	-0.097685
14.7996211	-0.075833
14.80962084	-0.03405
14.81962058	0.0067462
14.82962033	0.015043
14.83962007	-0.020922
14.84961982	-0.071111
14.85961956	-0.09301
14.8696193	-0.072474
14.87961905	-0.027552
14.88961879	0.012218
14.89961854	0.022254
14.90961828	0.0010399
14.91961802	-0.022266
14.92961777	-0.0166
14.93961751	0.0090496
14.94961726	0.013676
14.959617	-0.024565
14.96961674	-0.081995
14.97961649	-0.1127
14.98961623	-0.086231
14.99961598	-0.013452
15.00961572	0.048765
15.01961546	0.040462
15.02961521	-0.030229
15.03961495	-0.082849
15.0496147	-0.053758
15.05961444	0.028484
15.06961418	0.087568
15.07961393	0.08947
15.08961367	0.064225
15.09961342	0.05085
15.10961316	0.059536
15.1196129	0.07393
15.12961265	0.066546
15.13961239	0.020637
15.14961214	-0.040844
15.15961188	-0.063546
15.16961162	-0.022929
15.17961137	0.0393
15.18961111	0.063701
15.19961086	0.043777
15.2096106	0.019003
15.21961034	0.012833
15.22961009	0.012023
15.23960983	0.0034641
15.24960958	-0.0072719
15.25960932	-0.017598
15.26960906	-0.035514
15.27960881	-0.054463
15.28960855	-0.053408
15.29960829	-0.032368
15.30960804	-0.016267
15.31960778	-0.010379
15.32960753	0.013981
15.33960727	0.070939
15.34960701	0.12539
15.35960676	0.12889
15.3696065	0.074454
15.37960625	0.0011861
15.38960599	-0.045309
15.39960573	-0.04714
15.40960548	-0.019617
15.41960522	0.0095689
15.42960497	0.023479
15.43960471	0.021224
15.44960445	0.0071771
15.4596042	-0.0060314
15.46960394	0.0029683
15.47960369	0.038506
15.48960343	0.067269
15.49960317	0.058127
15.50960292	0.027987
15.51960266	0.014015
15.52960241	0.014287
15.53960215	0.001139
15.54960189	-0.020264
15.55960164	-0.018709
15.56960138	0.0045944
15.57960113	0.011395
15.58960087	-0.015839
15.59960061	-0.050165
15.60960036	-0.054844
15.6196001	-0.022585
15.62959985	0.016689
15.63959959	0.020104
15.64959933	-0.019462
15.65959908	-0.053414
15.66959882	-0.036532
15.67959857	0.0025151
15.68959831	-0.00039589
15.69959805	-0.046221
15.7095978	-0.072534
15.71959754	-0.052901
15.72959729	-0.024713
15.73959703	-0.015596
15.74959677	-0.0098108
15.75959652	-0.00047918
15.76959626	-0.004516
15.77959601	-0.012776
15.78959575	0.010049
15.79959549	0.057077
15.80959524	0.075747
15.81959498	0.048841
15.82959473	0.019693
15.83959447	0.01548
15.84959421	0.0088005
15.85959396	-0.019429
15.8695937	-0.036737
15.87959345	-0.015991
15.88959319	0.0091242
15.89959293	-0.0061041
15.90959268	-0.042386
15.91959242	-0.040541
15.92959217	0.0078683
15.93959191	0.04662
15.94959165	0.037449
15.9595914	0.009124
15.96959114	0.001355
15.97959089	0.001914
15.98959063	-0.019033
15.99959037	-0.044548
16.00959012	-0.031378
16.01958986	0.014556
16.02958961	0.036282
16.03958935	0.0058249
16.04958909	-0.03284
16.05958884	-0.022025
16.06958858	0.033265
16.07958833	0.072305
16.08958807	0.05288
16.09958781	0.0019364
16.10958756	-0.021163
16.1195873	0.000084708
16.12958705	0.021638
16.13958679	0.0079135
16.14958653	-0.01735
16.15958628	-0.012713
16.16958602	0.012287
16.17958577	0.013046
16.18958551	-0.021354
16.19958525	-0.057672
16.209585	-0.073467
16.21958474	-0.077372
16.22958449	-0.072997
16.23958423	-0.045768
16.24958397	-0.00067987
16.25958372	0.027298
16.26958346	0.02415
16.27958321	0.023002
16.28958295	0.051081
16.29958269	0.081988
16.30958244	0.076135
16.31958218	0.040746
16.32958193	0.011911
16.33958167	-0.0037392
16.34958141	-0.023206
16.35958116	-0.036037
16.3695809	-0.011879
16.37958065	0.039336
16.38958039	0.064212
16.39958013	0.036756
16.40957988	-0.0073008
16.41957962	-0.024741
16.42957937	-0.020014
16.43957911	-0.027591
16.44957885	-0.057652
16.4595786	-0.086036
16.46957834	-0.083245
16.47957808	-0.045574
16.48957783	0.0025838
16.49957757	0.025405
16.50957732	0.007467
16.51957706	-0.028964
16.5295768	-0.042976
16.53957655	-0.019441
16.54957629	0.013689
16.55957604	0.016048
16.56957578	-0.016745
16.57957552	-0.048594
16.58957527	-0.043919
16.59957501	-0.0069035
16.60957476	0.031521
16.6195745	0.050134
16.62957424	0.055181
16.63957399	0.060066
16.64957373	0.062786
16.65957348	0.053211
16.66957322	0.034854
16.67957296	0.02716
16.68957271	0.039637
16.69957245	0.054597
16.7095722	0.040699
16.71957194	-0.0054326
16.72957168	-0.045273
16.73957143	-0.038875
16.74957117	0.0041896
16.75957092	0.037453
16.76957066	0.038698
16.7795704	0.031597
16.78957015	0.041546
16.79956989	0.057939
16.80956964	0.058589
16.81956938	0.044725
16.82956912	0.031994
16.83956887	0.024786
16.84956861	0.021818
16.85956836	0.029283
16.8695681	0.049397
16.87956784	0.069311
16.88956759	0.073695
16.89956733	0.059085
16.90956708	0.03187
16.91956682	0.0050906
16.92956656	-0.0048955
16.93956631	0.0053409
16.94956605	0.014948
16.9595658	0.0042
16.96956554	-0.015029
16.97956528	-0.019552
16.98956503	-0.016709
16.99956477	-0.03056
17.00956452	-0.056474
17.01956426	-0.064979
17.029564	-0.050954
17.03956375	-0.040016
17.04956349	-0.044704
17.05956324	-0.046514
17.06956298	-0.036157
17.07956272	-0.030208
17.08956247	-0.037361
17.09956221	-0.036479
17.10956196	-0.015943
17.1195617	0.00075128
17.12956144	-0.01492
17.13956119	-0.049361
17.14956093	-0.062351
17.15956068	-0.037659
17.16956042	-0.001732
17.17956016	0.012323
17.18955991	0.00073348
17.19955965	-0.010639
17.2095594	0.0010425
17.21955914	0.029326
17.22955888	0.047326
17.23955863	0.040467
17.24955837	0.018162
17.25955812	-0.003218
17.26955786	-0.017485
17.2795576	-0.02226
17.28955735	-0.011359
17.29955709	0.012319
17.30955684	0.029676
17.31955658	0.026136
17.32955632	0.01036
17.33955607	-0.0007986
17.34955581	-0.0044131
17.35955556	-0.0093533
17.3695553	-0.016081
17.37955504	-0.015552
17.38955479	-0.0068802
17.39955453	-0.0035279
17.40955428	-0.010969
17.41955402	-0.014067
17.42955376	0.00092077
17.43955351	0.018706
17.44955325	0.013042
17.459553	-0.010232
17.46955274	-0.019994
17.47955248	-0.0095048
17.48955223	-0.0081513
17.49955197	-0.030852
17.50955172	-0.054523
17.51955146	-0.053994
17.5295512	-0.034226
17.53955095	-0.012118
17.54955069	0.00015857
17.55955044	-0.0093854
17.56955018	-0.040368
17.57954992	-0.063672
17.58954967	-0.053478
17.59954941	-0.027835
17.60954916	-0.019501
17.6195489	-0.020794
17.62954864	-0.0024378
17.63954839	0.027688
17.64954813	0.035765
17.65954788	0.017801
17.66954762	-0.0003173
17.67954736	-0.0066685
17.68954711	-0.0043893
17.69954685	0.010263
17.70954659	0.038728
17.71954634	0.061214
17.72954608	0.055666
17.73954583	0.024469
17.74954557	-0.010709
17.75954531	-0.026375
17.76954506	-0.009162
17.7795448	0.027275
17.78954455	0.042904
17.79954429	0.019434
17.80954403	-0.0078458
17.81954378	-0.0043645
17.82954352	0.0054472
17.83954327	-0.018556
17.84954301	-0.054899
17.85954275	-0.048182
17.8695425	-0.000047611
17.87954224	0.029318
17.88954199	0.012528
17.89954173	-0.0085093
17.90954147	0.0044762
17.91954122	0.029486
17.92954096	0.023117
17.93954071	-0.01402
17.94954045	-0.042756
17.95954019	-0.035008
17.96953994	0.001216
17.97953968	0.039495
17.98953943	0.057092
17.99953917	0.045017
18.00953891	0.012833
18.01953866	-0.01619
18.0295384	-0.024066
18.03953815	-0.010905
18.04953789	0.011999
18.05953763	0.029861
18.06953738	0.024301
18.07953712	-0.012471
18.08953687	-0.054212
18.09953661	-0.058741
18.10953635	-0.025168
18.1195361	-0.0033841
18.12953584	-0.020491
18.13953559	-0.037339
18.14953533	-0.011321
18.15953507	0.031615
18.16953482	0.035326
18.17953456	-0.0005703
18.18953431	-0.022902
18.19953405	-0.0032986
18.20953379	0.02828
18.21953354	0.031599
18.22953328	0.0021364
18.23953303	-0.032791
18.24953277	-0.043757
18.25953251	-0.024296
18.26953226	0.0012714
18.279532	0.0039687
18.28953175	-0.012536
18.29953149	-0.017327
18.30953123	0.0016271
18.31953098	0.019629
18.32953072	0.012629
18.33953047	-0.011335
18.34953021	-0.029387
18.35952995	-0.035481
18.3695297	-0.037222
18.37952944	-0.036345
18.38952919	-0.027365
18.39952893	-0.012563
18.40952867	-0.0031255
18.41952842	-0.0046759
18.42952816	-0.008047
18.43952791	-0.0017616
18.44952765	0.010107
18.45952739	0.012213
18.46952714	0.0035559
18.47952688	0.0025668
18.48952663	0.019775
18.49952637	0.03873
18.50952611	0.038386
18.51952586	0.022328
18.5295256	0.011372
18.53952535	0.01456
18.54952509	0.021997
18.55952483	0.024288
18.56952458	0.022268
18.57952432	0.020643
18.58952407	0.018428
18.59952381	0.013086
18.60952355	0.0050516
18.6195233	-0.00069647
18.62952304	-0.0021298
18.63952279	-0.0016629
18.64952253	-0.0018656
18.65952227	-0.0010795
18.66952202	0.0014245
18.67952176	0.0026934
18.68952151	0.00068472
18.69952125	-0.0016138
18.70952099	-0.0015589
18.71952074	-0.000056457
18.72952048	0.0020551
18.73952023	0.0077731
18.74951997	0.015964
18.75951971	0.018347
18.76951946	0.0067496
18.7795192	-0.015028
18.78951895	-0.032232
18.79951869	-0.027042
18.80951843	0.0016925
18.81951818	0.029322
18.82951792	0.025898
18.83951767	-0.0062014
18.84951741	-0.033734
18.85951715	-0.033778
18.8695169	-0.017413
18.87951664	-0.0049062
18.88951639	0.0013836
18.89951613	0.005221
18.90951587	0.0013529
18.91951562	-0.01203
18.92951536	-0.02224
18.9395151	-0.019055
18.94951485	-0.0089588
18.95951459	-0.0045535
18.96951434	-0.010254
18.97951408	-0.018885
18.98951382	-0.016334
18.99951357	0.004259
19.00951331	0.025903
19.01951306	0.022636
19.0295128	0.0010951
19.03951254	0.00081113
19.04951229	0.037329
19.05951203	0.073158
19.06951178	0.069901
19.07951152	0.038199
19.08951126	0.01482
19.09951101	0.014959
19.10951075	0.029134
19.1195105	0.042025
19.12951024	0.040692
19.13950998	0.02568
19.14950973	0.018075
19.15950947	0.031004
19.16950922	0.039495
19.17950896	0.015928
19.1895087	-0.017181
19.19950845	-0.015952
19.20950819	0.013028
19.21950794	0.022625
19.22950768	0.00084098
19.23950742	-0.02022
19.24950717	-0.021582
19.25950691	-0.014953
19.26950666	-0.00092981
19.2795064	0.029051
19.28950614	0.057855
19.29950589	0.053294
19.30950563	0.021359
19.31950538	-0.0045164
19.32950512	-0.014833
19.33950486	-0.025798
19.34950461	-0.033599
19.35950435	-0.018679
19.3695041	0.011204
19.37950384	0.023081
19.38950358	0.0055277
19.39950333	-0.020763
19.40950307	-0.035927
19.41950282	-0.036368
19.42950256	-0.025955
19.4395023	-0.010684
19.44950205	0.0025607
19.45950179	0.011265
19.46950154	0.012261
19.47950128	-0.0027549
19.48950102	-0.02929
19.49950077	-0.039877
19.50950051	-0.019982
19.51950026	0.0017136
19.5295	-0.0059967
19.53949974	-0.023262
19.54949949	-0.011872
19.55949923	0.017608
19.56949898	0.019678
19.57949872	-0.01594
19.58949846	-0.053286
19.59949821	-0.062888
19.60949795	-0.048896
19.6194977	-0.029629
19.62949744	-0.017771
19.63949718	-0.016102
19.64949693	-0.018067
19.65949667	-0.014216
19.66949642	-0.0053572
19.67949616	0.0019364
19.6894959	0.0075438
19.69949565	0.015285
19.70949539	0.022093
19.71949514	0.023556
19.72949488	0.020702
19.73949462	0.012298
19.74949437	-0.0019609
19.75949411	-0.011078
19.76949386	-0.0065793
19.7794936	-0.0043949
19.78949334	-0.022038
19.79949309	-0.044289
19.80949283	-0.044871
19.81949258	-0.026273
19.82949232	-0.0071222
19.83949206	0.013004
19.84949181	0.035751
19.85949155	0.04061
19.8694913	0.01517
19.87949104	-0.012526
19.88949078	-0.013231
19.89949053	5.4134E-06
19.90949027	0.0035973
19.91949002	0.0062383
19.92948976	0.025151
19.9394895	0.042974
19.94948925	0.031412
19.95948899	-0.0015357
19.96948874	-0.017447
19.97948848	0.00078601
19.98948822	0.029157
19.99948797	0.03475
20.00948771	0.014858
20.01948746	-0.0056949
20.0294872	-0.011212
20.03948694	-0.01232
20.04948669	-0.02383
20.05948643	-0.040929
20.06948618	-0.046349
20.07948592	-0.031645
20.08948566	-0.0095234
20.09948541	-0.0034029
20.10948515	-0.018484
20.1194849	-0.030422
20.12948464	-0.017979
20.13948438	-0.00053472
20.14948413	-0.009842
20.15948387	-0.034362
20.16948361	-0.034829
20.17948336	-0.01469
20.1894831	-0.012894
20.19948285	-0.029482
20.20948259	-0.027246
20.21948233	-0.0057882
20.22948208	-0.0028575
20.23948182	-0.01954
20.24948157	-0.017889
20.25948131	0.011019
20.26948105	0.036422
20.2794808	0.043042
20.28948054	0.039568
20.29948029	0.028754
20.30948003	0.014738
20.31947977	0.01798
20.32947952	0.039122
20.33947926	0.041281
20.34947901	0.0091865
20.35947875	-0.01489
20.36947849	0.0061477
20.37947824	0.045329
20.38947798	0.056044
20.39947773	0.033943
20.40947747	0.0054719
20.41947721	-0.01237
20.42947696	-0.012086
20.4394767	0.0074801
20.44947645	0.029778
20.45947619	0.034026
20.46947593	0.029093
20.47947568	0.039262
20.48947542	0.059305
20.49947517	0.058791
20.50947491	0.031538
20.51947465	0.006831
20.5294744	0.0059012
20.53947414	0.015301
20.54947389	0.013536
20.55947363	0.0033464
20.56947337	0.0016188
20.57947312	0.01027
20.58947286	0.013205
20.59947261	0.0017318
20.60947235	-0.010158
20.61947209	-0.0060831
20.62947184	0.0042221
20.63947158	-0.0020062
20.64947133	-0.020929
20.65947107	-0.021878
20.66947081	0.0041611
20.67947056	0.029133
20.6894703	0.029303
20.69947005	0.016958
20.70946979	0.010369
20.71946953	0.0061163
20.72946928	-0.0043545
20.73946902	-0.011329
20.74946877	-0.0051339
20.75946851	0.0064134
20.76946825	0.010558
20.779468	0.0081321
20.78946774	0.0041572
20.79946749	-0.0018511
20.80946723	-0.010568
20.81946697	-0.017865
20.82946672	-0.023068
20.83946646	-0.028089
20.84946621	-0.024969
20.85946595	-0.0069146
20.86946569	0.014722
20.87946544	0.017143
20.88946518	0.0017024
20.89946493	-0.0090325
20.90946467	-0.0007768
20.91946441	0.0118
20.92946416	0.010471
20.9394639	-0.0050797
20.94946365	-0.017586
20.95946339	-0.015229
20.96946313	-0.0014433
20.97946288	0.010195
20.98946262	0.010845
20.99946237	0.0013645
21.00946211	-0.0078142
21.01946185	-0.0057319
21.0294616	0.0079581
21.03946134	0.01848
21.04946109	0.01
21.05946083	-0.015468
21.06946057	-0.03709
21.07946032	-0.039467
21.08946006	-0.03015
21.09945981	-0.023775
21.10945955	-0.018361
21.11945929	-0.0055471
21.12945904	0.0059804
21.13945878	0.00072996
21.14945853	-0.014574
21.15945827	-0.01744
21.16945801	-0.0035667
21.17945776	0.0067185
21.1894575	-0.00076527
21.19945725	-0.01608
21.20945699	-0.024517
21.21945673	-0.024102
21.22945648	-0.019275
21.23945622	-0.01281
21.24945597	-0.011168
21.25945571	-0.018304
21.26945545	-0.02485
21.2794552	-0.017702
21.28945494	-0.0011548
21.29945469	0.0067506
21.30945443	-0.0001458
21.31945417	-0.011128
21.32945392	-0.015374
21.33945366	-0.011058
21.34945341	0.00048789
21.35945315	0.01344
21.36945289	0.016387
21.37945264	0.0051749
21.38945238	-0.0088217
21.39945212	-0.013205
21.40945187	-0.0096879
21.41945161	-0.0065093
21.42945136	-0.0050271
21.4394511	-0.0014668
21.44945084	0.0055993
21.45945059	0.014411
21.46945033	0.019098
21.47945008	0.012052
21.48944982	-0.0026741
21.49944956	-0.0062992
21.50944931	0.0094016
21.51944905	0.021892
21.5294488	0.0073938
21.53944854	-0.022074
21.54944828	-0.032511
21.55944803	-0.017327
21.56944777	-0.0011969
21.57944752	0.00025662
21.58944726	-0.0015777
21.599447	0.0035288
21.60944675	0.0056338
21.61944649	-0.0034721
21.62944624	-0.013093
21.63944598	-0.011004
21.64944572	-0.0041957
21.65944547	-0.0047517
21.66944521	-0.010273
21.67944496	-0.012012
21.6894447	-0.013025
21.69944444	-0.021474
21.70944419	-0.03273
21.71944393	-0.034887
21.72944368	-0.027493
21.73944342	-0.02048
21.74944316	-0.019071
21.75944291	-0.020488
21.76944265	-0.024302
21.7794424	-0.029558
21.78944214	-0.02957
21.79944188	-0.018513
21.80944163	-0.0062603
21.81944137	-0.0077906
21.82944112	-0.024631
21.83944086	-0.042388
21.8494406	-0.049442
21.85944035	-0.046506
21.86944009	-0.039305
21.87943984	-0.030899
21.88943958	-0.025453
21.89943932	-0.027164
21.90943907	-0.028715
21.91943881	-0.015188
21.92943856	0.010829
21.9394383	0.022076
21.94943804	0.0013688
21.95943779	-0.027756
21.96943753	-0.02867
21.97943728	-0.0031748
21.98943702	0.013853
21.99943676	0.006691
22.00943651	-0.0062283
22.01943625	-0.0071881
22.029436	0.00047476
22.03943574	0.0095253
22.04943548	0.018718
22.05943523	0.024082
22.06943497	0.019661
22.07943472	0.012778
22.08943446	0.016784
22.0994342	0.031635
22.10943395	0.044284
22.11943369	0.045889
22.12943344	0.036312
22.13943318	0.024514
22.14943292	0.026034
22.15943267	0.04608
22.16943241	0.065175
22.17943216	0.060963
22.1894319	0.042303
22.19943164	0.037086
22.20943139	0.049753
22.21943113	0.056455
22.22943088	0.043883
22.23943062	0.023196
22.24943036	0.007448
22.25943011	-0.00071505
22.26942985	-0.00040385
22.2794296	0.0060552
22.28942934	0.0080828
22.29942908	0.00017197
22.30942883	-0.0077165
22.31942857	-0.0065509
22.32942832	-0.0024656
22.33942806	-0.0031811
22.3494278	-0.0029406
22.35942755	0.0032519
22.36942729	0.0090628
22.37942704	0.010668
22.38942678	0.017978
22.39942652	0.032328
22.40942627	0.035777
22.41942601	0.017387
22.42942576	-0.0022638
22.4394255	0.0036665
22.44942524	0.02945
22.45942499	0.044374
22.46942473	0.036121
22.47942448	0.023748
22.48942422	0.024644
22.49942396	0.031604
22.50942371	0.032101
22.51942345	0.02831
22.5294232	0.028643
22.53942294	0.031849
22.54942268	0.032832
22.55942243	0.03005
22.56942217	0.023859
22.57942192	0.014593
22.58942166	0.0098301
22.5994214	0.01664
22.60942115	0.026568
22.61942089	0.021441
22.62942063	-0.0007303
22.63942038	-0.021438
22.64942012	-0.023669
22.65941987	-0.0065439
22.66941961	0.018614
22.67941935	0.036278
22.6894191	0.034826
22.69941884	0.017193
22.70941859	-0.0020308
22.71941833	-0.013175
22.72941807	-0.016376
22.73941782	-0.01154
22.74941756	0.0014445
22.75941731	0.011852
22.76941705	0.0059551
22.77941679	-0.011836
22.78941654	-0.022535
22.79941628	-0.017894
22.80941603	-0.0085681
22.81941577	-0.0055672
22.82941551	-0.01078
22.83941526	-0.021382
22.849415	-0.03289
22.85941475	-0.035995
22.86941449	-0.025994
22.87941423	-0.011004
22.88941398	-0.0045873
22.89941372	-0.008522
22.90941347	-0.012151
22.91941321	-0.0078695
22.92941295	-0.0030011
22.9394127	-0.0093121
22.94941244	-0.025008
22.95941219	-0.035799
22.96941193	-0.035342
22.97941167	-0.032547
22.98941142	-0.034273
22.99941116	-0.032825
23.00941091	-0.021285
23.01941065	-0.0099826
23.02941039	-0.012184
23.03941014	-0.020649
23.04940988	-0.017583
23.05940963	-0.0040552
23.06940937	-0.00039509
23.07940911	-0.012294
23.08940886	-0.019802
23.0994086	-0.0078211
23.10940835	0.006752
23.11940809	-0.0010866
23.12940783	-0.026739
23.13940758	-0.041102
23.14940732	-0.033055
23.15940707	-0.022318
23.16940681	-0.026993
23.17940655	-0.039122
23.1894063	-0.041881
23.19940604	-0.032755
23.20940579	-0.019125
23.21940553	-0.0063041
23.22940527	-0.0011477
23.23940502	-0.011835
23.24940476	-0.0318
23.25940451	-0.038129
23.26940425	-0.02092
23.27940399	-0.00047537
23.28940374	0.0009407
23.29940348	-0.0085661
23.30940323	-0.0050493
23.31940297	0.011734
23.32940271	0.018256
23.33940246	0.0033778
23.3494022	-0.015421
23.35940195	-0.020196
23.36940169	-0.013892
23.37940143	-0.0083326
23.38940118	-0.0042961
23.39940092	0.0029536
23.40940067	0.012373
23.41940041	0.016733
23.42940015	0.012069
23.4393999	0.0014906
23.44939964	-0.005129
23.45939939	0.00012733
23.46939913	0.013434
23.47939887	0.02048
23.48939862	0.014684
23.49939836	0.0041649
23.50939811	-0.0036169
23.51939785	-0.012533
23.52939759	-0.023145
23.53939734	-0.024991
23.54939708	-0.013071
23.55939683	0.0022736
23.56939657	0.010678
23.57939631	0.012843
23.58939606	0.012818
23.5993958	0.011031
23.60939555	0.0087007
23.61939529	0.0063774
23.62939503	0.0015598
23.63939478	-0.0040834
23.64939452	-0.0015873
23.65939427	0.0079598
23.66939401	0.01065
23.67939375	0.0041928
23.6893935	0.0050344
23.69939324	0.017772
23.70939299	0.02407
23.71939273	0.01706
23.72939247	0.01689
23.73939222	0.032881
23.74939196	0.041066
23.75939171	0.022665
23.76939145	-0.0031323
23.77939119	-0.0080309
23.78939094	0.0065099
23.79939068	0.017117
23.80939042	0.011009
23.81939017	-0.004843
23.82938991	-0.013288
23.83938966	-0.0019517
23.8493894	0.021306
23.85938914	0.028309
23.86938889	0.0066838
23.87938863	-0.015786
23.88938838	-0.0072514
23.89938812	0.019819
23.90938786	0.029469
23.91938761	0.01571
23.92938735	0.0023622
23.9393871	-0.0020343
23.94938684	-0.0082306
23.95938658	-0.014098
23.96938633	-0.0043439
23.97938607	0.015846
23.98938582	0.024016
23.99938556	0.014639
24.0093853	0.0014592
24.01938505	-0.0058581
24.02938479	-0.0045534
24.03938454	0.0094247
24.04938428	0.027082
24.05938402	0.025516
24.06938377	0.0021403
24.07938351	-0.013255
24.08938326	-0.001379
24.099383	0.016876
24.10938274	0.017726
24.11938249	0.0088739
24.12938223	0.0096855
24.13938198	0.018309
24.14938172	0.02209
24.15938146	0.017215
24.16938121	0.010206
24.17938095	0.0080731
24.1893807	0.014198
24.19938044	0.020698
24.20938018	0.017121
24.21937993	0.0097832
24.22937967	0.016429
24.23937942	0.030663
24.24937916	0.028051
24.2593789	0.0099788
24.26937865	0.0055018
24.27937839	0.019349
24.28937814	0.025155
24.29937788	0.015141
24.30937762	0.01125
24.31937737	0.019774
24.32937711	0.019758
24.33937686	0.0062217
24.3493766	-0.0012911
24.35937634	0.0023463
24.36937609	-0.0016968
24.37937583	-0.018174
24.38937558	-0.028642
24.39937532	-0.025452
24.40937506	-0.02082
24.41937481	-0.020085
24.42937455	-0.014311
24.4393743	-0.003577
24.44937404	0.00089184
24.45937378	-0.0023788
24.46937353	-0.0012065
24.47937327	0.0073709
24.48937302	0.011573
24.49937276	0.0064231
24.5093725	0.0026892
24.51937225	0.0048512
24.52937199	0.0027634
24.53937174	-0.0084074
24.54937148	-0.016762
24.55937122	-0.014208
24.56937097	-0.0078082
24.57937071	-0.0062042
24.58937046	-0.0059025
24.5993702	-0.0047409
24.60936994	-0.0068923
24.61936969	-0.011282
24.62936943	-0.010271
24.63936918	-0.007416
24.64936892	-0.011764
24.65936866	-0.015345
24.66936841	-0.0038327
24.67936815	0.013039
24.6893679	0.010689
24.69936764	-0.0096782
24.70936738	-0.02272
24.71936713	-0.017193
24.72936687	-0.0063805
24.73936662	-0.000083258
24.74936636	0.0054478
24.7593661	0.011934
24.76936585	0.014595
24.77936559	0.013276
24.78936534	0.010808
24.79936508	0.0051806
24.80936482	-0.0039029
24.81936457	-0.0099115
24.82936431	-0.010072
24.83936406	-0.0079739
24.8493638	-0.0029665
24.85936354	0.0071388
24.86936329	0.01256
24.87936303	0.0024192
24.88936278	-0.013289
24.89936252	-0.015232
24.90936226	-0.0067948
24.91936201	-0.0091995
24.92936175	-0.023015
24.9393615	-0.025942
24.94936124	-0.0092684
24.95936098	0.007321
24.96936073	0.0075233
24.97936047	-0.0025977
24.98936022	-0.01096
24.99935996	-0.018706
25.0093597	-0.028798
25.01935945	-0.03476
25.02935919	-0.029069
25.03935893	-0.016872
25.04935868	-0.0085387
25.05935842	-0.0057957
25.06935817	-0.0004993
25.07935791	0.0088555
25.08935765	0.012157
25.0993574	0.0011138
25.10935714	-0.01787
25.11935689	-0.032445
25.12935663	-0.035569
25.13935637	-0.026279
25.14935612	-0.0069154
25.15935586	0.012336
25.16935561	0.017259
25.17935535	0.008006
25.18935509	0.0014102
25.19935484	0.0039412
25.20935458	0.000034701
25.21935433	-0.01672
25.22935407	-0.025639
25.23935381	-0.012616
25.24935356	0.0013933
25.2593533	-0.005435
25.26935305	-0.015087
25.27935279	0.0021819
25.28935253	0.033538
25.29935228	0.038734
25.30935202	0.013528
25.31935177	-0.004404
25.32935151	0.0043529
25.33935125	0.012952
25.349351	-0.0069573
25.35935074	-0.043442
25.36935049	-0.062194
25.37935023	-0.048474
25.38934997	-0.017859
25.39934972	0.0026541
25.40934946	-0.0013082
25.41934921	-0.018083
25.42934895	-0.020519
25.43934869	0.0012557
25.44934844	0.023255
25.45934818	0.016202
25.46934793	-0.013831
25.47934767	-0.030369
25.48934741	-0.012097
25.49934716	0.0211
25.5093469	0.034034
25.51934665	0.0188
25.52934639	0.0029246
25.53934613	0.014265
25.54934588	0.044031
25.55934562	0.055514
25.56934537	0.029986
25.57934511	-0.010318
25.58934485	-0.032101
25.5993446	-0.028554
25.60934434	-0.015208
25.61934409	-0.0022086
25.62934383	0.012757
25.63934357	0.029547
25.64934332	0.041069
25.65934306	0.042187
25.66934281	0.034595
25.67934255	0.023156
25.68934229	0.013803
25.69934204	0.011989
25.70934178	0.017695
25.71934153	0.022303
25.72934127	0.013887
25.73934101	-0.0084968
25.74934076	-0.029241
25.7593405	-0.030356
25.76934025	-0.014538
25.77933999	-0.0037786
25.78933973	-0.011315
25.79933948	-0.025018
25.80933922	-0.028125
25.81933897	-0.024246
25.82933871	-0.025334
25.83933845	-0.026538
25.8493382	-0.01427
25.85933794	0.0063825
25.86933769	0.014816
25.87933743	0.0049475
25.88933717	-0.0084048
25.89933692	-0.01325
25.90933666	-0.012877
25.91933641	-0.012431
25.92933615	-0.0099307
25.93933589	-0.0053591
25.94933564	-0.0038308
25.95933538	-0.0071224
25.96933513	-0.011373
25.97933487	-0.014986
25.98933461	-0.01796
25.99933436	-0.01729
26.0093341	-0.013667
26.01933385	-0.015824
26.02933359	-0.025425
26.03933333	-0.029241
26.04933308	-0.019517
26.05933282	-0.0093682
26.06933257	-0.012071
26.07933231	-0.019525
26.08933205	-0.017284
26.0993318	-0.0081175
26.10933154	-0.0027983
26.11933129	-0.0001983
26.12933103	0.0052671
26.13933077	0.010526
26.14933052	0.011906
26.15933026	0.012413
26.16933001	0.0111
26.17932975	0.0018146
26.18932949	-0.011455
26.19932924	-0.014598
26.20932898	-0.0049318
26.21932873	0.0030464
26.22932847	0.00091516
26.23932821	-0.0012288
26.24932796	0.0059594
26.2593277	0.015164
26.26932744	0.016746
26.27932719	0.013115
26.28932693	0.010043
26.29932668	0.005341
26.30932642	-0.0038237
26.31932616	-0.011043
26.32932591	-0.0091424
26.33932565	-0.002111
26.3493254	0.00045914
26.35932514	-0.00034925
26.36932488	0.0031168
26.37932463	0.010537
26.38932437	0.013723
26.39932412	0.010996
26.40932386	0.0068988
26.4193236	0.0021727
26.42932335	-0.0039388
26.43932309	-0.0061812
26.44932284	-0.0020175
26.45932258	-0.0018018
26.46932232	-0.012469
26.47932207	-0.019549
26.48932181	-0.0068856
26.49932156	0.012277
26.5093213	0.012774
26.51932104	-0.0012975
26.52932079	-0.0016316
26.53932053	0.017781
26.54932028	0.031111
26.55932002	0.020174
26.56931976	-0.0010203
26.57931951	-0.011402
26.58931925	-0.0092814
26.599319	-0.0052512
26.60931874	-0.0048593
26.61931848	-0.0075871
26.62931823	-0.010288
26.63931797	-0.0064021
26.64931772	0.0082844
26.65931746	0.025708
26.6693172	0.030695
26.67931695	0.021874
26.68931669	0.015262
26.69931644	0.021777
26.70931618	0.03128
26.71931592	0.030924
26.72931567	0.027069
26.73931541	0.032194
26.74931516	0.037803
26.7593149	0.025614
26.76931464	0.0035823
26.77931439	0.0013548
26.78931413	0.02477
26.79931388	0.044142
26.80931362	0.038457
26.81931336	0.022924
26.82931311	0.016214
26.83931285	0.010994
26.8493126	-0.003871
26.85931234	-0.015073
26.86931208	-0.0073577
26.87931183	0.0062849
26.88931157	0.0017055
26.89931132	-0.016835
26.90931106	-0.022371
26.9193108	-0.0057654
26.92931055	0.012036
26.93931029	0.011116
26.94931004	-0.0017852
26.95930978	-0.0082424
26.96930952	-0.0049828
26.97930927	-0.004072
26.98930901	-0.010081
26.99930876	-0.01334
27.0093085	-0.0071454
27.01930824	-0.00063821
27.02930799	-0.0038607
27.03930773	-0.01074
27.04930748	-0.0065078
27.05930722	0.010214
27.06930696	0.026398
27.07930671	0.03002
27.08930645	0.022303
27.0993062	0.013301
27.10930594	0.012162
27.11930568	0.018705
27.12930543	0.025008
27.13930517	0.025022
27.14930492	0.02041
27.15930466	0.014752
27.1693044	0.0074936
27.17930415	-0.00073546
27.18930389	-0.0061411
27.19930364	-0.0089396
27.20930338	-0.013524
27.21930312	-0.014887
27.22930287	-0.0039041
27.23930261	0.011347
27.24930236	0.0098961
27.2593021	-0.0078272
27.26930184	-0.016908
27.27930159	-0.0061576
27.28930133	0.0052995
27.29930108	0.0010618
27.30930082	-0.0071223
27.31930056	-0.0027134
27.32930031	0.0088296
27.33930005	0.011188
27.3492998	0.0020957
27.35929954	-0.0070904
27.36929928	-0.0051942
27.37929903	0.0087904
27.38929877	0.023471
27.39929852	0.022208
27.40929826	0.001897
27.419298	-0.017966
27.42929775	-0.016939
27.43929749	-0.0016398
27.44929724	0.0024418
27.45929698	-0.012035
27.46929672	-0.024973
27.47929647	-0.020419
27.48929621	-0.01082
27.49929595	-0.014158
27.5092957	-0.024436
27.51929544	-0.024137
27.52929519	-0.014237
27.53929493	-0.0081641
27.54929467	-0.0067758
27.55929442	-0.0020754
27.56929416	0.00284
27.57929391	-0.0018876
27.58929365	-0.011511
27.59929339	-0.012234
27.60929314	-0.0028544
27.61929288	0.0050032
27.62929263	0.0061334
27.63929237	0.0031482
27.64929211	-0.001971
27.65929186	-0.0094821
27.6692916	-0.017334
27.67929135	-0.022683
27.68929109	-0.020511
27.69929083	-0.0076978
27.70929058	0.0082137
27.71929032	0.012216
27.72929007	0.0042117
27.73928981	0.0028701
27.74928955	0.016639
27.7592893	0.028706
27.76928904	0.025208
27.77928879	0.017479
27.78928853	0.016999
27.79928827	0.013211
27.80928802	-0.0014046
27.81928776	-0.010491
27.82928751	-0.0017893
27.83928725	0.0097655
27.84928699	0.0086917
27.85928674	0.0044185
27.86928648	0.0097431
27.87928623	0.01655
27.88928597	0.012289
27.89928571	0.0036308
27.90928546	0.0026435
27.9192852	0.00633
27.92928495	0.0061878
27.93928469	0.0045761
27.94928443	0.0071855
27.95928418	0.012672
27.96928392	0.017891
27.97928367	0.02175
27.98928341	0.021805
27.99928315	0.016659
28.0092829	0.010691
28.01928264	0.0063081
28.02928239	-0.0011159
28.03928213	-0.011446
28.04928187	-0.013496
28.05928162	-0.0038175
28.06928136	0.0033549
28.07928111	-0.0011312
28.08928085	-0.0036642
28.09928059	0.0091767
28.10928034	0.02543
28.11928008	0.024612
28.12927983	0.0081749
28.13927957	-0.0034936
28.14927931	0.00084818
28.15927906	0.012392
28.1692788	0.013446
28.17927855	-0.0021998
28.18927829	-0.021035
28.19927803	-0.02203
28.20927778	-0.0030109
28.21927752	0.016084
28.22927727	0.018273
28.23927701	0.0090462
28.24927675	0.0020631
28.2592765	0.0011336
28.26927624	0.0038278
28.27927599	0.009701
28.28927573	0.015173
28.29927547	0.013039
28.30927522	0.0026218
28.31927496	-0.0091325
28.32927471	-0.014957
28.33927445	-0.010191
28.34927419	0.0063865
28.35927394	0.024653
28.36927368	0.028871
28.37927343	0.016469
28.38927317	0.0036224
28.39927291	0.0024979
28.40927266	0.0082954
28.4192724	0.011213
28.42927215	0.0094577
28.43927189	0.0037293
28.44927163	-0.006847
28.45927138	-0.017461
28.46927112	-0.020135
28.47927087	-0.015779
28.48927061	-0.014317
28.49927035	-0.017895
28.5092701	-0.017478
28.51926984	-0.0068615
28.52926959	0.0059618
28.53926933	0.0065001
28.54926907	-0.0092811
28.55926882	-0.028394
28.56926856	-0.035347
28.57926831	-0.030043
28.58926805	-0.024755
28.59926779	-0.025879
28.60926754	-0.029904
28.61926728	-0.032571
28.62926703	-0.032241
28.63926677	-0.025694
28.64926651	-0.014932
28.65926626	-0.011449
28.669266	-0.021094
28.67926575	-0.029492
28.68926549	-0.021999
28.69926523	-0.0074172
28.70926498	-0.0040381
28.71926472	-0.0089987
28.72926446	-0.0074939
28.73926421	-0.0001659
28.74926395	0.00013212
28.7592637	-0.0058474
28.76926344	-0.0075209
28.77926318	-0.0061341
28.78926293	-0.014624
28.79926267	-0.036438
28.80926242	-0.059075
28.81926216	-0.066655
28.8292619	-0.0538
28.83926165	-0.031884
28.84926139	-0.020526
28.85926114	-0.025705
28.86926088	-0.02845
28.87926062	-0.012798
28.88926037	0.0064078
28.89926011	0.002695
28.90925986	-0.019208
28.9192596	-0.028695
28.92925934	-0.013991
28.93925909	0.0046589
28.94925883	0.0097879
28.95925858	0.0089766
28.96925832	0.012427
28.97925806	0.013756
28.98925781	0.0070477
28.99925755	0.0041938
29.0092573	0.016182
29.01925704	0.029202
29.02925678	0.021527
29.03925653	-0.002207
29.04925627	-0.013248
29.05925602	0.00077171
29.06925576	0.017694
29.0792555	0.011075
29.08925525	-0.013931
29.09925499	-0.027822
29.10925474	-0.012906
29.11925448	0.01728
29.12925422	0.032858
29.13925397	0.018051
29.14925371	-0.012749
29.15925346	-0.031411
29.1692532	-0.028168
29.17925294	-0.018417
29.18925269	-0.016554
29.19925243	-0.015418
29.20925218	-0.0036409
29.21925192	0.010363
29.22925166	0.0090725
29.23925141	-0.003256
29.24925115	-0.0042596
29.2592509	0.012682
29.26925064	0.02668
29.27925038	0.01823
29.28925013	-0.0047867
29.29924987	-0.017812
29.30924962	-0.008954
29.31924936	0.0092786
29.3292491	0.016318
29.33924885	0.0048723
29.34924859	-0.011531
29.35924834	-0.015233
29.36924808	-0.0043709
29.37924782	0.0044101
29.38924757	-0.0011591
29.39924731	-0.013977
29.40924706	-0.017278
29.4192468	-0.0076481
29.42924654	0.0023166
29.43924629	0.0021048
29.44924603	-0.001964
29.45924578	0.004114
29.46924552	0.020903
29.47924526	0.031086
29.48924501	0.021487
29.49924475	0.0024636
29.5092445	-0.0051663
29.51924424	0.0016186
29.52924398	0.0076505
29.53924373	0.0064114
29.54924347	0.0087705
29.55924322	0.019039
29.56924296	0.023242
29.5792427	0.01158
29.58924245	-0.004322
29.59924219	-0.011585
29.60924194	-0.014639
29.61924168	-0.020118
29.62924142	-0.016976
29.63924117	0.004454
29.64924091	0.027849
29.65924066	0.028432
29.6692404	0.0099129
29.67924014	-0.0023184
29.68923989	0.00017769
29.69923963	0.0022839
29.70923938	-0.0043106
29.71923912	-0.010225
29.72923886	-0.0099842
29.73923861	-0.010456
29.74923835	-0.012625
29.7592381	-0.0077771
29.76923784	0.0038551
29.77923758	0.010691
29.78923733	0.011074
29.79923707	0.014244
29.80923682	0.019282
29.81923656	0.013667
29.8292363	-0.0028899
29.83923605	-0.01471
29.84923579	-0.012865
29.85923554	-0.0053384
29.86923528	-0.00095506
29.87923502	-0.00064625
29.88923477	-0.005166
29.89923451	-0.015476
29.90923425	-0.024808
29.919234	-0.025285
29.92923374	-0.021293
29.93923349	-0.02314
29.94923323	-0.029182
29.95923297	-0.02609
29.96923272	-0.01045
29.97923246	0.0027193
29.98923221	-0.0014379
29.99923195	-0.017645
30.00923169	-0.028037
30.01923144	-0.024761
30.02923118	-0.015226
30.03923093	-0.0068901
30.04923067	0.0026598
30.05923041	0.015656
30.06923016	0.024656
30.0792299	0.021412
30.08922965	0.0095406
30.09922939	0.00039904
30.10922913	0.000057397
30.11922888	0.0058488
30.12922862	0.011152
30.13922837	0.010779
30.14922811	0.0051288
30.15922785	-0.0012774
30.1692276	-0.0056413
30.17922734	-0.008083
30.18922709	-0.0069258
30.19922683	0.00025875
30.20922657	0.010907
30.21922632	0.017576
30.22922606	0.018114
30.23922581	0.016724
30.24922555	0.017364
30.25922529	0.018559
30.26922504	0.019137
30.27922478	0.017165
30.28922453	0.011922
30.29922427	0.0084934
30.30922401	0.016468
30.31922376	0.032733
30.3292235	0.040076
30.33922325	0.029892
30.34922299	0.016002
30.35922273	0.013908
30.36922248	0.019523
30.37922222	0.020276
30.38922197	0.015752
30.39922171	0.013999
30.40922145	0.016425
30.4192212	0.02004
30.42922094	0.025286
30.43922069	0.031383
30.44922043	0.031308
30.45922017	0.023444
30.46921992	0.018712
30.47921966	0.026176
30.48921941	0.037068
30.49921915	0.036107
30.50921889	0.024134
30.51921864	0.016283
30.52921838	0.019182
30.53921813	0.023802
30.54921787	0.022714
30.55921761	0.01919
30.56921736	0.01789
30.5792171	0.016605
30.58921685	0.013202
30.59921659	0.011128
30.60921633	0.012936
30.61921608	0.014084
30.62921582	0.01139
30.63921557	0.0092867
30.64921531	0.011349
30.65921505	0.013557
30.6692148	0.011988
30.67921454	0.0090034
30.68921429	0.0093066
30.69921403	0.01371
30.70921377	0.019111
30.71921352	0.021635
30.72921326	0.019941
30.73921301	0.015869
30.74921275	0.01299
30.75921249	0.011032
30.76921224	0.005828
30.77921198	-0.0033087
30.78921173	-0.010729
30.79921147	-0.012998
30.80921121	-0.013642
30.81921096	-0.015589
30.8292107	-0.015726
30.83921045	-0.010451
30.84921019	-0.0026472
30.85920993	0.0021439
30.86920968	0.0027577
30.87920942	0.0016902
30.88920917	-0.000081745
30.89920891	-0.0040855
30.90920865	-0.009445
30.9192084	-0.010431
30.92920814	-0.0023206
30.93920789	0.0094214
30.94920763	0.012476
30.95920737	0.0031157
30.96920712	-0.0076155
30.97920686	-0.0086925
30.98920661	-0.0028455
30.99920635	0.00052226
31.00920609	-0.00019625
31.01920584	0.0004818
31.02920558	0.0041489
31.03920533	0.0061154
31.04920507	0.0018507
31.05920481	-0.0068124
31.06920456	-0.013036
31.0792043	-0.010658
31.08920405	-0.0042128
31.09920379	-0.0054628
31.10920353	-0.016766
31.11920328	-0.023576
31.12920302	-0.015691
31.13920276	-0.0031867
31.14920251	-0.0017972
31.15920225	-0.0089975
31.169202	-0.011414
31.17920174	-0.0079091
31.18920148	-0.010678
31.19920123	-0.023292
31.20920097	-0.034101
31.21920072	-0.031152
31.22920046	-0.018039
31.2392002	-0.0093744
31.24919995	-0.013396
31.25919969	-0.021525
31.26919944	-0.021004
31.27919918	-0.011545
31.28919892	-0.0026286
31.29919867	0.0016497
31.30919841	0.0036725
31.31919816	0.0022452
31.3291979	-0.0054707
31.33919764	-0.014218
31.34919739	-0.015346
31.35919713	-0.0086714
31.36919688	-0.00028818
31.37919662	0.0055014
31.38919636	0.0045991
31.39919611	-0.0055918
31.40919585	-0.017129
31.4191956	-0.016775
31.42919534	-0.0068286
31.43919508	-0.0020906
31.44919483	-0.0051338
31.45919457	-0.0036905
31.46919432	0.0027067
31.47919406	-0.00028263
31.4891938	-0.016029
31.49919355	-0.026475
31.50919329	-0.017827
31.51919304	0.00039518
31.52919278	0.0073624
31.53919252	-0.0035931
31.54919227	-0.018564
31.55919201	-0.018237
31.56919176	-0.001886
31.5791915	0.0097451
31.58919124	0.0010894
31.59919099	-0.014568
31.60919073	-0.013529
31.61919048	0.0039538
31.62919022	0.015217
31.63918996	0.0077825
31.64918971	-0.0057183
31.65918945	-0.0080136
31.6691892	0.0015262
31.67918894	0.0079063
31.68918868	-0.00027068
31.69918843	-0.017568
31.70918817	-0.026868
31.71918792	-0.02073
31.72918766	-0.0098739
31.7391874	-0.0065569
31.74918715	-0.007812
31.75918689	-0.0035056
31.76918664	0.0053746
31.77918638	0.0083164
31.78918612	-0.00014619
31.79918587	-0.012801
31.80918561	-0.017581
31.81918536	-0.008228
31.8291851	0.0078785
31.83918484	0.015953
31.84918459	0.011935
31.85918433	0.007931
31.86918408	0.011999
31.87918382	0.013493
31.88918356	0.0019802
31.89918331	-0.011469
31.90918305	-0.0099036
31.9191828	0.0013241
31.92918254	0.0028661
31.93918228	-0.0068071
31.94918203	-0.010544
31.95918177	-0.001329
31.96918152	0.009339
31.97918126	0.012872
31.989181	0.013687
31.99918075	0.013677
32.00918049	0.0064776
32.01918024	-0.0070594
32.02917998	-0.012347
32.03917972	-0.0022101
32.04917947	0.0093666
32.05917921	0.0055952
32.06917896	-0.0087933
32.0791787	-0.015321
32.08917844	-0.0076294
32.09917819	0.003749
32.10917793	0.0092828
32.11917768	0.011036
32.12917742	0.011482
32.13917716	0.0062677
32.14917691	-0.0061034
32.15917665	-0.01469
32.1691764	-0.0092611
32.17917614	0.0030257
32.18917588	0.0039199
32.19917563	-0.01102
32.20917537	-0.026092
32.21917512	-0.026793
32.22917486	-0.017976
32.2391746	-0.013262
32.24917435	-0.015913
32.25917409	-0.017886
32.26917384	-0.013629
32.27917358	-0.0068591
32.28917332	-0.0046563
32.29917307	-0.0087949
32.30917281	-0.012517
32.31917256	-0.0062975
32.3291723	0.0088174
32.33917204	0.017628
32.34917179	0.0098178
32.35917153	-0.0024178
32.36917127	0.000025862
32.37917102	0.015589
32.38917076	0.024532
32.39917051	0.017699
32.40917025	0.0065818
32.41916999	0.0046716
32.42916974	0.012164
32.43916948	0.022129
32.44916923	0.028436
32.45916897	0.026632
32.46916871	0.017505
32.47916846	0.0094491
32.4891682	0.0090618
32.49916795	0.011829
32.50916769	0.0092182
32.51916743	0.0022249
32.52916718	-0.0012084
32.53916692	0.00026836
32.54916667	0.000057128
32.55916641	-0.0036818
32.56916615	-0.0050529
32.5791659	0.00032833
32.58916564	0.0088997
32.59916539	0.014166
32.60916513	0.013051
32.61916487	0.0081084
32.62916462	0.0048228
32.63916436	0.0065365
32.64916411	0.0087688
32.65916385	0.0034376
32.66916359	-0.0085271
32.67916334	-0.015849
32.68916308	-0.012358
32.69916283	-0.0050338
32.70916257	-0.00075828
32.71916231	0.0022973
32.72916206	0.0047672
32.7391618	0.0005381
32.74916155	-0.008982
32.75916129	-0.010723
32.76916103	-0.0022183
32.77916078	0.00068074
32.78916052	-0.01082
32.79916027	-0.020413
32.80916001	-0.013262
32.81915975	-0.00085655
32.8291595	-0.0029181
32.83915924	-0.015597
32.84915899	-0.020425
32.85915873	-0.013816
32.86915847	-0.0076801
32.87915822	-0.0082773
32.88915796	-0.011797
32.89915771	-0.016088
32.90915745	-0.020502
32.91915719	-0.01979
32.92915694	-0.010504
32.93915668	-0.0006428
32.94915643	0.00032265
32.95915617	-0.004225
32.96915591	-0.004866
32.97915566	-0.002887
32.9891554	-0.0062977
32.99915515	-0.014922
33.00915489	-0.020411
33.01915463	-0.017887
33.02915438	-0.0093261
33.03915412	0.00025776
33.04915387	0.0052456
33.05915361	0.0036216
33.06915335	0.0015944
33.0791531	0.0057886
33.08915284	0.010718
33.09915259	0.0053877
33.10915233	-0.0065087
33.11915207	-0.010406
33.12915182	-0.0050236
33.13915156	-0.0037863
33.14915131	-0.0094235
33.15915105	-0.0091595
33.16915079	0.00039782
33.17915054	0.0055228
33.18915028	-0.0012304
33.19915003	-0.0095445
33.20914977	-0.0095872
33.21914951	-0.0059657
33.22914926	-0.0047749
33.239149	-0.0034852
33.24914875	0.0010667
33.25914849	0.0046636
33.26914823	0.0042874
33.27914798	0.0029135
33.28914772	0.0032961
33.29914747	0.003953
33.30914721	0.0043984
33.31914695	0.0074677
33.3291467	0.012539
33.33914644	0.012469
33.34914619	0.00058906
33.35914593	-0.01785
33.36914567	-0.027189
33.37914542	-0.016519
33.38914516	0.0045493
33.39914491	0.01398
33.40914465	0.0031055
33.41914439	-0.01229
33.42914414	-0.013571
33.43914388	-0.0028273
33.44914363	0.0030533
33.45914337	-0.0032084
33.46914311	-0.01184
33.47914286	-0.011078
33.4891426	-0.00084024
33.49914235	0.0097246
33.50914209	0.012205
33.51914183	0.0059131
33.52914158	-0.0014108
33.53914132	-0.0010283
33.54914107	0.0070993
33.55914081	0.013131
33.56914055	0.0098419
33.5791403	0.0023221
33.58914004	0.00011741
33.59913978	0.0037867
33.60913953	0.0058512
33.61913927	0.0016931
33.62913902	-0.0065514
33.63913876	-0.01337
33.6491385	-0.013394
33.65913825	-0.0053795
33.66913799	0.0039369
33.67913774	0.0056483
33.68913748	0.002047
33.69913722	0.0033515
33.70913697	0.0094898
33.71913671	0.0091578
33.72913646	0.0012409
33.7391362	-0.0013013
33.74913594	0.0055217
33.75913569	0.0089303
33.76913543	0.0021509
33.77913518	-0.0043177
33.78913492	-0.0013215
33.79913466	0.0069489
33.80913441	0.014838
33.81913415	0.021346
33.8291339	0.023894
33.83913364	0.019489
33.84913338	0.013323
33.85913313	0.012407
33.86913287	0.015203
33.87913262	0.016271
33.88913236	0.01604
33.8991321	0.015605
33.90913185	0.012136
33.91913159	0.0063016
33.92913134	0.0039007
33.93913108	0.0050046
33.94913082	0.0046437
33.95913057	0.0045108
33.96913031	0.009681
33.97913006	0.015155
33.9891298	0.012689
33.99912954	0.0072549
34.00912929	0.0091985
34.01912903	0.014749
34.02912878	0.01298
34.03912852	0.0057869
34.04912826	0.0033449
34.05912801	0.0057769
34.06912775	0.0058716
34.0791275	0.0039576
34.08912724	0.0059482
34.09912698	0.010556
34.10912673	0.011648
34.11912647	0.0088764
34.12912622	0.0068082
34.13912596	0.0061979
34.1491257	0.005709
34.15912545	0.005739
34.16912519	0.0075679
34.17912494	0.010685
34.18912468	0.014166
34.19912442	0.015743
34.20912417	0.01314
34.21912391	0.0080677
34.22912366	0.0055266
34.2391234	0.0062366
34.24912314	0.0058719
34.25912289	0.0042444
34.26912263	0.0058224
34.27912238	0.0079035
34.28912212	0.0014277
34.29912186	-0.011844
34.30912161	-0.016734
34.31912135	-0.0083286
34.3291211	-0.0012524
34.33912084	-0.0067033
34.34912058	-0.01435
34.35912033	-0.01185
34.36912007	-0.0044512
34.37911982	-0.0010073
34.38911956	0.004028
34.3991193	0.016112
34.40911905	0.022459
34.41911879	0.0089134
34.42911854	-0.014247
34.43911828	-0.024007
34.44911802	-0.016702
34.45911777	-0.0076488
34.46911751	-0.004124
34.47911726	-0.0010353
34.489117	0.0017903
34.49911674	-0.00092448
34.50911649	-0.0050414
34.51911623	-0.0020712
34.52911598	0.0052996
34.53911572	0.0069613
34.54911546	0.0017054
34.55911521	-0.0046498
34.56911495	-0.010441
34.5791147	-0.016004
34.58911444	-0.016835
34.59911418	-0.011116
34.60911393	-0.006443
34.61911367	-0.0076161
34.62911342	-0.007553
34.63911316	-0.00016824
34.6491129	0.0076299
34.65911265	0.0083115
34.66911239	0.0054105
34.67911214	0.0056654
34.68911188	0.0079518
34.69911162	0.0073368
34.70911137	0.0039343
34.71911111	0.0020471
34.72911086	0.0034808
34.7391106	0.0050891
34.74911034	0.0035164
34.75911009	0.00025666
34.76910983	0.00029224
34.77910958	0.0050609
34.78910932	0.0079569
34.79910906	0.0046772
34.80910881	0.0013401
34.81910855	0.0055696
34.82910829	0.011709
34.83910804	0.00933
34.84910778	-0.00068571
34.85910753	-0.0081265
34.86910727	-0.0099493
34.87910701	-0.01159
34.88910676	-0.014836
34.8991065	-0.013562
34.90910625	-0.0048006
34.91910599	0.0054977
34.92910573	0.0099021
34.93910548	0.008645
34.94910522	0.0072631
34.95910497	0.0089707
34.96910471	0.010789
34.97910445	0.0076561
34.9891042	-0.0009292
34.99910394	-0.010092
35.00910369	-0.014386
35.01910343	-0.010959
35.02910317	-0.00073015
35.03910292	0.009727
35.04910266	0.012849
35.05910241	0.0099449
35.06910215	0.010395
35.07910189	0.017764
35.08910164	0.023763
35.09910138	0.021094
35.10910113	0.012102
35.11910087	0.002118
35.12910061	-0.0071439
35.13910036	-0.011219
35.1491001	-0.0052155
35.15909985	0.0062505
35.16909959	0.01168
35.17909933	0.008907
35.18909908	0.0048616
35.19909882	0.0017542
35.20909857	-0.0035594
35.21909831	-0.0069951
35.22909805	-0.0019213
35.2390978	0.0061406
35.24909754	0.004864
35.25909729	-0.0043369
35.26909703	-0.0090443
35.27909677	-0.0058511
35.28909652	-0.0034954
35.29909626	-0.0057443
35.30909601	-0.0069185
35.31909575	-0.0046144
35.32909549	-0.0030863
35.33909524	-0.0033827
35.34909498	-0.001045
35.35909473	0.0031112
35.36909447	0.0031333
35.37909421	-0.0015045
35.38909396	-0.0029409
35.3990937	0.00093615
35.40909345	0.0032246
35.41909319	-0.00013531
35.42909293	-0.0034722
35.43909268	-0.0031482
35.44909242	-0.0023656
35.45909217	-0.0027394
35.46909191	-0.0014847
35.47909165	-0.001517
35.4890914	-0.0095682
35.49909114	-0.021163
35.50909089	-0.022707
35.51909063	-0.013652
35.52909037	-0.009202
35.53909012	-0.015111
35.54908986	-0.018982
35.55908961	-0.013153
35.56908935	-0.0084679
35.57908909	-0.01488
35.58908884	-0.025218
35.59908858	-0.028106
35.60908833	-0.02475
35.61908807	-0.02406
35.62908781	-0.028214
35.63908756	-0.032204
35.6490873	-0.03172
35.65908705	-0.028268
35.66908679	-0.025206
35.67908653	-0.023218
35.68908628	-0.019592
35.69908602	-0.014872
35.70908577	-0.014835
35.71908551	-0.022029
35.72908525	-0.027655
35.739085	-0.021375
35.74908474	-0.0065221
35.75908449	0.0021283
35.76908423	-0.0016738
35.77908397	-0.0077708
35.78908372	-0.0047263
35.79908346	0.0044454
35.80908321	0.0087109
35.81908295	0.0065054
35.82908269	0.0062032
35.83908244	0.010319
35.84908218	0.010345
35.85908193	0.0032904
35.86908167	-0.002007
35.87908141	-0.0015647
35.88908116	-0.0048132
35.8990809	-0.01443
35.90908065	-0.015386
35.91908039	0.0011883
35.92908013	0.017998
35.93907988	0.014479
35.94907962	-0.0016122
35.95907937	-0.0065428
35.96907911	0.0055017
35.97907885	0.017821
35.9890786	0.016227
35.99907834	0.0030702
36.00907808	-0.0089896
36.01907783	-0.010611
36.02907757	-0.0037929
36.03907732	0.0013305
36.04907706	0.00029483
36.0590768	0.00085891
36.06907655	0.0087448
36.07907629	0.015779
36.08907604	0.01287
36.09907578	0.0068136
36.10907552	0.0094328
36.11907527	0.01818
36.12907501	0.020587
36.13907476	0.012633
36.1490745	0.0025237
36.15907424	-0.0008681
36.16907399	0.0046752
36.17907373	0.014236
36.18907348	0.01964
36.19907322	0.016814
36.20907296	0.011453
36.21907271	0.010945
36.22907245	0.013685
36.2390722	0.012542
36.24907194	0.006766
36.25907168	0.0026016
36.26907143	0.0040873
36.27907117	0.0086189
36.28907092	0.011268
36.29907066	0.010587
36.3090704	0.0092392
36.31907015	0.010102
36.32906989	0.011848
36.33906964	0.0096651
36.34906938	0.0033459
36.35906912	-0.00027583
36.36906887	0.0041085
36.37906861	0.011283
36.38906836	0.012156
36.3990681	0.0050608
36.40906784	-0.0016282
36.41906759	0.0010843
36.42906733	0.012086
36.43906708	0.020689
36.44906682	0.018268
36.45906656	0.0080525
36.46906631	-0.000018356
36.47906605	-0.0011511
36.4890658	0.00057499
36.49906554	0.00019834
36.50906528	-0.0029193
36.51906503	-0.0061685
36.52906477	-0.0070062
36.53906452	-0.0049084
36.54906426	-0.0037872
36.559064	-0.0068785
36.56906375	-0.011019
36.57906349	-0.010737
36.58906324	-0.0078138
36.59906298	-0.0090162
36.60906272	-0.014453
36.61906247	-0.017146
36.62906221	-0.012938
36.63906196	-0.005459
36.6490617	0.0004146
36.65906144	0.0014251
36.66906119	-0.0027803
36.67906093	-0.0082626
36.68906068	-0.0095395
36.69906042	-0.0090437
36.70906016	-0.013751
36.71905991	-0.021312
36.72905965	-0.020057
36.7390594	-0.0088745
36.74905914	-0.00076981
36.75905888	-0.0018474
36.76905863	-0.0022079
36.77905837	0.0025181
36.78905812	0.0021699
36.79905786	-0.0074996
36.8090576	-0.012811
36.81905735	-0.005454
36.82905709	0.0024525
36.83905684	-0.00025994
36.84905658	-0.003976
36.85905632	0.0019406
36.86905607	0.0079887
36.87905581	0.0031292
36.88905556	-0.0027741
36.8990553	0.0035684
36.90905504	0.013937
36.91905479	0.011266
36.92905453	-0.002531
36.93905428	-0.011916
36.94905402	-0.01113
36.95905376	-0.0069129
36.96905351	-0.0022449
36.97905325	0.0038435
36.989053	0.007264
36.99905274	0.0026342
37.00905248	-0.0067476
37.01905223	-0.012239
37.02905197	-0.0089004
37.03905172	0.0020585
37.04905146	0.014556
37.0590512	0.018725
37.06905095	0.0096973
37.07905069	-0.0045116
37.08905044	-0.0097097
37.09905018	-0.0027264
37.10904992	0.008199
37.11904967	0.015134
37.12904941	0.015454
37.13904916	0.0081855
37.1490489	-0.0028649
37.15904864	-0.006768
37.16904839	0.0015013
37.17904813	0.010471
37.18904788	0.0067623
37.19904762	-0.0031911
37.20904736	-0.0036157
37.21904711	0.0056032
37.22904685	0.0096986
37.23904659	0.0033088
37.24904634	-0.0030667
37.25904608	-0.0010099
37.26904583	0.0033092
37.27904557	-0.00045653
37.28904531	-0.011098
37.29904506	-0.016827
37.3090448	-0.010778
37.31904455	-0.0020378
37.32904429	-0.0045414
37.33904403	-0.015203
37.34904378	-0.015017
37.35904352	0.0019207
37.36904327	0.017562
37.37904301	0.017103
37.38904275	0.0096108
37.3990425	0.007262
37.40904224	0.0054825
37.41904199	-0.00080235
37.42904173	-0.0019169
37.43904147	0.006761
37.44904122	0.011162
37.45904096	0.0026272
37.46904071	-0.0051277
37.47904045	-0.00042854
37.48904019	0.0052833
37.49903994	-0.00065708
37.50903968	-0.0091959
37.51903943	-0.0054059
37.52903917	0.0081541
37.53903891	0.018359
37.54903866	0.017905
37.5590384	0.0077763
37.56903815	-0.0060177
37.57903789	-0.013573
37.58903763	-0.0095601
37.59903738	-0.0010696
37.60903712	0.002747
37.61903687	0.0030701
37.62903661	0.0046774
37.63903635	0.0042693
37.6490361	-0.00051604
37.65903584	-0.0025578
37.66903559	0.0037885
37.67903533	0.010347
37.68903507	0.0075328
37.69903482	-0.00045073
37.70903456	-0.0029932
37.71903431	-0.00018105
37.72903405	0.00008393
37.73903379	-0.0039734
37.74903354	-0.0059027
37.75903328	-0.0013131
37.76903303	0.0075003
37.77903277	0.015889
37.78903251	0.020729
37.79903226	0.019334
37.809032	0.010496
37.81903175	-0.00086813
37.82903149	-0.0039699
37.83903123	0.0065217
37.84903098	0.020231
37.85903072	0.019113
37.86903047	0.00044459
37.87903021	-0.015873
37.88902995	-0.011792
37.8990297	0.0048387
37.90902944	0.01212
37.91902919	0.0051031
37.92902893	-0.0025816
37.93902867	-0.0024234
37.94902842	-0.00028842
37.95902816	0.0012922
37.96902791	0.0073405
37.97902765	0.015256
37.98902739	0.011186
37.99902714	-0.006592
38.00902688	-0.020375
38.01902663	-0.014691
38.02902637	0.0043273
38.03902611	0.019659
38.04902586	0.020728
38.0590256	0.0096882
38.06902535	-0.0027186
38.07902509	-0.0046147
38.08902483	0.0033808
38.09902458	0.0083215
38.10902432	0.0023662
38.11902407	-0.0047023
38.12902381	-0.0034347
38.13902355	0.00085893
38.1490233	-0.00080132
38.15902304	-0.0046896
38.16902279	-0.0042466
38.17902253	-0.0022583
38.18902227	-0.0035996
38.19902202	-0.0047172
38.20902176	-0.0021052
38.21902151	-0.00019144
38.22902125	-0.0025108
38.23902099	-0.0045314
38.24902074	-0.0035821
38.25902048	-0.003816
38.26902023	-0.00684
38.27901997	-0.0061273
38.28901971	0.0017688
38.29901946	0.010016
38.3090192	0.0096109
38.31901895	0.00074535
38.32901869	-0.0093255
38.33901843	-0.014174
38.34901818	-0.012416
38.35901792	-0.0073098
38.36901767	-0.0036904
38.37901741	-0.0034354
38.38901715	-0.0047048
38.3990169	-0.0051271
38.40901664	-0.0044513
38.41901639	-0.0039927
38.42901613	-0.0046649
38.43901587	-0.0056754
38.44901562	-0.0047282
38.45901536	-0.00017401
38.4690151	0.0053191
38.47901485	0.0052422
38.48901459	-0.0024525
38.49901434	-0.010169
38.50901408	-0.008138
38.51901382	0.0034903
38.52901357	0.013371
38.53901331	0.011156
38.54901306	-0.00060294
38.5590128	-0.0075555
38.56901254	-0.00064275
38.57901229	0.01205
38.58901203	0.013576
38.59901178	0.0021917
38.60901152	-0.0067357
38.61901126	-0.0040431
38.62901101	-0.0024336
38.63901075	-0.012631
38.6490105	-0.022748
38.65901024	-0.017385
38.66900998	-0.0058021
38.67900973	-0.0048612
38.68900947	-0.0084739
38.69900922	-0.00010221
38.70900896	0.013933
38.7190087	0.013448
38.72900845	-0.00043336
38.73900819	-0.0085589
38.74900794	-0.0064709
38.75900768	-0.0050125
38.76900742	-0.0053703
38.77900717	0.00038615
38.78900691	0.0088993
38.79900666	0.0096539
38.8090064	0.0038093
38.81900614	0.00023091
38.82900589	-0.00049764
38.83900563	-0.0032432
38.84900538	-0.0065716
38.85900512	-0.007372
38.86900486	-0.0053484
38.87900461	0.0014767
38.88900435	0.012762
38.8990041	0.015222
38.90900384	-0.0016979
38.91900358	-0.021461
38.92900333	-0.017117
38.93900307	0.0057644
38.94900282	0.014758
38.95900256	0.0015006
38.9690023	-0.0072192
38.97900205	0.0028936
38.98900179	0.011749
38.99900154	0.0036923
39.00900128	-0.0066121
39.01900102	-0.004536
39.02900077	-0.00073419
39.03900051	-0.0057121
39.04900026	-0.0073645
39.059	0.0039501
