0	0
0.009999744	-0.000010285
0.019999488	-0.000018568
0.029999232	-0.000024073
0.039998976	-0.000026518
0.04999872	-0.000025528
0.059998464	-0.000020436
0.069998208	-0.000011059
0.079997952	1.6399E-06
0.089997696	0.000016248
0.09999744	0.000032093
0.109997184	0.000049101
0.119996928	0.000066649
0.129996672	0.0000834
0.139996416	0.00009847
0.14999616	0.00011216
0.159995904	0.00012526
0.169995648	0.00013823
0.179995392	0.00015116
0.189995136	0.00016419
0.19999488	0.00017724
0.209994624	0.0001899
0.219994368	0.00020221
0.229994112	0.00021512
0.239993856	0.00022932
0.2499936	0.00024402
0.259993344	0.00025769
0.269993088	0.00026989
0.279992832	0.00028169
0.289992576	0.00029428
0.29999232	0.00030798
0.309992063	0.00032252
0.319991807	0.00033751
0.329991551	0.00035237
0.339991295	0.00036659
0.349991039	0.00038009
0.359990783	0.00039319
0.369990527	0.00040631
0.379990271	0.00041983
0.389990015	0.0004341
0.399989759	0.00044927
0.409989503	0.00046529
0.419989247	0.00048238
0.429988991	0.00050114
0.439988735	0.00052215
0.449988479	0.0005456
0.459988223	0.00057141
0.469987967	0.00059945
0.479987711	0.00062947
0.489987455	0.00066104
0.499987199	0.00069364
0.509986943	0.00072712
0.519986687	0.00076163
0.529986431	0.00079727
0.539986175	0.00083368
0.549985919	0.00087049
0.559985663	0.00090795
0.569985407	0.00094652
0.579985151	0.00098607
0.589984895	0.001026
0.599984639	0.0010666
0.609984383	0.0011089
0.619984127	0.0011534
0.629983871	0.0011989
0.639983615	0.0012434
0.649983359	0.001285
0.659983103	0.0013233
0.669982847	0.0013594
0.679982591	0.0013962
0.689982335	0.0014363
0.699982079	0.0014795
0.709981823	0.0015229
0.719981567	0.0015634
0.729981311	0.0016006
0.739981055	0.0016364
0.749980799	0.0016731
0.759980543	0.001712
0.769980287	0.0017532
0.779980031	0.0017959
0.789979775	0.0018388
0.799979519	0.0018812
0.809979263	0.0019241
0.819979007	0.00197
0.829978751	0.0020216
0.839978495	0.0020786
0.849978239	0.0021376
0.859977983	0.0021937
0.869977727	0.0022447
0.879977471	0.002291
0.889977215	0.0023335
0.899976959	0.0023716
0.909976703	0.0024043
0.919976446	0.002432
0.92997619	0.0024558
0.939975934	0.0024767
0.949975678	0.0024954
0.959975422	0.0025128
0.969975166	0.0025291
0.97997491	0.0025439
0.989974654	0.0025562
0.999974398	0.002566
1.009974142	0.0025744
1.019973886	0.002584
1.02997363	0.0025966
1.039973374	0.0026106
1.049973118	0.0026221
1.059972862	0.0026279
1.069972606	0.0026293
1.07997235	0.0026299
1.089972094	0.0026325
1.099971838	0.0026373
1.109971582	0.0026429
1.119971326	0.0026479
1.12997107	0.0026512
1.139970814	0.002652
1.149970558	0.0026491
1.159970302	0.0026413
1.169970046	0.0026273
1.17996979	0.0026062
1.189969534	0.0025777
1.199969278	0.0025419
1.209969022	0.0024999
1.219968766	0.0024524
1.22996851	0.0023991
1.239968254	0.0023393
1.249967998	0.0022738
1.259967742	0.0022057
1.269967486	0.0021376
1.27996723	0.0020697
1.289966974	0.0020008
1.299966718	0.0019307
1.309966462	0.0018603
1.319966206	0.00179
1.32996595	0.0017189
1.339965694	0.0016461
1.349965438	0.0015708
1.359965182	0.0014921
1.369964926	0.0014096
1.37996467	0.0013244
1.389964414	0.0012385
1.399964158	0.0011532
1.409963902	0.0010687
1.419963646	0.00098459
1.42996339	0.00090002
1.439963134	0.00081397
1.449962878	0.00072666
1.459962622	0.00063955
1.469962366	0.00055334
1.47996211	0.00046627
1.489961854	0.00037555
1.499961598	0.0002803
1.509961342	0.00018169
1.519961086	0.000080417
1.529960829	-0.000024673
1.539960573	-0.00013517
1.549960317	-0.00025078
1.559960061	-0.00036862
1.569959805	-0.00048419
1.579959549	-0.00059311
1.589959293	-0.00069315
1.599959037	-0.00078542
1.609958781	-0.00087327
1.619958525	-0.00095926
1.629958269	-0.0010434
1.639958013	-0.0011249
1.649957757	-0.001205
1.659957501	-0.0012865
1.669957245	-0.0013719
1.679956989	-0.0014606
1.689956733	-0.0015517
1.699956477	-0.0016459
1.709956221	-0.0017466
1.719955965	-0.0018576
1.729955709	-0.0019803
1.739955453	-0.0021114
1.749955197	-0.0022439
1.759954941	-0.0023704
1.769954685	-0.0024856
1.779954429	-0.0025882
1.789954173	-0.0026802
1.799953917	-0.002765
1.809953661	-0.0028466
1.819953405	-0.0029273
1.829953149	-0.0030077
1.839952893	-0.0030873
1.849952637	-0.0031663
1.859952381	-0.0032462
1.869952125	-0.003328
1.879951869	-0.0034125
1.889951613	-0.0034991
1.899951357	-0.0035872
1.909951101	-0.0036764
1.919950845	-0.0037663
1.929950589	-0.0038564
1.939950333	-0.0039459
1.949950077	-0.0040335
1.959949821	-0.0041195
1.969949565	-0.0042059
1.979949309	-0.0042962
1.989949053	-0.0043923
1.999948797	-0.0044928
2.009948541	-0.0045929
2.019948285	-0.0046874
2.029948029	-0.0047725
2.039947773	-0.0048475
2.049947517	-0.0049132
2.059947261	-0.0049713
2.069947005	-0.0050236
2.079946749	-0.0050711
2.089946493	-0.0051142
2.099946237	-0.0051532
2.109945981	-0.0051892
2.119945725	-0.0052243
2.129945469	-0.0052606
2.139945212	-0.0052997
2.149944956	-0.0053428
2.1599447	-0.0053912
2.169944444	-0.005445
2.179944188	-0.0055022
2.189943932	-0.0055594
2.199943676	-0.0056137
2.20994342	-0.0056641
2.219943164	-0.0057107
2.229942908	-0.0057552
2.239942652	-0.0058002
2.249942396	-0.005849
2.25994214	-0.0059041
2.269941884	-0.0059654
2.279941628	-0.0060308
2.289941372	-0.0060975
2.299941116	-0.0061637
2.30994086	-0.0062291
2.319940604	-0.0062935
2.329940348	-0.0063565
2.339940092	-0.0064172
2.349939836	-0.0064758
2.35993958	-0.0065327
2.369939324	-0.006588
2.379939068	-0.0066406
2.389938812	-0.0066886
2.399938556	-0.006729
2.4099383	-0.0067581
2.419938044	-0.0067739
2.429937788	-0.0067797
2.439937532	-0.0067829
2.449937276	-0.0067899
2.45993702	-0.0068022
2.469936764	-0.0068186
2.479936508	-0.0068382
2.489936252	-0.0068613
2.499935996	-0.0068864
2.50993574	-0.0069091
2.519935484	-0.0069237
2.529935228	-0.0069272
2.539934972	-0.0069212
2.549934716	-0.0069121
2.55993446	-0.006909
2.569934204	-0.0069194
2.579933948	-0.006945
2.589933692	-0.0069818
2.599933436	-0.0070241
2.60993318	-0.0070691
2.619932924	-0.0071179
2.629932668	-0.0071708
2.639932412	-0.0072236
2.649932156	-0.0072693
2.6599319	-0.0073054
2.669931644	-0.0073366
2.679931388	-0.007372
2.689931132	-0.0074163
2.699930876	-0.0074669
2.70993062	-0.0075173
2.719930364	-0.0075636
2.729930108	-0.0076053
2.739929852	-0.0076447
2.749929595	-0.0076837
2.759929339	-0.0077229
2.769929083	-0.0077614
2.779928827	-0.0077992
2.789928571	-0.0078387
2.799928315	-0.0078824
2.809928059	-0.0079282
2.819927803	-0.0079682
2.829927547	-0.0079936
2.839927291	-0.0079987
2.849927035	-0.0079834
2.859926779	-0.0079531
2.869926523	-0.0079167
2.879926267	-0.0078822
2.889926011	-0.0078508
2.899925755	-0.0078182
2.909925499	-0.0077788
2.919925243	-0.007729
2.929924987	-0.0076663
2.939924731	-0.0075878
2.949924475	-0.0074933
2.959924219	-0.007387
2.969923963	-0.0072779
2.979923707	-0.0071773
2.989923451	-0.0070936
2.999923195	-0.007028
3.009922939	-0.0069737
3.019922683	-0.0069214
3.029922427	-0.0068632
3.039922171	-0.0067924
3.049921915	-0.0067008
3.059921659	-0.0065816
3.069921403	-0.0064353
3.079921147	-0.0062725
3.089920891	-0.0061092
3.099920635	-0.00596
3.109920379	-0.0058339
3.119920123	-0.0057355
3.129919867	-0.0056695
3.139919611	-0.0056455
3.149919355	-0.0056768
3.159919099	-0.0057703
3.169918843	-0.0059165
3.179918587	-0.0060899
3.189918331	-0.0062601
3.199918075	-0.0064017
3.209917819	-0.0064946
3.219917563	-0.0065215
3.229917307	-0.006469
3.239917051	-0.0063294
3.249916795	-0.0060983
3.259916539	-0.0057721
3.269916283	-0.0053493
3.279916027	-0.0048339
3.289915771	-0.0042382
3.299915515	-0.0035824
3.309915259	-0.0028951
3.319915003	-0.0022105
3.329914747	-0.001559
3.339914491	-0.0009553
3.349914235	-0.00039291
3.359913978	0.00014984
3.369913722	0.00069863
3.379913466	0.0012725
3.38991321	0.0018763
3.399912954	0.0024976
3.409912698	0.0031123
3.419912442	0.0037003
3.429912186	0.0042606
3.43991193	0.0048129
3.449911674	0.0053848
3.459911418	0.0059988
3.469911162	0.0066693
3.479910906	0.0074044
3.48991065	0.0082055
3.499910394	0.0090661
3.509910138	0.0099736
3.519909882	0.010907
3.529909626	0.011831
3.53990937	0.012698
3.549909114	0.013462
3.559908858	0.014097
3.569908602	0.014597
3.579908346	0.01497
3.58990809	0.01523
3.599907834	0.0154
3.609907578	0.015508
3.619907322	0.01559
3.629907066	0.015689
3.63990681	0.015849
3.649906554	0.01609
3.659906298	0.016398
3.669906042	0.016726
3.679905786	0.017032
3.68990553	0.017305
3.699905274	0.017565
3.709905018	0.017838
3.719904762	0.018139
3.729904506	0.018466
3.73990425	0.018805
3.749903994	0.019137
3.759903738	0.019437
3.769903482	0.019666
3.779903226	0.019782
3.78990297	0.019744
3.799902714	0.019522
3.809902458	0.0191
3.819902202	0.018473
3.829901946	0.017642
3.83990169	0.016617
3.849901434	0.015413
3.859901178	0.014055
3.869900922	0.012603
3.879900666	0.01116
3.88990041	0.009849
3.899900154	0.0087648
3.909899898	0.0079538
3.919899642	0.0074266
3.929899386	0.0071757
3.93989913	0.0071749
3.949898874	0.0073764
3.959898618	0.0077232
3.969898361	0.0081669
3.979898105	0.008673
3.989897849	0.0092125
3.999897593	0.0097473
4.009897337	0.010219
4.019897081	0.010548
4.029896825	0.010655
4.039896569	0.010487
4.049896313	0.010024
4.059896057	0.0092788
4.069895801	0.0082825
4.079895545	0.0070857
4.089895289	0.0057527
4.099895033	0.0043502
4.109894777	0.002936
4.119894521	0.001555
4.129894265	0.00024208
4.139894009	-0.00097318
4.149893753	-0.0020642
4.159893497	-0.0030109
4.169893241	-0.0038077
4.179892985	-0.0044684
4.189892729	-0.005024
4.199892473	-0.0055188
4.209892217	-0.0060054
4.219891961	-0.0065378
4.229891705	-0.0071606
4.239891449	-0.0079004
4.249891193	-0.0087619
4.259890937	-0.0097278
4.269890681	-0.010763
4.279890425	-0.011827
4.289890169	-0.012886
4.299889913	-0.01392
4.309889657	-0.014916
4.319889401	-0.015863
4.329889145	-0.016744
4.339888889	-0.017527
4.349888633	-0.018168
4.359888377	-0.01863
4.369888121	-0.018886
4.379887865	-0.018928
4.389887609	-0.018755
4.399887353	-0.018392
4.409887097	-0.017891
4.419886841	-0.017313
4.429886585	-0.016709
4.439886329	-0.016114
4.449886073	-0.015551
4.459885817	-0.015036
4.469885561	-0.014581
4.479885305	-0.014199
4.489885049	-0.01391
4.499884793	-0.013737
4.509884537	-0.013691
4.519884281	-0.013757
4.529884025	-0.013902
4.539883769	-0.014079
4.549883513	-0.014242
4.559883257	-0.014354
4.569883001	-0.014393
4.579882744	-0.014358
4.589882488	-0.014277
4.599882232	-0.014187
4.609881976	-0.014108
4.61988172	-0.014029
4.629881464	-0.01391
4.639881208	-0.013706
4.649880952	-0.013387
4.659880696	-0.012969
4.66988044	-0.012509
4.679880184	-0.012086
4.689879928	-0.011752
4.699879672	-0.011516
4.709879416	-0.011356
4.71987916	-0.011252
4.729878904	-0.011193
4.739878648	-0.011174
4.749878392	-0.011184
4.759878136	-0.011202
4.76987788	-0.011206
4.779877624	-0.011183
4.789877368	-0.011131
4.799877112	-0.011061
4.809876856	-0.010979
4.8198766	-0.010886
4.829876344	-0.010774
4.839876088	-0.010646
4.849875832	-0.010531
4.859875576	-0.010472
4.86987532	-0.010507
4.879875064	-0.010656
4.889874808	-0.010924
4.899874552	-0.011304
4.909874296	-0.011784
4.91987404	-0.012336
4.929873784	-0.012918
4.939873528	-0.013479
4.949873272	-0.013969
4.959873016	-0.01436
4.96987276	-0.014638
4.979872504	-0.014804
4.989872248	-0.014871
4.999871992	-0.014866
5.009871736	-0.014818
5.01987148	-0.014742
5.029871224	-0.014636
5.039870968	-0.014492
5.049870712	-0.014299
5.059870456	-0.014055
5.0698702	-0.013774
5.079869944	-0.013484
5.089869688	-0.013216
5.099869432	-0.012988
5.109869176	-0.012801
5.11986892	-0.012648
5.129868664	-0.012524
5.139868408	-0.012416
5.149868152	-0.012309
5.159867896	-0.01219
5.16986764	-0.012053
5.179867384	-0.011895
5.189867127	-0.011713
5.199866871	-0.011505
5.209866615	-0.011264
5.219866359	-0.010984
5.229866103	-0.010664
5.239865847	-0.01032
5.249865591	-0.009974
5.259865335	-0.0096453
5.269865079	-0.0093383
5.279864823	-0.0090507
5.289864567	-0.0087792
5.299864311	-0.0085203
5.309864055	-0.0082689
5.319863799	-0.0080189
5.329863543	-0.0077648
5.339863287	-0.0075031
5.349863031	-0.0072367
5.359862775	-0.0069751
5.369862519	-0.0067283
5.379862263	-0.0065006
5.389862007	-0.0062903
5.399861751	-0.0060939
5.409861495	-0.0059079
5.419861239	-0.0057287
5.429860983	-0.0055535
5.439860727	-0.0053812
5.449860471	-0.0052112
5.459860215	-0.0050419
5.469859959	-0.0048699
5.479859703	-0.0046898
5.489859447	-0.0044947
5.499859191	-0.0042792
5.509858935	-0.0040412
5.519858679	-0.0037787
5.529858423	-0.0034887
5.539858167	-0.0031724
5.549857911	-0.0028423
5.559857655	-0.0025183
5.569857399	-0.0022151
5.579857143	-0.0019341
5.589856887	-0.001665
5.599856631	-0.001394
5.609856375	-0.0011081
5.619856119	-0.00079585
5.629855863	-0.00044451
5.639855607	-0.000042764
5.649855351	0.00041084
5.659855095	0.00090052
5.669854839	0.0013983
5.679854583	0.0018799
5.689854327	0.0023376
5.699854071	0.0027815
5.709853815	0.0032311
5.719853559	0.0037039
5.729853303	0.0042052
5.739853047	0.0047235
5.749852791	0.0052354
5.759852535	0.0057133
5.769852279	0.0061334
5.779852023	0.0064802
5.789851767	0.0067472
5.79985151	0.0069343
5.809851254	0.0070436
5.819850998	0.0070781
5.829850742	0.0070409
5.839850486	0.0069325
5.84985023	0.0067514
5.859849974	0.0064967
5.869849718	0.0061681
5.879849462	0.0057609
5.889849206	0.0052693
5.89984895	0.0047005
5.909848694	0.0040854
5.919848438	0.0034704
5.929848182	0.002897
5.939847926	0.0023884
5.94984767	0.0019522
5.959847414	0.00159
5.969847158	0.0013034
5.979846902	0.0010908
5.989846646	0.00094234
5.99984639	0.00083952
6.009846134	0.00076182
6.019845878	0.00069415
6.029845622	0.00063012
6.039845366	0.00057137
6.04984511	0.0005232
6.059844854	0.00048705
6.069844598	0.00045582
6.079844342	0.0004182
6.089844086	0.00036735
6.09984383	0.00030335
6.109843574	0.00022894
6.119843318	0.00014749
6.129843062	0.000065215
6.139842806	-9.1894E-06
6.14984255	-0.000068821
6.159842294	-0.00011027
6.169842038	-0.00013047
6.179841782	-0.00012449
6.189841526	-0.000087552
6.19984127	-0.000017601
6.209841014	0.000085187
6.219840758	0.00022016
6.229840502	0.0003866
6.239840246	0.00058304
6.24983999	0.00080695
6.259839734	0.0010552
6.269839478	0.0013249
6.279839222	0.0016146
6.289838966	0.0019238
6.29983871	0.0022507
6.309838454	0.0025886
6.319838198	0.0029244
6.329837942	0.0032417
6.339837686	0.0035247
6.34983743	0.0037603
6.359837174	0.0039383
6.369836918	0.0040513
6.379836662	0.0040959
6.389836406	0.0040726
6.39983615	0.0039852
6.409835893	0.0038401
6.419835637	0.0036474
6.429835381	0.0034182
6.439835125	0.0031623
6.449834869	0.0028875
6.459834613	0.0025999
6.469834357	0.002303
6.479834101	0.0019965
6.489833845	0.0016776
6.499833589	0.0013453
6.509833333	0.0010031
6.519833077	0.00065748
6.529832821	0.00031533
6.539832565	-0.000018782
6.549832309	-0.00034626
6.559832053	-0.00067811
6.569831797	-0.0010331
6.579831541	-0.0014288
6.589831285	-0.001871
6.599831029	-0.0023503
6.609830773	-0.0028466
6.619830517	-0.0033351
6.629830261	-0.0037928
6.639830005	-0.0042041
6.649829749	-0.0045654
6.659829493	-0.0048859
6.669829237	-0.005183
6.679828981	-0.0054738
6.689828725	-0.0057655
6.699828469	-0.0060492
6.709828213	-0.0063027
6.719827957	-0.0065016
6.729827701	-0.0066327
6.739827445	-0.0067006
6.749827189	-0.0067253
6.759826933	-0.006731
6.769826677	-0.006735
6.779826421	-0.0067456
6.789826165	-0.0067671
6.799825909	-0.0068036
6.809825653	-0.006854
6.819825397	-0.0069061
6.829825141	-0.0069381
6.839824885	-0.0069265
6.849824629	-0.0068563
6.859824373	-0.0067296
6.869824117	-0.0065682
6.879823861	-0.0064018
6.889823605	-0.0062497
6.899823349	-0.00611
6.909823093	-0.0059694
6.919822837	-0.0058199
6.929822581	-0.0056668
6.939822325	-0.0055232
6.949822069	-0.005401
6.959821813	-0.0053033
6.969821557	-0.0052211
6.979821301	-0.0051357
6.989821045	-0.0050269
6.999820789	-0.0048809
7.009820533	-0.0046958
7.019820276	-0.0044813
7.02982002	-0.0042544
7.039819764	-0.004033
7.049819508	-0.003829
7.059819252	-0.0036459
7.069818996	-0.0034802
7.07981874	-0.0033256
7.089818484	-0.0031789
7.099818228	-0.0030454
7.109817972	-0.0029389
7.119817716	-0.002876
7.12981746	-0.002868
7.139817204	-0.0029179
7.149816948	-0.0030225
7.159816692	-0.0031752
7.169816436	-0.0033705
7.17981618	-0.003605
7.189815924	-0.0038764
7.199815668	-0.0041798
7.209815412	-0.0045037
7.219815156	-0.0048307
7.2298149	-0.0051406
7.239814644	-0.0054144
7.249814388	-0.0056394
7.259814132	-0.0058143
7.269813876	-0.0059498
7.27981362	-0.0060656
7.289813364	-0.0061849
7.299813108	-0.0063301
7.309812852	-0.0065173
7.319812596	-0.0067515
7.32981234	-0.0070248
7.339812084	-0.0073208
7.349811828	-0.0076209
7.359811572	-0.0079096
7.369811316	-0.0081773
7.37981106	-0.0084202
7.389810804	-0.008635
7.399810548	-0.008813
7.409810292	-0.0089366
7.419810036	-0.008987
7.42980978	-0.0089565
7.439809524	-0.0088588
7.449809268	-0.0087265
7.459809012	-0.0085963
7.469808756	-0.008493
7.4798085	-0.0084256
7.489808244	-0.0083944
7.499807988	-0.0084002
7.509807732	-0.0084476
7.519807476	-0.0085418
7.52980722	-0.0086824
7.539806964	-0.0088585
7.549806708	-0.009051
7.559806452	-0.0092422
7.569806196	-0.0094253
7.57980594	-0.0096021
7.589805684	-0.0097727
7.599805428	-0.0099291
7.609805172	-0.010058
7.619804916	-0.010149
7.629804659	-0.010198
7.639804403	-0.010207
7.649804147	-0.010178
7.659803891	-0.010115
7.669803635	-0.010023
7.679803379	-0.009908
7.689803123	-0.0097787
7.699802867	-0.0096393
7.709802611	-0.0094908
7.719802355	-0.0093351
7.729802099	-0.0091811
7.739801843	-0.0090416
7.749801587	-0.0089267
7.759801331	-0.008838
7.769801075	-0.0087697
7.779800819	-0.0087138
7.789800563	-0.0086666
7.799800307	-0.0086301
7.809800051	-0.0086093
7.819799795	-0.0086066
7.829799539	-0.0086198
7.839799283	-0.0086442
7.849799027	-0.0086744
7.859798771	-0.0087038
7.869798515	-0.008723
7.879798259	-0.0087216
7.889798003	-0.0086911
7.899797747	-0.0086258
7.909797491	-0.0085234
7.919797235	-0.0083864
7.929796979	-0.0082242
7.939796723	-0.0080521
7.949796467	-0.0078871
7.959796211	-0.0077428
7.969795955	-0.0076284
7.979795699	-0.0075499
7.989795443	-0.0075093
7.999795187	-0.0075014
8.009794931	-0.0075115
8.019794675	-0.0075173
8.029794419	-0.0074982
8.039794163	-0.0074427
8.049793907	-0.0073519
8.059793651	-0.0072345
8.069793395	-0.0071016
8.079793139	-0.0069624
8.089792883	-0.0068237
8.099792627	-0.0066882
8.109792371	-0.0065559
8.119792115	-0.0064271
8.129791859	-0.0063064
8.139791603	-0.0062011
8.149791347	-0.0061155
8.159791091	-0.0060443
8.169790835	-0.005975
8.179790579	-0.0058965
8.189790323	-0.0058048
8.199790067	-0.005701
8.209789811	-0.005585
8.219789555	-0.0054529
8.229789299	-0.0052996
8.239789042	-0.0051238
8.249788786	-0.0049292
8.25978853	-0.0047229
8.269788274	-0.0045112
8.279788018	-0.0042976
8.289787762	-0.004086
8.299787506	-0.003885
8.30978725	-0.0037071
8.319786994	-0.0035621
8.329786738	-0.0034519
8.339786482	-0.003373
8.349786226	-0.0033214
8.35978597	-0.0032953
8.369785714	-0.0032926
8.379785458	-0.0033085
8.389785202	-0.003336
8.399784946	-0.0033679
8.40978469	-0.003397
8.419784434	-0.0034138
8.429784178	-0.0034043
8.439783922	-0.0033529
8.449783666	-0.0032497
8.45978341	-0.0030971
8.469783154	-0.0029091
8.479782898	-0.0027056
8.489782642	-0.002504
8.499782386	-0.0023151
8.50978213	-0.0021433
8.519781874	-0.0019899
8.529781618	-0.0018565
8.539781362	-0.0017441
8.549781106	-0.0016511
8.55978085	-0.0015722
8.569780594	-0.0015008
8.579780338	-0.0014332
8.589780082	-0.0013707
8.599779826	-0.0013166
8.60977957	-0.0012744
8.619779314	-0.0012473
8.629779058	-0.0012402
8.639778802	-0.0012582
8.649778546	-0.0013038
8.65977829	-0.0013763
8.669778034	-0.0014727
8.679777778	-0.0015892
8.689777522	-0.00172
8.699777266	-0.0018576
8.70977701	-0.0019963
8.719776754	-0.0021358
8.729776498	-0.0022824
8.739776242	-0.0024455
8.749775986	-0.0026315
8.75977573	-0.0028392
8.769775474	-0.0030595
8.779775218	-0.0032813
8.789774962	-0.003496
8.799774706	-0.0036995
8.80977445	-0.0038918
8.819774194	-0.0040753
8.829773938	-0.0042533
8.839773682	-0.0044282
8.849773425	-0.0045993
8.859773169	-0.0047624
8.869772913	-0.0049119
8.879772657	-0.0050429
8.889772401	-0.0051533
8.899772145	-0.0052451
8.909771889	-0.0053229
8.919771633	-0.0053906
8.929771377	-0.0054506
8.939771121	-0.0055047
8.949770865	-0.0055569
8.959770609	-0.0056112
8.969770353	-0.0056684
8.979770097	-0.0057221
8.989769841	-0.0057593
8.999769585	-0.0057677
9.009769329	-0.0057444
9.019769073	-0.0056976
9.029768817	-0.0056398
9.039768561	-0.005578
9.049768305	-0.0055116
9.059768049	-0.0054396
9.069767793	-0.0053655
9.079767537	-0.0052964
9.089767281	-0.0052365
9.099767025	-0.005182
9.109766769	-0.0051233
9.119766513	-0.0050509
9.129766257	-0.0049608
9.139766001	-0.0048559
9.149765745	-0.0047425
9.159765489	-0.0046259
9.169765233	-0.0045085
9.179764977	-0.0043917
9.189764721	-0.004277
9.199764465	-0.0041669
9.209764209	-0.0040633
9.219763953	-0.0039665
9.229763697	-0.0038745
9.239763441	-0.0037844
9.249763185	-0.0036944
9.259762929	-0.0036052
9.269762673	-0.0035184
9.279762417	-0.0034336
9.289762161	-0.003347
9.299761905	-0.0032513
9.309761649	-0.0031382
9.319761393	-0.0030016
9.329761137	-0.0028418
9.339760881	-0.0026666
9.349760625	-0.0024885
9.359760369	-0.0023175
9.369760113	-0.0021579
9.379759857	-0.002009
9.389759601	-0.0018685
9.399759345	-0.0017343
9.409759089	-0.0016042
9.419758833	-0.0014759
9.429758577	-0.0013474
9.439758321	-0.0012176
9.449758065	-0.0010862
9.459757808	-0.00095438
9.469757552	-0.00082506
9.479757296	-0.00070257
9.48975704	-0.00059087
9.499756784	-0.00049163
9.509756528	-0.00040359
9.519756272	-0.00032475
9.529756016	-0.00025549
9.53975576	-0.00019816
9.549755504	-0.00015283
9.559755248	-0.00011466
9.569754992	-0.000076279
9.579754736	-0.00003181
9.58975448	0.000021902
9.599754224	0.000085605
9.609753968	0.0001564
9.619753712	0.00022675
9.629753456	0.00028735
9.6397532	0.00033196
9.649752944	0.00035906
9.659752688	0.00036935
9.669752432	0.00036287
9.679752176	0.00033872
9.68975192	0.00029653
9.699751664	0.00023809
9.709751408	0.00016767
9.719751152	0.000090378
9.729750896	9.4947E-06
9.73975064	-0.000074437
9.749750384	-0.00016145
9.759750128	-0.0002497
9.769749872	-0.00033618
9.779749616	-0.00041973
9.78974936	-0.00050235
9.799749104	-0.00058762
9.809748848	-0.0006783
9.819748592	-0.00077507
9.829748336	-0.00087638
9.83974808	-0.00097923
9.849747824	-0.0010812
9.859747568	-0.0011821
9.869747312	-0.0012837
9.879747056	-0.0013877
9.8897468	-0.0014966
9.899746544	-0.0016148
9.909746288	-0.0017485
9.919746032	-0.0019008
9.929745776	-0.0020694
9.93974552	-0.0022484
9.949745264	-0.0024333
9.959745008	-0.0026209
9.969744752	-0.0028079
9.979744496	-0.0029899
9.98974424	-0.0031634
9.999743984	-0.0033276
10.00974373	-0.0034837
10.01974347	-0.0036331
10.02974322	-0.0037759
10.03974296	-0.0039114
10.0497427	-0.0040386
10.05974245	-0.0041566
10.06974219	-0.0042648
10.07974194	-0.0043646
10.08974168	-0.004461
10.09974142	-0.0045631
10.10974117	-0.0046824
10.11974091	-0.0048286
10.12974066	-0.0050052
10.1397404	-0.0052072
10.14974014	-0.005423
10.15973989	-0.0056394
10.16973963	-0.0058457
10.17973938	-0.006036
10.18973912	-0.0062084
10.19973886	-0.0063625
10.20973861	-0.0064992
10.21973835	-0.0066198
10.2297381	-0.0067265
10.23973784	-0.0068196
10.24973758	-0.0068959
10.25973733	-0.0069504
10.26973707	-0.0069791
10.27973682	-0.0069826
10.28973656	-0.0069651
10.2997363	-0.0069341
10.30973605	-0.0068982
10.31973579	-0.0068654
10.32973554	-0.0068387
10.33973528	-0.0068143
10.34973502	-0.0067846
10.35973477	-0.006744
10.36973451	-0.0066917
10.37973425	-0.0066318
10.389734	-0.0065706
10.39973374	-0.0065144
10.40973349	-0.0064678
10.41973323	-0.0064314
10.42973297	-0.0064016
10.43973272	-0.0063725
10.44973246	-0.0063378
10.45973221	-0.0062937
10.46973195	-0.0062391
10.47973169	-0.0061765
10.48973144	-0.0061098
10.49973118	-0.0060428
10.50973093	-0.0059778
10.51973067	-0.0059169
10.52973041	-0.0058622
10.53973016	-0.0058148
10.5497299	-0.0057738
10.55972965	-0.0057367
10.56972939	-0.0057009
10.57972913	-0.0056652
10.58972888	-0.0056297
10.59972862	-0.0055958
10.60972837	-0.0055648
10.61972811	-0.0055376
10.62972785	-0.0055149
10.6397276	-0.005499
10.64972734	-0.0054929
10.65972709	-0.0054992
10.66972683	-0.0055169
10.67972657	-0.0055416
10.68972632	-0.005566
10.69972606	-0.0055817
10.70972581	-0.0055813
10.71972555	-0.0055608
10.72972529	-0.0055225
10.73972504	-0.0054746
10.74972478	-0.0054272
10.75972453	-0.0053882
10.76972427	-0.0053614
10.77972401	-0.0053475
10.78972376	-0.0053446
10.7997235	-0.005349
10.80972325	-0.0053564
10.81972299	-0.005363
10.82972273	-0.0053655
10.83972248	-0.0053616
10.84972222	-0.0053509
10.85972197	-0.0053355
10.86972171	-0.0053181
10.87972145	-0.0053021
10.8897212	-0.0052896
10.89972094	-0.0052816
10.90972069	-0.0052768
10.91972043	-0.0052724
10.92972017	-0.0052654
10.93971992	-0.0052537
10.94971966	-0.0052363
10.95971941	-0.0052117
10.96971915	-0.0051781
10.97971889	-0.0051353
10.98971864	-0.0050874
10.99971838	-0.0050417
11.00971813	-0.0050057
11.01971787	-0.0049829
11.02971761	-0.0049727
11.03971736	-0.0049724
11.0497171	-0.0049795
11.05971685	-0.0049937
11.06971659	-0.0050156
11.07971633	-0.0050458
11.08971608	-0.0050831
11.09971582	-0.0051241
11.10971557	-0.0051644
11.11971531	-0.0051988
11.12971505	-0.0052228
11.1397148	-0.005234
11.14971454	-0.0052327
11.15971429	-0.0052222
11.16971403	-0.0052072
11.17971377	-0.0051928
11.18971352	-0.0051847
11.19971326	-0.0051867
11.20971301	-0.0052001
11.21971275	-0.0052239
11.22971249	-0.0052561
11.23971224	-0.005295
11.24971198	-0.0053401
11.25971173	-0.0053919
11.26971147	-0.0054516
11.27971121	-0.0055187
11.28971096	-0.0055915
11.2997107	-0.0056667
11.30971045	-0.0057404
11.31971019	-0.005808
11.32970993	-0.0058646
11.33970968	-0.0059055
11.34970942	-0.005926
11.35970917	-0.0059224
11.36970891	-0.005893
11.37970865	-0.0058387
11.3897084	-0.0057624
11.39970814	-0.0056684
11.40970789	-0.0055619
11.41970763	-0.005448
11.42970737	-0.0053309
11.43970712	-0.005214
11.44970686	-0.0051005
11.45970661	-0.0049944
11.46970635	-0.004899
11.47970609	-0.0048169
11.48970584	-0.0047496
11.49970558	-0.0046971
11.50970533	-0.0046574
11.51970507	-0.0046266
11.52970481	-0.0046001
11.53970456	-0.0045739
11.5497043	-0.0045453
11.55970405	-0.0045134
11.56970379	-0.004479
11.57970353	-0.0044444
11.58970328	-0.0044127
11.59970302	-0.0043872
11.60970276	-0.0043709
11.61970251	-0.0043656
11.62970225	-0.0043719
11.639702	-0.0043895
11.64970174	-0.0044176
11.65970148	-0.0044553
11.66970123	-0.0045006
11.67970097	-0.0045501
11.68970072	-0.0045992
11.69970046	-0.0046433
11.7097002	-0.00468
11.71969995	-0.0047095
11.72969969	-0.0047342
11.73969944	-0.0047569
11.74969918	-0.004779
11.75969892	-0.0047997
11.76969867	-0.0048163
11.77969841	-0.0048249
11.78969816	-0.0048217
11.7996979	-0.0048042
11.80969764	-0.004773
11.81969739	-0.0047306
11.82969713	-0.0046812
11.83969688	-0.0046287
11.84969662	-0.0045768
11.85969636	-0.0045283
11.86969611	-0.0044857
11.87969585	-0.0044518
11.8896956	-0.0044297
11.89969534	-0.0044223
11.90969508	-0.0044321
11.91969483	-0.0044615
11.92969457	-0.0045114
11.93969432	-0.0045804
11.94969406	-0.0046644
11.9596938	-0.004758
11.96969355	-0.0048547
11.97969329	-0.0049477
11.98969304	-0.0050314
11.99969278	-0.0051026
12.00969252	-0.0051605
12.01969227	-0.0052054
12.02969201	-0.0052374
12.03969176	-0.0052565
12.0496915	-0.0052625
12.05969124	-0.005255
12.06969099	-0.0052347
12.07969073	-0.0052033
12.08969048	-0.0051623
12.09969022	-0.0051138
12.10968996	-0.0050608
12.11968971	-0.0050072
12.12968945	-0.004957
12.1396892	-0.0049136
12.14968894	-0.00488
12.15968868	-0.0048578
12.16968843	-0.0048451
12.17968817	-0.0048371
12.18968792	-0.0048281
12.19968766	-0.0048135
12.2096874	-0.0047901
12.21968715	-0.0047559
12.22968689	-0.0047116
12.23968664	-0.0046605
12.24968638	-0.0046065
12.25968612	-0.0045525
12.26968587	-0.0044995
12.27968561	-0.0044469
12.28968536	-0.0043936
12.2996851	-0.0043382
12.30968484	-0.0042797
12.31968459	-0.0042172
12.32968433	-0.0041493
12.33968408	-0.0040748
12.34968382	-0.0039934
12.35968356	-0.0039062
12.36968331	-0.0038153
12.37968305	-0.0037235
12.3896828	-0.0036338
12.39968254	-0.0035485
12.40968228	-0.003469
12.41968203	-0.0033966
12.42968177	-0.0033334
12.43968152	-0.0032816
12.44968126	-0.0032424
12.459681	-0.0032151
12.46968075	-0.0031975
12.47968049	-0.0031855
12.48968024	-0.0031739
12.49967998	-0.0031576
12.50967972	-0.0031335
12.51967947	-0.0031006
12.52967921	-0.0030602
12.53967896	-0.0030147
12.5496787	-0.0029668
12.55967844	-0.0029182
12.56967819	-0.0028695
12.57967793	-0.0028202
12.58967768	-0.0027699
12.59967742	-0.0027187
12.60967716	-0.0026683
12.61967691	-0.0026223
12.62967665	-0.0025848
12.6396764	-0.002558
12.64967614	-0.0025405
12.65967588	-0.0025295
12.66967563	-0.0025224
12.67967537	-0.0025184
12.68967512	-0.0025175
12.69967486	-0.0025204
12.7096746	-0.0025268
12.71967435	-0.002535
12.72967409	-0.0025429
12.73967384	-0.0025493
12.74967358	-0.0025537
12.75967332	-0.0025556
12.76967307	-0.0025543
12.77967281	-0.0025505
12.78967256	-0.0025463
12.7996723	-0.0025434
12.80967204	-0.0025417
12.81967179	-0.0025404
12.82967153	-0.002538
12.83967127	-0.0025318
12.84967102	-0.0025177
12.85967076	-0.0024923
12.86967051	-0.0024527
12.87967025	-0.0023977
12.88966999	-0.0023268
12.89966974	-0.0022412
12.90966948	-0.0021431
12.91966923	-0.0020353
12.92966897	-0.0019218
12.93966871	-0.0018076
12.94966846	-0.0016978
12.9596682	-0.0015963
12.96966795	-0.0015039
12.97966769	-0.0014192
12.98966743	-0.00134
12.99966718	-0.0012656
13.00966692	-0.0011975
13.01966667	-0.0011388
13.02966641	-0.0010921
13.03966615	-0.0010579
13.0496659	-0.0010336
13.05966564	-0.0010149
13.06966539	-0.00099667
13.07966513	-0.00097489
13.08966487	-0.00094694
13.09966462	-0.00091196
13.10966436	-0.00087133
13.11966411	-0.00082879
13.12966385	-0.00078881
13.13966359	-0.00075351
13.14966334	-0.00072087
13.15966308	-0.00068653
13.16966283	-0.00064734
13.17966257	-0.00060341
13.18966231	-0.00055736
13.19966206	-0.00051245
13.2096618	-0.00047117
13.21966155	-0.00043435
13.22966129	-0.00040081
13.23966103	-0.00036784
13.24966078	-0.00033239
13.25966052	-0.00029216
13.26966027	-0.0002461
13.27966001	-0.00019398
13.28965975	-0.00013605
13.2996595	-0.000073327
13.30965924	-8.0137E-06
13.31965899	0.000057349
13.32965873	0.00012175
13.33965847	0.00018629
13.34965822	0.00025225
13.35965796	0.00031858
13.36965771	0.00038162
13.37965745	0.00043703
13.38965719	0.00048203
13.39965694	0.00051641
13.40965668	0.0005425
13.41965643	0.00056412
13.42965617	0.0005852
13.43965591	0.00060931
13.44965566	0.00064004
13.4596554	0.00068042
13.46965515	0.00073148
13.47965489	0.00079174
13.48965463	0.00085862
13.49965438	0.00092994
13.50965412	0.001004
13.51965387	0.001079
13.52965361	0.0011528
13.53965335	0.0012231
13.5496531	0.0012864
13.55965284	0.0013392
13.56965259	0.0013794
13.57965233	0.0014071
13.58965207	0.0014241
13.59965182	0.001432
13.60965156	0.0014315
13.61965131	0.0014233
13.62965105	0.0014079
13.63965079	0.0013862
13.64965054	0.0013596
13.65965028	0.0013296
13.66965003	0.0012968
13.67964977	0.0012605
13.68964951	0.0012198
13.69964926	0.0011754
13.709649	0.0011283
13.71964875	0.0010785
13.72964849	0.0010243
13.73964823	0.00096341
13.74964798	0.00089485
13.75964772	0.00081864
13.76964747	0.00073534
13.77964721	0.00064531
13.78964695	0.00054832
13.7996467	0.00044316
13.80964644	0.00032819
13.81964619	0.00020307
13.82964593	0.000070502
13.83964567	-0.000063722
13.84964542	-0.00019298
13.85964516	-0.00031274
13.86964491	-0.00042203
13.87964465	-0.00052245
13.88964439	-0.00061625
13.89964414	-0.00070509
13.90964388	-0.00079013
13.91964363	-0.00087204
13.92964337	-0.00095077
13.93964311	-0.0010256
13.94964286	-0.0010961
13.9596426	-0.0011623
13.96964235	-0.0012241
13.97964209	-0.0012806
13.98964183	-0.0013303
13.99964158	-0.0013724
14.00964132	-0.0014068
14.01964107	-0.0014351
14.02964081	-0.0014598
14.03964055	-0.0014846
14.0496403	-0.0015134
14.05964004	-0.0015488
14.06963978	-0.0015919
14.07963953	-0.0016434
14.08963927	-0.0017043
14.09963902	-0.0017759
14.10963876	-0.0018578
14.1196385	-0.0019484
14.12963825	-0.0020453
14.13963799	-0.0021469
14.14963774	-0.0022523
14.15963748	-0.0023606
14.16963722	-0.0024698
14.17963697	-0.0025765
14.18963671	-0.0026769
14.19963646	-0.0027687
14.2096362	-0.0028528
14.21963594	-0.0029329
14.22963569	-0.0030136
14.23963543	-0.0030981
14.24963518	-0.0031871
14.25963492	-0.0032806
14.26963466	-0.0033792
14.27963441	-0.0034858
14.28963415	-0.0036038
14.2996339	-0.0037342
14.30963364	-0.0038733
14.31963338	-0.0040124
14.32963313	-0.0041397
14.33963287	-0.004245
14.34963262	-0.0043242
14.35963236	-0.0043815
14.3696321	-0.0044262
14.37963185	-0.004468
14.38963159	-0.0045127
14.39963134	-0.0045595
14.40963108	-0.004603
14.41963082	-0.0046355
14.42963057	-0.0046514
14.43963031	-0.0046494
14.44963006	-0.0046324
14.4596298	-0.0046053
14.46962954	-0.0045741
14.47962929	-0.0045423
14.48962903	-0.0045084
14.49962878	-0.004467
14.50962852	-0.0044134
14.51962826	-0.0043475
14.52962801	-0.0042747
14.53962775	-0.0042021
14.5496275	-0.0041362
14.55962724	-0.0040804
14.56962698	-0.0040335
14.57962673	-0.0039906
14.58962647	-0.0039467
14.59962622	-0.0038984
14.60962596	-0.0038466
14.6196257	-0.0037949
14.62962545	-0.0037489
14.63962519	-0.003713
14.64962494	-0.0036901
14.65962468	-0.003682
14.66962442	-0.0036895
14.67962417	-0.0037112
14.68962391	-0.0037436
14.69962366	-0.0037845
14.7096234	-0.0038368
14.71962314	-0.0039053
14.72962289	-0.00399
14.73962263	-0.004081
14.74962238	-0.0041602
14.75962212	-0.0042085
14.76962186	-0.0042152
14.77962161	-0.0041813
14.78962135	-0.0041166
14.7996211	-0.0040333
14.80962084	-0.003941
14.81962058	-0.0038469
14.82962033	-0.0037554
14.83962007	-0.0036692
14.84961982	-0.0035892
14.85961956	-0.003517
14.8696193	-0.0034549
14.87961905	-0.0034063
14.88961879	-0.0033737
14.89961854	-0.0033583
14.90961828	-0.0033575
14.91961802	-0.0033649
14.92961777	-0.0033718
14.93961751	-0.0033701
14.94961726	-0.0033536
14.959617	-0.0033196
14.96961674	-0.0032696
14.97961649	-0.0032092
14.98961623	-0.0031462
14.99961598	-0.003087
15.00961572	-0.0030334
15.01961546	-0.0029819
15.02961521	-0.0029247
15.03961495	-0.0028546
15.0496147	-0.0027701
15.05961444	-0.0026765
15.06961418	-0.0025826
15.07961393	-0.0024962
15.08961367	-0.002421
15.09961342	-0.0023569
15.10961316	-0.0023019
15.1196129	-0.0022536
15.12961265	-0.0022108
15.13961239	-0.0021722
15.14961214	-0.0021366
15.15961188	-0.0021028
15.16961162	-0.00207
15.17961137	-0.0020373
15.18961111	-0.0020029
15.19961086	-0.0019645
15.2096106	-0.0019201
15.21961034	-0.0018677
15.22961009	-0.0018069
15.23960983	-0.0017396
15.24960958	-0.0016696
15.25960932	-0.0016023
15.26960906	-0.0015422
15.27960881	-0.0014898
15.28960855	-0.0014408
15.29960829	-0.0013899
15.30960804	-0.0013364
15.31960778	-0.0012865
15.32960753	-0.0012497
15.33960727	-0.0012328
15.34960701	-0.0012369
15.35960676	-0.001258
15.3696065	-0.0012896
15.37960625	-0.0013267
15.38960599	-0.0013673
15.39960573	-0.0014107
15.40960548	-0.0014545
15.41960522	-0.0014936
15.42960497	-0.001524
15.43960471	-0.0015453
15.44960445	-0.0015601
15.4596042	-0.0015701
15.46960394	-0.0015728
15.47960369	-0.0015619
15.48960343	-0.0015299
15.49960317	-0.0014722
15.50960292	-0.0013891
15.51960266	-0.0012868
15.52960241	-0.001175
15.53960215	-0.0010637
15.54960189	-0.00096008
15.55960164	-0.00086612
15.56960138	-0.00077933
15.57960113	-0.00069449
15.58960087	-0.00060585
15.59960061	-0.00050863
15.60960036	-0.00039985
15.6196001	-0.0002794
15.62959985	-0.00015099
15.63959959	-0.000021721
15.64959933	0.00010018
15.65959908	0.00020832
15.66959882	0.00029981
15.67959857	0.00037527
15.68959831	0.00043765
15.69959805	0.00049019
15.7095978	0.00053479
15.71959754	0.00057203
15.72959729	0.00060292
15.73959703	0.00062985
15.74959677	0.00065567
15.75959652	0.00068209
15.76959626	0.00070891
15.77959601	0.00073441
15.78959575	0.00075666
15.79959549	0.00077559
15.80959524	0.00079432
15.81959498	0.00081781
15.82959473	0.0008495
15.83959447	0.00088906
15.84959421	0.00093317
15.85959396	0.00097827
15.8695937	0.0010225
15.87959345	0.0010657
15.88959319	0.0011085
15.89959293	0.0011503
15.90959268	0.0011901
15.91959242	0.0012274
15.92959217	0.0012639
15.93959191	0.001302
15.94959165	0.001343
15.9595914	0.0013854
15.96959114	0.0014259
15.97959089	0.001461
15.98959063	0.0014891
15.99959037	0.0015112
16.00959012	0.0015296
16.01958986	0.0015464
16.02958961	0.0015627
16.03958935	0.0015789
16.04958909	0.0015957
16.05958884	0.0016126
16.06958858	0.0016272
16.07958833	0.0016355
16.08958807	0.0016346
16.09958781	0.0016247
16.10958756	0.0016092
16.1195873	0.0015934
16.12958705	0.0015821
16.13958679	0.0015775
16.14958653	0.0015788
16.15958628	0.0015845
16.16958602	0.0015935
16.17958577	0.0016054
16.18958551	0.0016189
16.19958525	0.0016321
16.209585	0.0016426
16.21958474	0.0016485
16.22958449	0.0016476
16.23958423	0.0016372
16.24958397	0.001615
16.25958372	0.0015792
16.26958346	0.0015299
16.27958321	0.0014686
16.28958295	0.0013986
16.29958269	0.001323
16.30958244	0.0012444
16.31958218	0.0011641
16.32958193	0.0010828
16.33958167	0.0010004
16.34958141	0.00091678
16.35958116	0.0008323
16.3695809	0.00074751
16.37958065	0.00066338
16.38958039	0.00058216
16.39958013	0.00050824
16.40957988	0.00044733
16.41957962	0.00040416
16.42957937	0.00038015
16.43957911	0.00037282
16.44957885	0.00037723
16.4595786	0.00038857
16.46957834	0.00040411
16.47957808	0.00042308
16.48957783	0.00044539
16.49957757	0.00047077
16.50957732	0.00049879
16.51957706	0.00052869
16.5295768	0.00055901
16.53957655	0.00058807
16.54957629	0.00061501
16.55957604	0.00063987
16.56957578	0.00066265
16.57957552	0.00068293
16.58957527	0.00070065
16.59957501	0.00071642
16.60957476	0.00073089
16.6195745	0.0007443
16.62957424	0.00075689
16.63957399	0.00076874
16.64957373	0.00077886
16.65957348	0.00078542
16.66957322	0.00078775
16.67957296	0.00078745
16.68957271	0.00078696
16.69957245	0.00078717
16.7095722	0.00078697
16.71957194	0.00078414
16.72957168	0.00077616
16.73957143	0.00076103
16.74957117	0.00073838
16.75957092	0.00070994
16.76957066	0.00067841
16.7795704	0.00064648
16.78957015	0.00061677
16.79956989	0.00059198
16.80956964	0.00057364
16.81956938	0.00056067
16.82956912	0.00054967
16.83956887	0.00053674
16.84956861	0.0005194
16.85956836	0.00049718
16.8695681	0.00047102
16.87956784	0.0004423
16.88956759	0.00041234
16.89956733	0.00038261
16.90956708	0.00035498
16.91956682	0.00033054
16.92956656	0.00030832
16.93956631	0.00028557
16.94956605	0.00025985
16.9595658	0.00023033
16.96956554	0.000197
16.97956528	0.00015932
16.98956503	0.00011645
16.99956477	0.000068356
17.00956452	0.000015943
17.01956426	-0.000039741
17.029564	-0.000097943
17.03956375	-0.000158
17.04956349	-0.00021931
17.05956324	-0.00028155
17.06956298	-0.0003447
17.07956272	-0.00040914
17.08956247	-0.0004759
17.09956221	-0.00054649
17.10956196	-0.00062193
17.1195617	-0.00070163
17.12956144	-0.00078344
17.13956119	-0.00086479
17.14956093	-0.00094381
17.15956068	-0.0010196
17.16956042	-0.0010918
17.17956016	-0.0011602
17.18955991	-0.0012254
17.19955965	-0.001289
17.2095594	-0.001353
17.21955914	-0.0014177
17.22955888	-0.0014817
17.23955863	-0.0015428
17.24955837	-0.0015996
17.25955812	-0.0016515
17.26955786	-0.0016988
17.2795576	-0.0017418
17.28955735	-0.0017802
17.29955709	-0.0018128
17.30955684	-0.0018373
17.31955658	-0.0018509
17.32955632	-0.0018505
17.33955607	-0.0018343
17.34955581	-0.0018022
17.35955556	-0.0017562
17.3695553	-0.0016996
17.37955504	-0.0016364
17.38955479	-0.0015696
17.39955453	-0.001501
17.40955428	-0.001431
17.41955402	-0.0013593
17.42955376	-0.0012855
17.43955351	-0.001209
17.44955325	-0.0011292
17.459553	-0.0010454
17.46955274	-0.00095696
17.47955248	-0.00086356
17.48955223	-0.00076563
17.49955197	-0.00066466
17.50955172	-0.00056264
17.51955146	-0.00046101
17.5295512	-0.00036001
17.53955095	-0.00025889
17.54955069	-0.00015613
17.55955044	-0.000049764
17.56955018	0.000061836
17.57954992	0.00017942
17.58954967	0.00030333
17.59954941	0.00043382
17.60954916	0.00057016
17.6195489	0.00070954
17.62954864	0.00084765
17.63954839	0.00098051
17.64954813	0.0011061
17.65954788	0.0012244
17.66954762	0.0013367
17.67954736	0.0014438
17.68954711	0.0015462
17.69954685	0.0016442
17.70954659	0.0017384
17.71954634	0.0018296
17.72954608	0.0019175
17.73954583	0.0020015
17.74954557	0.0020812
17.75954531	0.0021568
17.76954506	0.0022279
17.7795448	0.0022938
17.78954455	0.002355
17.79954429	0.0024117
17.80954403	0.0024638
17.81954378	0.0025108
17.82954352	0.0025533
17.83954327	0.002593
17.84954301	0.0026305
17.85954275	0.0026653
17.8695425	0.0026956
17.87954224	0.0027186
17.88954199	0.0027316
17.89954173	0.0027332
17.90954147	0.0027252
17.91954122	0.0027117
17.92954096	0.0026973
17.93954071	0.0026856
17.94954045	0.0026787
17.95954019	0.0026758
17.96953994	0.0026742
17.97953968	0.0026701
17.98953943	0.002661
17.99953917	0.002646
18.00953891	0.0026254
18.01953866	0.0026013
18.0295384	0.0025758
18.03953815	0.0025506
18.04953789	0.0025257
18.05953763	0.0024996
18.06953738	0.0024711
18.07953712	0.0024397
18.08953687	0.0024064
18.09953661	0.0023728
18.10953635	0.0023402
18.1195361	0.0023096
18.12953584	0.0022818
18.13953559	0.0022579
18.14953533	0.0022387
18.15953507	0.0022248
18.16953482	0.0022162
18.17953456	0.0022131
18.18953431	0.0022162
18.19953405	0.0022263
18.20953379	0.0022436
18.21953354	0.0022676
18.22953328	0.0022964
18.23953303	0.0023284
18.24953277	0.0023616
18.25953251	0.0023948
18.26953226	0.0024277
18.279532	0.0024605
18.28953175	0.0024932
18.29953149	0.0025254
18.30953123	0.0025562
18.31953098	0.0025844
18.32953072	0.0026094
18.33953047	0.0026317
18.34953021	0.002653
18.35952995	0.0026764
18.3695297	0.0027039
18.37952944	0.002736
18.38952919	0.002772
18.39952893	0.0028112
18.40952867	0.0028536
18.41952842	0.0029002
18.42952816	0.0029525
18.43952791	0.0030116
18.44952765	0.0030776
18.45952739	0.0031488
18.46952714	0.0032232
18.47952688	0.0032993
18.48952663	0.0033765
18.49952637	0.0034549
18.50952611	0.0035344
18.51952586	0.0036143
18.5295256	0.0036928
18.53952535	0.0037688
18.54952509	0.0038427
18.55952483	0.0039164
18.56952458	0.0039912
18.57952432	0.0040667
18.58952407	0.0041421
18.59952381	0.0042173
18.60952355	0.0042933
18.6195233	0.0043709
18.62952304	0.0044496
18.63952279	0.0045272
18.64952253	0.0046005
18.65952227	0.0046658
18.66952202	0.0047196
18.67952176	0.0047598
18.68952151	0.0047863
18.69952125	0.0047997
18.70952099	0.0048014
18.71952074	0.0047928
18.72952048	0.0047748
18.73952023	0.0047476
18.74951997	0.0047109
18.75951971	0.0046652
18.76951946	0.004612
18.7795192	0.0045538
18.78951895	0.0044934
18.79951869	0.0044328
18.80951843	0.0043732
18.81951818	0.0043148
18.82951792	0.0042576
18.83951767	0.0042011
18.84951741	0.0041443
18.85951715	0.0040863
18.8695169	0.004027
18.87951664	0.0039664
18.88951639	0.0039037
18.89951613	0.0038382
18.90951587	0.0037695
18.91951562	0.0036984
18.92951536	0.0036258
18.9395151	0.0035523
18.94951485	0.0034793
18.95951459	0.0034081
18.96951434	0.0033393
18.97951408	0.0032741
18.98951382	0.0032136
18.99951357	0.0031595
19.00951331	0.0031128
19.01951306	0.0030738
19.0295128	0.0030425
19.03951254	0.0030175
19.04951229	0.0029961
19.05951203	0.0029756
19.06951178	0.0029543
19.07951152	0.0029313
19.08951126	0.0029064
19.09951101	0.0028793
19.10951075	0.0028503
19.1195105	0.0028189
19.12951024	0.0027844
19.13950998	0.0027463
19.14950973	0.0027051
19.15950947	0.0026623
19.16950922	0.00262
19.17950896	0.0025804
19.1895087	0.0025449
19.19950845	0.0025132
19.20950819	0.0024832
19.21950794	0.0024524
19.22950768	0.0024194
19.23950742	0.0023836
19.24950717	0.0023458
19.25950691	0.0023069
19.26950666	0.002268
19.2795064	0.0022299
19.28950614	0.0021924
19.29950589	0.0021545
19.30950563	0.002114
19.31950538	0.0020686
19.32950512	0.0020176
19.33950486	0.0019621
19.34950461	0.0019041
19.35950435	0.0018453
19.3695041	0.0017869
19.37950384	0.0017294
19.38950358	0.0016732
19.39950333	0.001619
19.40950307	0.0015687
19.41950282	0.0015249
19.42950256	0.0014903
19.4395023	0.0014653
19.44950205	0.0014486
19.45950179	0.0014377
19.46950154	0.0014295
19.47950128	0.001421
19.48950102	0.0014104
19.49950077	0.0013964
19.50950051	0.0013784
19.51950026	0.0013567
19.5295	0.001332
19.53949974	0.0013059
19.54949949	0.0012804
19.55949923	0.0012573
19.56949898	0.001238
19.57949872	0.0012219
19.58949846	0.0012064
19.59949821	0.0011897
19.60949795	0.0011715
19.6194977	0.0011528
19.62949744	0.0011342
19.63949718	0.0011159
19.64949693	0.0010978
19.65949667	0.0010792
19.66949642	0.0010591
19.67949616	0.0010367
19.6894959	0.0010114
19.69949565	0.0009819
19.70949539	0.00094624
19.71949514	0.0009042
19.72949488	0.0008583
19.73949462	0.00081235
19.74949437	0.0007696
19.75949411	0.00073254
19.76949386	0.00070271
19.7794936	0.00068022
19.78949334	0.00066435
19.79949309	0.00065524
19.80949283	0.00065422
19.81949258	0.000662
19.82949232	0.00067766
19.83949206	0.00069954
19.84949181	0.00072639
19.85949155	0.00075727
19.8694913	0.00079098
19.87949104	0.00082611
19.88949078	0.00086106
19.89949053	0.00089422
19.90949027	0.00092475
19.91949002	0.00095342
19.92948976	0.0009824
19.9394895	0.0010143
19.94948925	0.0010515
19.95948899	0.0010954
19.96948874	0.0011465
19.97948848	0.0012037
19.98948822	0.001265
19.99948797	0.0013282
20.00948771	0.0013913
20.01948746	0.0014534
20.0294872	0.0015151
20.03948694	0.0015787
20.04948669	0.0016459
20.05948643	0.001717
20.06948618	0.0017909
20.07948592	0.0018653
20.08948566	0.0019384
20.09948541	0.0020094
20.10948515	0.0020785
20.1194849	0.0021466
20.12948464	0.0022142
20.13948438	0.0022811
20.14948413	0.0023458
20.15948387	0.0024063
20.16948361	0.002461
20.17948336	0.0025101
20.1894831	0.002555
20.19948285	0.0025957
20.20948259	0.002631
20.21948233	0.0026603
20.22948208	0.0026849
20.23948182	0.0027065
20.24948157	0.0027264
20.25948131	0.0027458
20.26948105	0.0027662
20.2794808	0.0027877
20.28948054	0.0028083
20.29948029	0.0028251
20.30948003	0.0028364
20.31947977	0.0028422
20.32947952	0.002844
20.33947926	0.0028438
20.34947901	0.0028437
20.35947875	0.0028446
20.36947849	0.0028451
20.37947824	0.0028429
20.38947798	0.0028369
20.39947773	0.002827
20.40947747	0.0028136
20.41947721	0.002797
20.42947696	0.0027784
20.4394767	0.0027597
20.44947645	0.0027434
20.45947619	0.0027308
20.46947593	0.0027209
20.47947568	0.0027115
20.48947542	0.0027
20.49947517	0.0026851
20.50947491	0.0026667
20.51947465	0.0026459
20.5294744	0.0026243
20.53947414	0.0026033
20.54947389	0.0025839
20.55947363	0.0025665
20.56947337	0.0025512
20.57947312	0.0025377
20.58947286	0.0025258
20.59947261	0.0025152
20.60947235	0.0025059
20.61947209	0.0024973
20.62947184	0.0024898
20.63947158	0.0024842
20.64947133	0.002482
20.65947107	0.0024831
20.66947081	0.0024865
20.67947056	0.0024905
20.6894703	0.0024943
20.69947005	0.0024977
20.70946979	0.0025008
20.71946953	0.002503
20.72946928	0.0025033
20.73946902	0.0025012
20.74946877	0.0024974
20.75946851	0.0024928
20.76946825	0.0024886
20.779468	0.0024856
20.78946774	0.002485
20.79946749	0.0024873
20.80946723	0.002492
20.81946697	0.0024974
20.82946672	0.0025023
20.83946646	0.0025068
20.84946621	0.0025121
20.85946595	0.0025194
20.86946569	0.0025291
20.87946544	0.0025406
20.88946518	0.002553
20.89946493	0.002565
20.90946467	0.0025761
20.91946441	0.0025864
20.92946416	0.0025957
20.9394639	0.0026025
20.94946365	0.0026055
20.95946339	0.0026043
20.96946313	0.0026001
20.97946288	0.0025942
20.98946262	0.0025878
20.99946237	0.0025819
21.00946211	0.0025773
21.01946185	0.0025739
21.0294616	0.0025712
21.03946134	0.0025683
21.04946109	0.0025645
21.05946083	0.002559
21.06946057	0.002552
21.07946032	0.0025451
21.08946006	0.0025408
21.09945981	0.0025403
21.10945955	0.0025429
21.11945929	0.0025473
21.12945904	0.0025521
21.13945878	0.0025566
21.14945853	0.0025598
21.15945827	0.0025611
21.16945801	0.00256
21.17945776	0.0025572
21.1894575	0.0025541
21.19945725	0.0025521
21.20945699	0.0025519
21.21945673	0.0025543
21.22945648	0.0025592
21.23945622	0.0025665
21.24945597	0.0025754
21.25945571	0.0025853
21.26945545	0.0025965
21.2794552	0.00261
21.28945494	0.0026264
21.29945469	0.0026457
21.30945443	0.0026675
21.31945417	0.0026903
21.32945392	0.0027124
21.33945366	0.002733
21.34945341	0.0027526
21.35945315	0.0027728
21.36945289	0.0027944
21.37945264	0.002818
21.38945238	0.0028434
21.39945212	0.0028705
21.40945187	0.0028983
21.41945161	0.0029254
21.42945136	0.0029511
21.4394511	0.002976
21.44945084	0.0030009
21.45945059	0.0030264
21.46945033	0.003053
21.47945008	0.0030806
21.48944982	0.0031091
21.49944956	0.0031383
21.50944931	0.0031682
21.51944905	0.0031999
21.5294488	0.0032348
21.53944854	0.003274
21.54944828	0.0033173
21.55944803	0.0033642
21.56944777	0.0034144
21.57944752	0.0034679
21.58944726	0.0035245
21.599447	0.0035838
21.60944675	0.0036453
21.61944649	0.0037087
21.62944624	0.003774
21.63944598	0.0038415
21.64944572	0.0039114
21.65944547	0.0039839
21.66944521	0.0040593
21.67944496	0.0041377
21.6894447	0.0042188
21.69944444	0.0043015
21.70944419	0.0043841
21.71944393	0.0044648
21.72944368	0.0045428
21.73944342	0.0046176
21.74944316	0.0046885
21.75944291	0.0047544
21.76944265	0.0048149
21.7794424	0.0048709
21.78944214	0.0049242
21.79944188	0.0049762
21.80944163	0.0050268
21.81944137	0.0050742
21.82944112	0.0051167
21.83944086	0.0051534
21.8494406	0.0051845
21.85944035	0.0052116
21.86944009	0.0052363
21.87943984	0.0052598
21.88943958	0.0052821
21.89943932	0.0053033
21.90943907	0.0053232
21.91943881	0.0053412
21.92943856	0.0053565
21.9394383	0.0053686
21.94943804	0.0053772
21.95943779	0.0053818
21.96943753	0.005382
21.97943728	0.0053779
21.98943702	0.0053705
21.99943676	0.0053602
22.00943651	0.0053475
22.01943625	0.0053329
22.029436	0.0053173
22.03943574	0.0053007
22.04943548	0.0052835
22.05943523	0.005266
22.06943497	0.0052481
22.07943472	0.005229
22.08943446	0.0052091
22.0994342	0.0051903
22.10943395	0.0051745
22.11943369	0.0051622
22.12943344	0.0051519
22.13943318	0.0051426
22.14943292	0.0051346
22.15943267	0.0051294
22.16943241	0.0051291
22.17943216	0.0051356
22.1894319	0.0051497
22.19943164	0.0051711
22.20943139	0.0051981
22.21943113	0.0052286
22.22943088	0.0052604
22.23943062	0.0052918
22.24943036	0.0053216
22.25943011	0.0053499
22.26942985	0.0053766
22.2794296	0.005402
22.28942934	0.0054262
22.29942908	0.005449
22.30942883	0.0054704
22.31942857	0.0054904
22.32942832	0.0055098
22.33942806	0.0055298
22.3494278	0.0055512
22.35942755	0.0055742
22.36942729	0.0055986
22.37942704	0.0056238
22.38942678	0.0056483
22.39942652	0.0056706
22.40942627	0.0056904
22.41942601	0.0057088
22.42942576	0.0057271
22.4394255	0.0057466
22.44942524	0.0057685
22.45942499	0.0057937
22.46942473	0.0058227
22.47942448	0.0058567
22.48942422	0.0058971
22.49942396	0.0059451
22.50942371	0.0060012
22.51942345	0.0060644
22.5294232	0.0061324
22.53942294	0.0062019
22.54942268	0.0062698
22.55942243	0.0063337
22.56942217	0.0063926
22.57942192	0.0064461
22.58942166	0.0064954
22.5994214	0.0065425
22.60942115	0.0065897
22.61942089	0.0066385
22.62942063	0.0066892
22.63942038	0.0067416
22.64942012	0.0067943
22.65941987	0.006845
22.66941961	0.0068911
22.67941935	0.0069305
22.6894191	0.0069621
22.69941884	0.0069862
22.70941859	0.0070037
22.71941833	0.0070159
22.72941807	0.0070239
22.73941782	0.0070277
22.74941756	0.0070264
22.75941731	0.0070196
22.76941705	0.0070071
22.77941679	0.0069897
22.78941654	0.0069681
22.79941628	0.006943
22.80941603	0.0069151
22.81941577	0.0068853
22.82941551	0.0068551
22.83941526	0.0068253
22.849415	0.0067955
22.85941475	0.0067652
22.86941449	0.0067341
22.87941423	0.0067025
22.88941398	0.0066699
22.89941372	0.0066356
22.90941347	0.0065989
22.91941321	0.00656
22.92941295	0.0065193
22.9394127	0.0064769
22.94941244	0.0064327
22.95941219	0.0063862
22.96941193	0.0063374
22.97941167	0.0062869
22.98941142	0.0062362
22.99941116	0.0061878
23.00941091	0.0061439
23.01941065	0.0061051
23.02941039	0.0060706
23.03941014	0.0060391
23.04940988	0.0060084
23.05940963	0.0059765
23.06940937	0.0059426
23.07940911	0.0059074
23.08940886	0.0058725
23.0994086	0.0058393
23.10940835	0.0058074
23.11940809	0.0057751
23.12940783	0.005741
23.13940758	0.0057044
23.14940732	0.0056657
23.15940707	0.0056263
23.16940681	0.0055878
23.17940655	0.0055519
23.1894063	0.0055204
23.19940604	0.0054944
23.20940579	0.0054742
23.21940553	0.0054592
23.22940527	0.0054482
23.23940502	0.0054404
23.24940476	0.0054352
23.25940451	0.0054329
23.26940425	0.0054339
23.27940399	0.0054381
23.28940374	0.0054449
23.29940348	0.0054528
23.30940323	0.0054609
23.31940297	0.0054681
23.32940271	0.0054736
23.33940246	0.0054766
23.3494022	0.0054767
23.35940195	0.0054743
23.36940169	0.0054698
23.37940143	0.0054635
23.38940118	0.0054551
23.39940092	0.0054443
23.40940067	0.0054307
23.41940041	0.0054144
23.42940015	0.0053956
23.4393999	0.0053742
23.44939964	0.0053499
23.45939939	0.0053229
23.46939913	0.0052934
23.47939887	0.0052615
23.48939862	0.0052275
23.49939836	0.0051918
23.50939811	0.0051556
23.51939785	0.0051192
23.52939759	0.0050825
23.53939734	0.0050445
23.54939708	0.0050048
23.55939683	0.0049626
23.56939657	0.0049179
23.57939631	0.0048711
23.58939606	0.004823
23.5993958	0.0047739
23.60939555	0.0047237
23.61939529	0.0046721
23.62939503	0.0046181
23.63939478	0.0045609
23.64939452	0.0044992
23.65939427	0.0044326
23.66939401	0.0043609
23.67939375	0.0042842
23.6893935	0.0042029
23.69939324	0.0041184
23.70939299	0.0040323
23.71939273	0.0039464
23.72939247	0.0038614
23.73939222	0.0037777
23.74939196	0.0036952
23.75939171	0.0036143
23.76939145	0.0035351
23.77939119	0.0034584
23.78939094	0.0033845
23.79939068	0.0033138
23.80939042	0.0032463
23.81939017	0.0031813
23.82938991	0.0031175
23.83938966	0.0030539
23.8493894	0.0029904
23.85938914	0.0029279
23.86938889	0.0028669
23.87938863	0.0028079
23.88938838	0.0027503
23.89938812	0.0026932
23.90938786	0.0026355
23.91938761	0.0025771
23.92938735	0.0025181
23.9393871	0.0024587
23.94938684	0.0023994
23.95938658	0.002341
23.96938633	0.0022843
23.97938607	0.0022297
23.98938582	0.0021771
23.99938556	0.0021267
24.0093853	0.0020785
24.01938505	0.0020324
24.02938479	0.0019882
24.03938454	0.0019458
24.04938428	0.0019051
24.05938402	0.0018656
24.06938377	0.0018263
24.07938351	0.001786
24.08938326	0.0017436
24.099383	0.0016976
24.10938274	0.0016471
24.11938249	0.001592
24.12938223	0.0015329
24.13938198	0.001471
24.14938172	0.0014077
24.15938146	0.0013443
24.16938121	0.0012809
24.17938095	0.0012171
24.1893807	0.0011518
24.19938044	0.0010843
24.20938018	0.0010147
24.21937993	0.00094346
24.22937967	0.00087193
24.23937942	0.00080124
24.24937916	0.00073197
24.2593789	0.00066406
24.26937865	0.00059721
24.27937839	0.00053134
24.28937814	0.00046671
24.29937788	0.0004038
24.30937762	0.00034316
24.31937737	0.0002852
24.32937711	0.00023013
24.33937686	0.00017786
24.3493766	0.00012819
24.35937634	0.000081205
24.36937609	0.00003752
24.37937583	-2.1199E-06
24.38937558	-0.000037333
24.39937532	-0.000067926
24.40937506	-0.000093489
24.41937481	-0.00011373
24.42937455	-0.00012938
24.4393743	-0.00014249
24.44937404	-0.00015581
24.45937378	-0.00017175
24.46937353	-0.00019172
24.47937327	-0.0002158
24.48937302	-0.00024316
24.49937276	-0.00027244
24.5093725	-0.00030192
24.51937225	-0.00032922
24.52937199	-0.00035182
24.53937174	-0.00036791
24.54937148	-0.00037686
24.55937122	-0.00037877
24.56937097	-0.0003739
24.57937071	-0.00036278
24.58937046	-0.0003466
24.5993702	-0.00032744
24.60936994	-0.00030791
24.61936969	-0.00029023
24.62936943	-0.00027507
24.63936918	-0.00026126
24.64936892	-0.00024679
24.65936866	-0.00023026
24.66936841	-0.00021141
24.67936815	-0.00019044
24.6893679	-0.00016719
24.69936764	-0.00014065
24.70936738	-0.00010937
24.71936713	-0.000072352
24.72936687	-0.000029756
24.73936662	0.000017245
24.74936636	0.00006727
24.7593661	0.00011928
24.76936585	0.0001726
24.77936559	0.00022697
24.78936534	0.00028279
24.79936508	0.00034085
24.80936482	0.00040168
24.81936457	0.00046533
24.82936431	0.00053182
24.83936406	0.00060143
24.8493638	0.00067417
24.85936354	0.00074936
24.86936329	0.0008261
24.87936303	0.00090394
24.88936278	0.00098291
24.89936252	0.0010632
24.90936226	0.001145
24.91936201	0.0012287
24.92936175	0.0013143
24.9393615	0.0014012
24.94936124	0.0014876
24.95936098	0.0015723
24.96936073	0.0016548
24.97936047	0.0017354
24.98936022	0.0018147
24.99935996	0.0018934
25.0093597	0.0019717
25.01935945	0.0020493
25.02935919	0.0021253
25.03935893	0.0021989
25.04935868	0.0022694
25.05935842	0.0023374
25.06935817	0.0024032
25.07935791	0.0024671
25.08935765	0.0025294
25.0993574	0.0025906
25.10935714	0.0026519
25.11935689	0.0027144
25.12935663	0.002779
25.13935637	0.002846
25.14935612	0.0029151
25.15935586	0.0029847
25.16935561	0.0030524
25.17935535	0.0031168
25.18935509	0.003178
25.19935484	0.003238
25.20935458	0.0032991
25.21935433	0.0033631
25.22935407	0.0034307
25.23935381	0.0035017
25.24935356	0.0035758
25.2593533	0.0036527
25.26935305	0.0037324
25.27935279	0.0038147
25.28935253	0.0038988
25.29935228	0.0039836
25.30935202	0.0040685
25.31935177	0.0041538
25.32935151	0.0042401
25.33935125	0.0043276
25.349351	0.0044163
25.35935074	0.0045059
25.36935049	0.0045961
25.37935023	0.0046867
25.38934997	0.0047769
25.39934972	0.0048656
25.40934946	0.0049511
25.41934921	0.005032
25.42934895	0.0051074
25.43934869	0.005177
25.44934844	0.0052415
25.45934818	0.0053022
25.46934793	0.0053614
25.47934767	0.005421
25.48934741	0.0054821
25.49934716	0.0055461
25.5093469	0.0056145
25.51934665	0.005689
25.52934639	0.0057698
25.53934613	0.0058559
25.54934588	0.0059462
25.55934562	0.0060396
25.56934537	0.0061358
25.57934511	0.0062341
25.58934485	0.0063331
25.5993446	0.00643
25.60934434	0.0065221
25.61934409	0.0066074
25.62934383	0.0066855
25.63934357	0.0067564
25.64934332	0.0068207
25.65934306	0.0068793
25.66934281	0.0069338
25.67934255	0.0069853
25.68934229	0.0070343
25.69934204	0.007081
25.70934178	0.0071258
25.71934153	0.0071687
25.72934127	0.0072097
25.73934101	0.007249
25.74934076	0.0072866
25.7593405	0.007322
25.76934025	0.0073549
25.77933999	0.0073852
25.78933973	0.0074136
25.79933948	0.0074406
25.80933922	0.0074658
25.81933897	0.007488
25.82933871	0.0075057
25.83933845	0.0075185
25.8493382	0.007527
25.85933794	0.0075326
25.86933769	0.007537
25.87933743	0.007542
25.88933717	0.0075494
25.89933692	0.0075612
25.90933666	0.0075785
25.91933641	0.0076028
25.92933615	0.0076347
25.93933589	0.0076738
25.94933564	0.0077177
25.95933538	0.0077629
25.96933513	0.0078069
25.97933487	0.0078482
25.98933461	0.0078857
25.99933436	0.0079187
26.0093341	0.0079462
26.01933385	0.0079681
26.02933359	0.0079844
26.03933333	0.007995
26.04933308	0.0079998
26.05933282	0.0079986
26.06933257	0.0079922
26.07933231	0.0079819
26.08933205	0.00797
26.0993318	0.0079584
26.10933154	0.0079482
26.11933129	0.0079394
26.12933103	0.0079318
26.13933077	0.0079248
26.14933052	0.0079177
26.15933026	0.0079091
26.16933001	0.007898
26.17932975	0.007884
26.18932949	0.0078671
26.19932924	0.0078479
26.20932898	0.007827
26.21932873	0.0078058
26.22932847	0.0077853
26.23932821	0.0077659
26.24932796	0.0077468
26.2593277	0.0077271
26.26932744	0.0077067
26.27932719	0.0076856
26.28932693	0.0076635
26.29932668	0.0076392
26.30932642	0.0076121
26.31932616	0.0075817
26.32932591	0.0075483
26.33932565	0.0075117
26.3493254	0.0074728
26.35932514	0.007433
26.36932488	0.0073941
26.37932463	0.0073567
26.38932437	0.0073204
26.39932412	0.0072848
26.40932386	0.0072502
26.4193236	0.0072174
26.42932335	0.0071861
26.43932309	0.0071551
26.44932284	0.0071228
26.45932258	0.0070884
26.46932232	0.0070517
26.47932207	0.0070136
26.48932181	0.0069745
26.49932156	0.0069349
26.5093213	0.0068948
26.51932104	0.006854
26.52932079	0.0068122
26.53932053	0.0067691
26.54932028	0.0067248
26.55932002	0.0066794
26.56931976	0.0066331
26.57931951	0.0065858
26.58931925	0.0065383
26.599319	0.0064917
26.60931874	0.0064469
26.61931848	0.0064039
26.62931823	0.0063621
26.63931797	0.0063204
26.64931772	0.0062779
26.65931746	0.0062339
26.6693172	0.0061887
26.67931695	0.006142
26.68931669	0.0060931
26.69931644	0.006041
26.70931618	0.0059854
26.71931592	0.0059263
26.72931567	0.0058637
26.73931541	0.0057978
26.74931516	0.005729
26.7593149	0.0056582
26.76931464	0.0055862
26.77931439	0.005513
26.78931413	0.005439
26.79931388	0.0053649
26.80931362	0.0052918
26.81931336	0.0052212
26.82931311	0.005154
26.83931285	0.0050905
26.8493126	0.0050301
26.85931234	0.0049719
26.86931208	0.0049153
26.87931183	0.0048598
26.88931157	0.0048056
26.89931132	0.0047526
26.90931106	0.0047009
26.9193108	0.0046504
26.92931055	0.004601
26.93931029	0.0045527
26.94931004	0.0045056
26.95930978	0.0044598
26.96930952	0.0044148
26.97930927	0.0043697
26.98930901	0.0043231
26.99930876	0.0042733
27.0093085	0.004219
27.01930824	0.0041594
27.02930799	0.0040946
27.03930773	0.0040253
27.04930748	0.0039526
27.05930722	0.0038766
27.06930696	0.0037974
27.07930671	0.0037149
27.08930645	0.0036293
27.0993062	0.0035411
27.10930594	0.0034513
27.11930568	0.0033617
27.12930543	0.003275
27.13930517	0.0031926
27.14930492	0.0031149
27.15930466	0.0030415
27.1693044	0.0029718
27.17930415	0.0029047
27.18930389	0.0028389
27.19930364	0.0027731
27.20930338	0.0027064
27.21930312	0.002639
27.22930287	0.0025707
27.23930261	0.0025014
27.24930236	0.0024311
27.2593021	0.0023598
27.26930184	0.0022874
27.27930159	0.0022137
27.28930133	0.0021391
27.29930108	0.0020647
27.30930082	0.0019914
27.31930056	0.0019197
27.32930031	0.0018501
27.33930005	0.0017823
27.3492998	0.0017152
27.35929954	0.0016476
27.36929928	0.001579
27.37929903	0.0015097
27.38929877	0.0014407
27.39929852	0.0013722
27.40929826	0.0013044
27.419298	0.0012379
27.42929775	0.001173
27.43929749	0.0011095
27.44929724	0.001047
27.45929698	0.00098537
27.46929672	0.00092452
27.47929647	0.00086447
27.48929621	0.0008052
27.49929595	0.00074676
27.5092957	0.00068897
27.51929544	0.0006314
27.52929519	0.00057378
27.53929493	0.00051644
27.54929467	0.00045997
27.55929442	0.00040452
27.56929416	0.00034976
27.57929391	0.00029551
27.58929365	0.00024232
27.59929339	0.00019115
27.60929314	0.00014263
27.61929288	0.000096798
27.62929263	0.000053395
27.63929237	0.000012242
27.64929211	-0.000026891
27.65929186	-0.000064247
27.6692916	-0.000099642
27.67929135	-0.00013235
27.68929109	-0.00016171
27.69929083	-0.00018768
27.70929058	-0.00021056
27.71929032	-0.0002306
27.72929007	-0.00024821
27.73928981	-0.00026409
27.74928955	-0.0002788
27.7592893	-0.00029219
27.76928904	-0.00030337
27.77928879	-0.00031107
27.78928853	-0.00031399
27.79928827	-0.00031125
27.80928802	-0.00030273
27.81928776	-0.000289
27.82928751	-0.00027094
27.83928725	-0.00024959
27.84928699	-0.00022593
27.85928674	-0.0002006
27.86928648	-0.00017356
27.87928623	-0.0001443
27.88928597	-0.0001124
27.89928571	-0.000077867
27.90928546	-0.000041199
27.9192852	-3.1328E-06
27.92928495	0.000035801
27.93928469	0.00007568
27.94928443	0.00011713
27.95928418	0.00016075
27.96928392	0.00020673
27.97928367	0.00025498
27.98928341	0.00030542
27.99928315	0.00035783
28.0092829	0.00041127
28.01928264	0.00046402
28.02928239	0.00051433
28.03928213	0.0005612
28.04928187	0.00060448
28.05928162	0.00064431
28.06928136	0.00068067
28.07928111	0.00071376
28.08928085	0.00074454
28.09928059	0.00077476
28.10928034	0.00080627
28.11928008	0.00084063
28.12927983	0.00087907
28.13927957	0.00092233
28.14927931	0.00096993
28.15927906	0.0010199
28.1692788	0.0010694
28.17927855	0.0011161
28.18927829	0.0011589
28.19927803	0.0011984
28.20927778	0.0012363
28.21927752	0.0012748
28.22927727	0.0013153
28.23927701	0.0013578
28.24927675	0.0014019
28.2592765	0.0014473
28.26927624	0.0014933
28.27927599	0.0015389
28.28927573	0.001583
28.29927547	0.0016258
28.30927522	0.0016686
28.31927496	0.0017124
28.32927471	0.0017569
28.33927445	0.0018009
28.34927419	0.0018427
28.35927394	0.0018813
28.36927368	0.0019156
28.37927343	0.001945
28.38927317	0.0019691
28.39927291	0.001988
28.40927266	0.0020018
28.4192724	0.0020101
28.42927215	0.0020129
28.43927189	0.0020117
28.44927163	0.0020092
28.45927138	0.0020086
28.46927112	0.0020128
28.47927087	0.0020246
28.48927061	0.0020461
28.49927035	0.0020778
28.5092701	0.0021183
28.51926984	0.0021644
28.52926959	0.0022116
28.53926933	0.0022556
28.54926907	0.0022935
28.55926882	0.0023249
28.56926856	0.0023515
28.57926831	0.0023768
28.58926805	0.0024044
28.59926779	0.002437
28.60926754	0.0024756
28.61926728	0.0025192
28.62926703	0.0025665
28.63926677	0.0026162
28.64926651	0.0026667
28.65926626	0.0027163
28.669266	0.0027635
28.67926575	0.0028071
28.68926549	0.0028463
28.69926523	0.0028807
28.70926498	0.0029106
28.71926472	0.0029367
28.72926446	0.0029598
28.73926421	0.0029807
28.74926395	0.0030006
28.7592637	0.0030218
28.76926344	0.003046
28.77926318	0.0030752
28.78926293	0.00311
28.79926267	0.0031501
28.80926242	0.0031937
28.81926216	0.0032383
28.8292619	0.0032812
28.83926165	0.0033195
28.84926139	0.0033505
28.85926114	0.0033726
28.86926088	0.0033861
28.87926062	0.0033937
28.88926037	0.0033984
28.89926011	0.0034024
28.90925986	0.0034071
28.9192596	0.0034138
28.92925934	0.0034232
28.93925909	0.003435
28.94925883	0.0034478
28.95925858	0.0034601
28.96925832	0.0034705
28.97925806	0.0034775
28.98925781	0.0034802
28.99925755	0.0034793
29.0092573	0.0034771
29.01925704	0.0034763
29.02925678	0.0034786
29.03925653	0.0034845
29.04925627	0.003493
29.05925602	0.0035029
29.06925576	0.0035135
29.0792555	0.0035251
29.08925525	0.0035384
29.09925499	0.0035527
29.10925474	0.0035666
29.11925448	0.0035784
29.12925422	0.0035872
29.13925397	0.0035932
29.14925371	0.0035973
29.15925346	0.003601
29.1692532	0.0036059
29.17925294	0.0036126
29.18925269	0.003621
29.19925243	0.0036301
29.20925218	0.0036385
29.21925192	0.0036446
29.22925166	0.0036474
29.23925141	0.003647
29.24925115	0.003645
29.2592509	0.0036433
29.26925064	0.0036441
29.27925038	0.0036491
29.28925013	0.0036586
29.29924987	0.0036712
29.30924962	0.0036849
29.31924936	0.0036982
29.3292491	0.0037107
29.33924885	0.0037224
29.34924859	0.003734
29.35924834	0.0037457
29.36924808	0.0037584
29.37924782	0.0037727
29.38924757	0.0037882
29.39924731	0.0038038
29.40924706	0.0038185
29.4192468	0.0038326
29.42924654	0.0038466
29.43924629	0.0038608
29.44924603	0.0038752
29.45924578	0.0038899
29.46924552	0.0039062
29.47924526	0.0039245
29.48924501	0.0039437
29.49924475	0.0039617
29.5092445	0.0039766
29.51924424	0.0039879
29.52924398	0.0039965
29.53924373	0.0040044
29.54924347	0.0040135
29.55924322	0.0040252
29.56924296	0.0040397
29.5792427	0.0040568
29.58924245	0.0040756
29.59924219	0.0040947
29.60924194	0.0041128
29.61924168	0.0041296
29.62924142	0.0041457
29.63924117	0.0041621
29.64924091	0.0041797
29.65924066	0.0041993
29.6692404	0.0042212
29.67924014	0.0042447
29.68923989	0.0042683
29.69923963	0.0042898
29.70923938	0.0043068
29.71923912	0.0043167
29.72923886	0.0043193
29.73923861	0.0043169
29.74923835	0.0043132
29.7592381	0.0043109
29.76923784	0.0043107
29.77923758	0.004311
29.78923733	0.0043104
29.79923707	0.0043081
29.80923682	0.0043042
29.81923656	0.0042997
29.8292363	0.0042953
29.83923605	0.0042911
29.84923579	0.0042866
29.85923554	0.0042809
29.86923528	0.0042731
29.87923502	0.0042623
29.88923477	0.0042482
29.89923451	0.0042314
29.90923425	0.004213
29.919234	0.0041939
29.92923374	0.0041743
29.93923349	0.0041543
29.94923323	0.0041335
29.95923297	0.004111
29.96923272	0.004086
29.97923246	0.0040584
29.98923221	0.0040289
29.99923195	0.0039986
30.00923169	0.0039683
30.01923144	0.0039379
30.02923118	0.0039063
30.03923093	0.003872
30.04923067	0.0038331
30.05923041	0.0037894
30.06923016	0.0037418
30.0792299	0.0036922
30.08922965	0.0036415
30.09922939	0.0035905
30.10922913	0.0035401
30.11922888	0.003491
30.12922862	0.0034428
30.13922837	0.0033949
30.14922811	0.0033466
30.15922785	0.0032978
30.1692276	0.0032486
30.17922734	0.0031994
30.18922709	0.0031509
30.19922683	0.0031029
30.20922657	0.0030549
30.21922632	0.0030065
30.22922606	0.002958
30.23922581	0.00291
30.24922555	0.0028627
30.25922529	0.0028161
30.26922504	0.0027702
30.27922478	0.0027254
30.28922453	0.0026823
30.29922427	0.0026412
30.30922401	0.0026021
30.31922376	0.0025646
30.3292235	0.0025282
30.33922325	0.0024929
30.34922299	0.002459
30.35922273	0.0024262
30.36922248	0.0023941
30.37922222	0.0023618
30.38922197	0.002329
30.39922171	0.0022959
30.40922145	0.0022631
30.4192212	0.002231
30.42922094	0.0021998
30.43922069	0.0021699
30.44922043	0.0021409
30.45922017	0.0021115
30.46921992	0.0020806
30.47921966	0.0020472
30.48921941	0.0020114
30.49921915	0.0019739
30.50921889	0.0019351
30.51921864	0.0018959
30.52921838	0.001857
30.53921813	0.0018185
30.54921787	0.0017796
30.55921761	0.0017397
30.56921736	0.0016983
30.5792171	0.0016552
30.58921685	0.0016107
30.59921659	0.001565
30.60921633	0.0015191
30.61921608	0.0014737
30.62921582	0.0014293
30.63921557	0.0013857
30.64921531	0.001343
30.65921505	0.0013009
30.6692148	0.0012595
30.67921454	0.001219
30.68921429	0.0011802
30.69921403	0.0011439
30.70921377	0.0011108
30.71921352	0.001081
30.72921326	0.0010544
30.73921301	0.001031
30.74921275	0.0010108
30.75921249	0.00099366
30.76921224	0.00097905
30.77921198	0.00096685
30.78921173	0.00095786
30.79921147	0.00095353
30.80921121	0.00095507
30.81921096	0.00096272
30.8292107	0.00097594
30.83921045	0.00099385
30.84921019	0.0010154
30.85920993	0.0010394
30.86920968	0.0010645
30.87920942	0.0010895
30.88920917	0.0011127
30.89920891	0.001133
30.90920865	0.0011501
30.9192084	0.0011646
30.92920814	0.0011775
30.93920789	0.001189
30.94920763	0.0012
30.95920737	0.0012113
30.96920712	0.0012236
30.97920686	0.0012372
30.98920661	0.0012515
30.99920635	0.0012661
31.00920609	0.0012799
31.01920584	0.0012919
31.02920558	0.0013016
31.03920533	0.0013088
31.04920507	0.0013136
31.05920481	0.0013161
31.06920456	0.0013167
31.0792043	0.0013164
31.08920405	0.0013164
31.09920379	0.0013175
31.10920353	0.0013197
31.11920328	0.0013229
31.12920302	0.0013272
31.13920276	0.0013322
31.14920251	0.0013375
31.15920225	0.0013427
31.169202	0.0013473
31.17920174	0.0013511
31.18920148	0.0013538
31.19920123	0.0013558
31.20920097	0.001358
31.21920072	0.0013613
31.22920046	0.0013655
31.2392002	0.0013697
31.24919995	0.0013724
31.25919969	0.0013726
31.26919944	0.0013688
31.27919918	0.0013602
31.28919892	0.0013468
31.29919867	0.0013292
31.30919841	0.0013084
31.31919816	0.0012859
31.3291979	0.0012633
31.33919764	0.0012421
31.34919739	0.0012222
31.35919713	0.0012027
31.36919688	0.0011825
31.37919662	0.0011611
31.38919636	0.0011385
31.39919611	0.0011153
31.40919585	0.001092
31.4191956	0.0010691
31.42919534	0.0010468
31.43919508	0.0010254
31.44919483	0.0010051
31.45919457	0.00098575
31.46919432	0.00096686
31.47919406	0.00094749
31.4891938	0.00092689
31.49919355	0.0009048
31.50919329	0.00088176
31.51919304	0.00085887
31.52919278	0.00083709
31.53919252	0.00081669
31.54919227	0.00079729
31.55919201	0.00077826
31.56919176	0.0007588
31.5791915	0.00073811
31.58919124	0.00071564
31.59919099	0.00069123
31.60919073	0.00066479
31.61919048	0.00063628
31.62919022	0.00060635
31.63918996	0.00057664
31.64918971	0.00054899
31.65918945	0.00052441
31.6691892	0.00050284
31.67918894	0.00048388
31.68918868	0.00046767
31.69918843	0.00045495
31.70918817	0.0004465
31.71918792	0.00044232
31.72918766	0.00044158
31.7391874	0.00044347
31.74918715	0.00044801
31.75918689	0.00045574
31.76918664	0.00046679
31.77918638	0.00048037
31.78918612	0.00049535
31.79918587	0.000511
31.80918561	0.00052728
31.81918536	0.00054439
31.8291851	0.00056248
31.83918484	0.00058161
31.84918459	0.00060196
31.85918433	0.00062367
31.86918408	0.00064655
31.87918382	0.0006703
31.88918356	0.00069489
31.89918331	0.00072058
31.90918305	0.00074755
31.9191828	0.00077579
31.92918254	0.00080526
31.93918228	0.00083582
31.94918203	0.00086689
31.95918177	0.00089782
31.96918152	0.0009287
31.97918126	0.00096032
31.989181	0.00099311
31.99918075	0.0010262
32.00918049	0.0010578
32.01918024	0.0010859
32.02917998	0.0011097
32.03917972	0.0011296
32.04917947	0.0011469
32.05917921	0.0011632
32.06917896	0.0011792
32.0791787	0.0011949
32.08917844	0.00121
32.09917819	0.0012241
32.10917793	0.0012372
32.11917768	0.0012495
32.12917742	0.0012615
32.13917716	0.0012733
32.14917691	0.0012853
32.15917665	0.0012976
32.1691764	0.0013105
32.17917614	0.001324
32.18917588	0.0013382
32.19917563	0.0013528
32.20917537	0.0013676
32.21917512	0.001382
32.22917486	0.0013955
32.2391746	0.0014076
32.24917435	0.0014179
32.25917409	0.0014258
32.26917384	0.0014309
32.27917358	0.0014334
32.28917332	0.0014341
32.29917307	0.0014337
32.30917281	0.0014316
32.31917256	0.0014269
32.3291723	0.0014193
32.33917204	0.0014099
32.34917179	0.0014
32.35917153	0.0013899
32.36917127	0.001379
32.37917102	0.0013671
32.38917076	0.0013542
32.39917051	0.0013399
32.40917025	0.0013235
32.41916999	0.0013049
32.42916974	0.0012842
32.43916948	0.0012621
32.44916923	0.0012391
32.45916897	0.0012159
32.46916871	0.0011936
32.47916846	0.0011727
32.4891682	0.0011536
32.49916795	0.0011359
32.50916769	0.0011192
32.51916743	0.0011022
32.52916718	0.0010843
32.53916692	0.0010653
32.54916667	0.0010461
32.55916641	0.0010276
32.56916615	0.0010102
32.5791659	0.0009937
32.58916564	0.00097803
32.59916539	0.00096308
32.60916513	0.00094883
32.61916487	0.00093527
32.62916462	0.00092246
32.63916436	0.00091054
32.64916411	0.00089976
32.65916385	0.00089024
32.66916359	0.00088182
32.67916334	0.00087422
32.68916308	0.00086722
32.69916283	0.00086073
32.70916257	0.00085469
32.71916231	0.00084908
32.72916206	0.00084398
32.7391618	0.00083958
32.74916155	0.0008358
32.75916129	0.00083219
32.76916103	0.00082808
32.77916078	0.0008228
32.78916052	0.00081595
32.79916027	0.00080761
32.80916001	0.00079836
32.81915975	0.00078889
32.8291595	0.00077956
32.83915924	0.00077039
32.84915899	0.00076146
32.85915873	0.00075284
32.86915847	0.00074408
32.87915822	0.00073419
32.88915796	0.00072247
32.89915771	0.00070895
32.90915745	0.00069409
32.91915719	0.00067814
32.92915694	0.00066103
32.93915668	0.00064261
32.94915643	0.00062291
32.95915617	0.00060224
32.96915591	0.00058115
32.97915566	0.00056018
32.9891554	0.00053962
32.99915515	0.00051947
33.00915489	0.00049969
33.01915463	0.00048025
33.02915438	0.0004612
33.03915412	0.00044262
33.04915387	0.00042458
33.05915361	0.000407
33.06915335	0.00038974
33.0791531	0.00037286
33.08915284	0.00035658
33.09915259	0.000341
33.10915233	0.00032589
33.11915207	0.00031104
33.12915182	0.00029645
33.13915156	0.00028213
33.14915131	0.00026794
33.15915105	0.0002537
33.16915079	0.0002394
33.17915054	0.00022515
33.18915028	0.00021106
33.19915003	0.00019715
33.20914977	0.00018348
33.21914951	0.00017011
33.22914926	0.00015713
33.239149	0.00014452
33.24914875	0.00013217
33.25914849	0.00012
33.26914823	0.00010821
33.27914798	0.000097261
33.28914772	0.000087553
33.29914747	0.000079016
33.30914721	0.000071204
33.31914695	0.000063693
33.3291467	0.000056343
33.33914644	0.0000492
33.34914619	0.000042274
33.35914593	0.000035413
33.36914567	0.000028274
33.37914542	0.000020413
33.38914516	0.000011514
33.39914491	1.6193E-06
33.40914465	-8.8853E-06
33.41914439	-0.000019532
33.42914414	-0.000030022
33.43914388	-0.000040281
33.44914363	-0.00005036
33.45914337	-0.000060295
33.46914311	-0.000070052
33.47914286	-0.0000796
33.4891426	-0.000088982
33.49914235	-0.000098226
33.50914209	-0.00010728
33.51914183	-0.00011612
33.52914158	-0.00012484
33.53914132	-0.00013339
33.54914107	-0.00014137
33.55914081	-0.00014832
33.56914055	-0.00015426
33.5791403	-0.00015967
33.58914004	-0.00016491
33.59913978	-0.00017001
33.60913953	-0.00017492
33.61913927	-0.00017964
33.62913902	-0.00018399
33.63913876	-0.00018779
33.6491385	-0.00019107
33.65913825	-0.00019408
33.66913799	-0.00019693
33.67913774	-0.00019958
33.68913748	-0.00020203
33.69913722	-0.0002043
33.70913697	-0.00020625
33.71913671	-0.00020769
33.72913646	-0.0002086
33.7391362	-0.00020916
33.74913594	-0.00020949
33.75913569	-0.00020964
33.76913543	-0.00020972
33.77913518	-0.0002098
33.78913492	-0.00020981
33.79913466	-0.00020961
33.80913441	-0.00020916
33.81913415	-0.00020852
33.8291339	-0.00020766
33.83913364	-0.00020657
33.84913338	-0.00020524
33.85913313	-0.00020372
33.86913287	-0.00020196
33.87913262	-0.00019988
33.88913236	-0.00019743
33.8991321	-0.00019457
33.90913185	-0.00019135
33.91913159	-0.00018805
33.92913134	-0.00018506
33.93913108	-0.00018276
33.94913082	-0.0001814
33.95913057	-0.00018115
33.96913031	-0.00018199
33.97913006	-0.00018356
33.9891298	-0.00018529
33.99912954	-0.00018677
34.00912929	-0.00018794
34.01912903	-0.00018889
34.02912878	-0.00018962
34.03912852	-0.00019006
34.04912826	-0.00019023
34.05912801	-0.0001902
34.06912775	-0.00018974
34.0791275	-0.00018839
34.08912724	-0.00018592
34.09912698	-0.00018256
34.10912673	-0.00017876
34.11912647	-0.00017471
34.12912622	-0.00017038
34.13912596	-0.0001658
34.1491257	-0.00016098
34.15912545	-0.00015563
34.16912519	-0.00014935
34.17912494	-0.00014207
34.18912468	-0.00013414
34.19912442	-0.00012593
34.20912417	-0.00011768
34.21912391	-0.0001097
34.22912366	-0.00010245
34.2391234	-0.000096145
34.24912314	-0.000090477
34.25912289	-0.000084888
34.26912263	-0.000078952
34.27912238	-0.000072506
34.28912212	-0.000065651
34.29912186	-0.000058824
34.30912161	-0.000052785
34.31912135	-0.000048247
34.3291211	-0.000045389
34.33912084	-0.000043823
34.34912058	-0.000043099
34.35912033	-0.000043128
34.36912007	-0.000044043
34.37911982	-0.000045792
34.38911956	-0.000048033
34.3991193	-0.000050349
34.40911905	-0.000052371
34.41911879	-0.000053687
34.42911854	-0.000053836
34.43911828	-0.000052489
34.44911802	-0.000049546
34.45911777	-0.000045022
34.46911751	-0.000038942
34.47911726	-0.000031383
34.489117	-0.000022594
34.49911674	-0.000012959
34.50911649	-2.7931E-06
34.51911623	7.8131E-06
34.52911598	0.000018903
34.53911572	0.000030461
34.54911546	0.000042427
34.55911521	0.000054918
34.56911495	0.000068252
34.5791147	0.00008265
34.58911444	0.000097998
34.59911418	0.00011398
34.60911393	0.00013041
34.61911367	0.00014737
34.62911342	0.00016525
34.63911316	0.00018454
34.6491129	0.00020552
34.65911265	0.00022824
34.66911239	0.00025266
34.67911214	0.00027882
34.68911188	0.00030672
34.69911162	0.00033603
34.70911137	0.00036626
34.71911111	0.00039709
34.72911086	0.00042846
34.7391106	0.00046052
34.74911034	0.00049364
34.75911009	0.00052832
34.76910983	0.00056482
34.77910958	0.00060292
34.78910932	0.000642
34.79910906	0.00068129
34.80910881	0.0007201
34.81910855	0.00075805
34.82910829	0.00079536
34.83910804	0.00083275
34.84910778	0.00087089
34.85910753	0.00090976
34.86910727	0.0009486
34.87910701	0.00098644
34.88910676	0.0010229
34.8991065	0.0010584
34.90910625	0.0010934
34.91910599	0.0011282
34.92910573	0.0011627
34.93910548	0.0011967
34.94910522	0.0012301
34.95910497	0.0012625
34.96910471	0.0012937
34.97910445	0.0013238
34.9891042	0.0013531
34.99910394	0.0013816
35.00910369	0.0014087
35.01910343	0.0014339
35.02910317	0.0014577
35.03910292	0.001481
35.04910266	0.0015043
35.05910241	0.0015274
35.06910215	0.0015495
35.07910189	0.0015704
35.08910164	0.0015906
35.09910138	0.001611
35.10910113	0.0016324
35.11910087	0.001655
35.12910061	0.0016789
35.13910036	0.0017039
35.1491001	0.0017293
35.15909985	0.0017539
35.16909959	0.0017767
35.17909933	0.001797
35.18909908	0.0018144
35.19909882	0.0018286
35.20909857	0.0018401
35.21909831	0.0018496
35.22909805	0.0018573
35.2390978	0.0018629
35.24909754	0.0018658
35.25909729	0.0018661
35.26909703	0.0018643
35.27909677	0.0018612
35.28909652	0.001857
35.29909626	0.0018519
35.30909601	0.001846
35.31909575	0.0018397
35.32909549	0.0018334
35.33909524	0.0018271
35.34909498	0.0018209
35.35909473	0.0018146
35.36909447	0.0018082
35.37909421	0.0018012
35.38909396	0.0017935
35.3990937	0.0017853
35.40909345	0.0017769
35.41909319	0.001768
35.42909293	0.0017583
35.43909268	0.0017477
35.44909242	0.0017365
35.45909217	0.0017243
35.46909191	0.0017106
35.47909165	0.0016951
35.4890914	0.0016778
35.49909114	0.0016585
35.50909089	0.0016367
35.51909063	0.0016123
35.52909037	0.0015849
35.53909012	0.0015546
35.54908986	0.0015212
35.55908961	0.0014855
35.56908935	0.0014481
35.57908909	0.0014097
35.58908884	0.00137
35.59908858	0.0013288
35.60908833	0.0012854
35.61908807	0.0012399
35.62908781	0.0011924
35.63908756	0.0011436
35.6490873	0.0010939
35.65908705	0.0010436
35.66908679	0.00099209
35.67908653	0.00093888
35.68908628	0.00088374
35.69908602	0.00082689
35.70908577	0.00076887
35.71908551	0.00071005
35.72908525	0.00065041
35.739085	0.00058986
35.74908474	0.00052905
35.75908449	0.00046948
35.76908423	0.00041247
35.77908397	0.00035821
35.78908372	0.00030601
35.79908346	0.00025525
35.80908321	0.00020583
35.81908295	0.00015789
35.82908269	0.00011139
35.83908244	0.00006626
35.84908218	0.000022516
35.85908193	-0.000019678
35.86908167	-0.000060175
35.87908141	-0.000098975
35.88908116	-0.00013622
35.8990809	-0.00017208
35.90908065	-0.00020662
35.91908039	-0.00023982
35.92908013	-0.00027137
35.93907988	-0.00030051
35.94907962	-0.00032637
35.95907937	-0.0003485
35.96907911	-0.00036698
35.97907885	-0.0003819
35.9890786	-0.00039312
35.99907834	-0.00040068
36.00907808	-0.00040513
36.01907783	-0.0004072
36.02907757	-0.00040747
36.03907732	-0.0004065
36.04907706	-0.0004052
36.0590768	-0.00040437
36.06907655	-0.00040403
36.07907629	-0.00040332
36.08907604	-0.00040143
36.09907578	-0.00039853
36.10907552	-0.00039547
36.11907527	-0.00039265
36.12907501	-0.00038947
36.13907476	-0.00038504
36.1490745	-0.00037906
36.15907424	-0.00037168
36.16907399	-0.00036309
36.17907373	-0.00035345
36.18907348	-0.00034325
36.19907322	-0.00033321
36.20907296	-0.00032424
36.21907271	-0.00031754
36.22907245	-0.00031459
36.2390722	-0.00031634
36.24907194	-0.00032264
36.25907168	-0.00033253
36.26907143	-0.00034492
36.27907117	-0.0003592
36.28907092	-0.00037542
36.29907066	-0.00039413
36.3090704	-0.00041569
36.31907015	-0.00043971
36.32906989	-0.00046506
36.33906964	-0.00049054
36.34906938	-0.00051533
36.35906912	-0.00053903
36.36906887	-0.00056151
36.37906861	-0.00058285
36.38906836	-0.00060315
36.3990681	-0.00062243
36.40906784	-0.00064067
36.41906759	-0.00065782
36.42906733	-0.00067394
36.43906708	-0.00068933
36.44906682	-0.00070465
36.45906656	-0.00072066
36.46906631	-0.00073787
36.47906605	-0.00075649
36.4890658	-0.00077657
36.49906554	-0.0007981
36.50906528	-0.00082095
36.51906503	-0.00084501
36.52906477	-0.0008704
36.53906452	-0.00089748
36.54906426	-0.0009264
36.559064	-0.00095695
36.56906375	-0.0009888
36.57906349	-0.0010219
36.58906324	-0.0010563
36.59906298	-0.001092
36.60906272	-0.0011287
36.61906247	-0.0011658
36.62906221	-0.001203
36.63906196	-0.0012403
36.6490617	-0.0012779
36.65906144	-0.0013159
36.66906119	-0.0013542
36.67906093	-0.0013925
36.68906068	-0.0014311
36.69906042	-0.0014706
36.70906016	-0.0015113
36.71905991	-0.0015524
36.72905965	-0.0015932
36.7390594	-0.0016328
36.74905914	-0.001671
36.75905888	-0.0017073
36.76905863	-0.001742
36.77905837	-0.0017752
36.78905812	-0.0018074
36.79905786	-0.0018387
36.8090576	-0.0018688
36.81905735	-0.0018977
36.82905709	-0.0019256
36.83905684	-0.0019525
36.84905658	-0.0019783
36.85905632	-0.0020025
36.86905607	-0.0020254
36.87905581	-0.0020472
36.88905556	-0.0020682
36.8990553	-0.0020884
36.90905504	-0.0021076
36.91905479	-0.0021256
36.92905453	-0.0021424
36.93905428	-0.0021582
36.94905402	-0.0021729
36.95905376	-0.0021863
36.96905351	-0.0021987
36.97905325	-0.0022099
36.989053	-0.00222
36.99905274	-0.0022286
37.00905248	-0.0022352
37.01905223	-0.0022398
37.02905197	-0.0022429
37.03905172	-0.0022448
37.04905146	-0.0022459
37.0590512	-0.0022461
37.06905095	-0.0022454
37.07905069	-0.0022436
37.08905044	-0.0022406
37.09905018	-0.0022367
37.10904992	-0.0022318
37.11904967	-0.0022258
37.12904941	-0.0022187
37.13904916	-0.0022103
37.1490489	-0.0022005
37.15904864	-0.0021883
37.16904839	-0.002173
37.17904813	-0.0021542
37.18904788	-0.0021321
37.19904762	-0.0021073
37.20904736	-0.0020804
37.21904711	-0.0020518
37.22904685	-0.0020222
37.23904659	-0.0019922
37.24904634	-0.0019616
37.25904608	-0.0019301
37.26904583	-0.0018974
37.27904557	-0.0018635
37.28904531	-0.0018283
37.29904506	-0.001792
37.3090448	-0.0017544
37.31904455	-0.0017155
37.32904429	-0.0016754
37.33904403	-0.0016341
37.34904378	-0.0015916
37.35904352	-0.0015478
37.36904327	-0.0015027
37.37904301	-0.0014565
37.38904275	-0.0014091
37.3990425	-0.0013608
37.40904224	-0.0013116
37.41904199	-0.0012616
37.42904173	-0.0012112
37.43904147	-0.0011612
37.44904122	-0.0011122
37.45904096	-0.0010643
37.46904071	-0.0010175
37.47904045	-0.00097168
37.48904019	-0.00092702
37.49903994	-0.00088347
37.50903968	-0.00084094
37.51903943	-0.00079948
37.52903917	-0.0007592
37.53903891	-0.00071996
37.54903866	-0.00068147
37.5590384	-0.00064362
37.56903815	-0.00060654
37.57903789	-0.00057006
37.58903763	-0.00053385
37.59903738	-0.00049796
37.60903712	-0.00046289
37.61903687	-0.00042887
37.62903661	-0.00039557
37.63903635	-0.00036261
37.6490361	-0.0003302
37.65903584	-0.00029871
37.66903559	-0.0002682
37.67903533	-0.00023854
37.68903507	-0.0002098
37.69903482	-0.00018214
37.70903456	-0.0001556
37.71903431	-0.00013019
37.72903405	-0.00010613
37.73903379	-0.000083507
37.74903354	-0.000061921
37.75903328	-0.000040438
37.76903303	-0.000018038
37.77903277	5.9736E-06
37.78903251	0.000031798
37.79903226	0.000059199
37.809032	0.000087746
37.81903175	0.00011706
37.82903149	0.00014679
37.83903123	0.00017653
37.84903098	0.0002059
37.85903072	0.0002349
37.86903047	0.0002637
37.87903021	0.00029212
37.88902995	0.0003195
37.8990297	0.00034544
37.90902944	0.0003702
37.91902919	0.00039418
37.92902893	0.00041725
37.93902867	0.0004389
37.94902842	0.00045891
37.95902816	0.00047753
37.96902791	0.00049542
37.97902765	0.00051341
37.98902739	0.00053208
37.99902714	0.0005511
38.00902688	0.00056933
38.01902663	0.00058581
38.02902637	0.00060067
38.03902611	0.00061469
38.04902586	0.00062839
38.0590256	0.0006417
38.06902535	0.00065426
38.07902509	0.00066566
38.08902483	0.00067551
38.09902458	0.00068333
38.10902432	0.00068844
38.11902407	0.00069013
38.12902381	0.00068823
38.13902355	0.00068344
38.1490233	0.00067703
38.15902304	0.0006702
38.16902279	0.00066385
38.17902253	0.00065873
38.18902227	0.00065504
38.19902202	0.00065197
38.20902176	0.00064795
38.21902151	0.00064157
38.22902125	0.00063222
38.23902099	0.00062
38.24902074	0.00060537
38.25902048	0.00058906
38.26902023	0.00057219
38.27901997	0.00055619
38.28901971	0.00054234
38.29901946	0.00053111
38.3090192	0.00052198
38.31901895	0.00051394
38.32901869	0.0005062
38.33901843	0.0004987
38.34901818	0.00049206
38.35901792	0.00048706
38.36901767	0.00048418
38.37901741	0.00048353
38.38901715	0.00048494
38.3990169	0.00048789
38.40901664	0.00049124
38.41901639	0.00049371
38.42901613	0.0004946
38.43901587	0.00049404
38.44901562	0.00049256
38.45901536	0.00049074
38.4690151	0.00048929
38.47901485	0.00048875
38.48901459	0.00048906
38.49901434	0.0004895
38.50901408	0.00048922
38.51901382	0.00048742
38.52901357	0.00048338
38.53901331	0.0004766
38.54901306	0.0004672
38.5590128	0.00045583
38.56901254	0.00044343
38.57901229	0.00043094
38.58901203	0.00041911
38.59901178	0.00040835
38.60901152	0.00039885
38.61901126	0.00039087
38.62901101	0.00038478
38.63901075	0.0003806
38.6490105	0.00037785
38.65901024	0.00037558
38.66900998	0.00037278
38.67900973	0.00036886
38.68900947	0.00036412
38.69900922	0.00035951
38.70900896	0.00035584
38.7190087	0.00035308
38.72900845	0.00035047
38.73900819	0.00034701
38.74900794	0.00034171
38.75900768	0.00033382
38.76900742	0.00032335
38.77900717	0.00031137
38.78900691	0.00029945
38.79900666	0.00028884
38.8090064	0.00028
38.81900614	0.00027278
38.82900589	0.00026648
38.83900563	0.00026017
38.84900538	0.00025306
38.85900512	0.00024496
38.86900486	0.0002361
38.87900461	0.00022681
38.88900435	0.00021715
38.8990041	0.00020703
38.90900384	0.00019628
38.91900358	0.00018478
38.92900333	0.00017259
38.93900307	0.00016011
38.94900282	0.00014798
38.95900256	0.00013685
38.9690023	0.00012694
38.97900205	0.00011798
38.98900179	0.00010946
38.99900154	0.00010106
39.00900128	0.00009274
39.01900102	0.000084534
39.02900077	0.000076451
39.03900051	0.000068426
39.04900026	0.000060251
39.059	#N/A
