0	0.0077869
0.009999744	0.021176
0.019999488	0.02997
0.029999232	0.02995
0.039998976	0.032595
0.04999872	0.042228
0.059998464	0.047024
0.069998208	0.035093
0.079997952	0.015713
0.089997696	0.0098497
0.09999744	0.014038
0.109997184	0.0086138
0.119996928	-0.0097051
0.129996672	-0.021051
0.139996416	-0.015403
0.14999616	-0.0035883
0.159995904	-0.0004324
0.169995648	-0.0012123
0.179995392	0.0014313
0.189995136	0.002174
0.19999488	-0.0050985
0.209994624	-0.0073849
0.219994368	0.0060988
0.229994112	0.018763
0.239993856	0.0082085
0.2499936	-0.014911
0.259993344	-0.020116
0.269993088	-0.0035079
0.279992832	0.011417
0.289992576	0.012236
0.29999232	0.0082407
0.309992063	0.0051297
0.319991807	-0.00091442
0.329991551	-0.0080681
0.339991295	-0.0085585
0.349991039	-0.0038243
0.359990783	0.0003161
0.369990527	0.0037707
0.379990271	0.0083254
0.389990015	0.0097089
0.399989759	0.0078521
0.409989503	0.0090537
0.419989247	0.0168
0.429988991	0.023957
0.439988735	0.025261
0.449988479	0.023271
0.459988223	0.022475
0.469987967	0.020761
0.479987711	0.015684
0.489987455	0.0093932
0.499987199	0.0072527
0.509986943	0.010699
0.519986687	0.013093
0.529986431	0.0080125
0.539986175	0.0016423
0.549985919	0.0051368
0.559985663	0.013652
0.569985407	0.012025
0.579985151	0.0013955
0.589984895	0.0022396
0.599984639	0.018796
0.609984383	0.028034
0.619984127	0.0131
0.629983871	-0.012611
0.639983615	-0.031018
0.649983359	-0.037672
0.659983103	-0.027312
0.669982847	0.005884
0.679982591	0.041862
0.689982335	0.041657
0.699982079	0.00075403
0.709981823	-0.038318
0.719981567	-0.039333
0.729981311	-0.013081
0.739981055	0.011548
0.749980799	0.02392
0.759980543	0.025974
0.769980287	0.017257
0.779980031	0.00069654
0.789979775	-0.010025
0.799979519	-0.0010797
0.809979263	0.029964
0.819979007	0.06412
0.829978751	0.067222
0.839978495	0.022527
0.849978239	-0.037502
0.859977983	-0.061657
0.869977727	-0.045469
0.879977471	-0.031788
0.889977215	-0.044145
0.899976959	-0.058398
0.909976703	-0.052566
0.919976446	-0.037245
0.92997619	-0.028615
0.939975934	-0.021969
0.949975678	-0.012544
0.959975422	-0.0079985
0.969975166	-0.014469
0.97997491	-0.025316
0.989974654	-0.030484
0.999974398	-0.018387
1.009974142	0.013335
1.019973886	0.040207
1.02997363	0.024679
1.039973374	-0.02996
1.049973118	-0.0697
1.059972862	-0.05325
1.069972606	-0.003429
1.07997235	0.028724
1.089972094	0.025862
1.099971838	0.0073455
1.109971582	-0.0078262
1.119971326	-0.016985
1.12997107	-0.024627
1.139970814	-0.035575
1.149970558	-0.050046
1.159970302	-0.062927
1.169970046	-0.071124
1.17996979	-0.076243
1.189969534	-0.075115
1.199969278	-0.062968
1.209969022	-0.050198
1.219968766	-0.055235
1.22996851	-0.071112
1.239968254	-0.064212
1.249967998	-0.024992
1.259967742	0.0091498
1.269967486	0.0058239
1.27996723	-0.014599
1.289966974	-0.015715
1.299966718	-6.7833E-06
1.309966462	0.0040244
1.319966206	-0.0075677
1.32996595	-0.017928
1.339965694	-0.024175
1.349965438	-0.035483
1.359965182	-0.042406
1.369964926	-0.029491
1.37996467	-0.0049625
1.389964414	0.0090079
1.399964158	0.0096207
1.409963902	0.0057196
1.419963646	-0.0037956
1.42996339	-0.018301
1.439963134	-0.018413
1.449962878	0.0040755
1.459962622	0.018525
1.469962366	-0.0047862
1.47996211	-0.043844
1.489961854	-0.053087
1.499961598	-0.031347
1.509961342	-0.018986
1.519961086	-0.036754
1.529960829	-0.060344
1.539960573	-0.058773
1.549960317	-0.026598
1.559960061	0.022628
1.569959805	0.072116
1.579959549	0.099143
1.589959293	0.085097
1.599959037	0.041152
1.609958781	0.0092328
1.619958525	0.015057
1.629958269	0.033895
1.639958013	0.022548
1.649957757	-0.018862
1.659957501	-0.047012
1.669957245	-0.037172
1.679956989	-0.0159
1.689956733	-0.022741
1.699956477	-0.063633
1.709956221	-0.111
1.719955965	-0.12889
1.729955709	-0.095242
1.739955453	-0.016863
1.749955197	0.069128
1.759954941	0.12354
1.769954685	0.13351
1.779954429	0.11136
1.789954173	0.07169
1.799953917	0.029106
1.809953661	0.0019953
1.819953405	0.00083492
1.829953149	0.010396
1.839952893	0.0088121
1.849952637	-0.0074852
1.859952381	-0.023268
1.869952125	-0.027995
1.879951869	-0.022616
1.889951613	-0.014577
1.899951357	-0.0091699
1.909951101	-0.0076518
1.919950845	-0.0048252
1.929950589	0.0058256
1.939950333	0.021291
1.949950077	0.024131
1.959949821	-0.0003954
1.969949565	-0.042593
1.979949309	-0.069509
1.989949053	-0.053112
1.999948797	0.0020733
2.009948541	0.063274
2.019948285	0.099955
2.029948029	0.10676
2.039947773	0.09504
2.049947517	0.075531
2.059947261	0.055981
2.069947005	0.044551
2.079946749	0.044247
2.089946493	0.044723
2.099946237	0.032656
2.109945981	0.008328
2.119945725	-0.014248
2.129945469	-0.027526
2.139945212	-0.039559
2.149944956	-0.055543
2.1599447	-0.060943
2.169944444	-0.038956
2.179944188	0.002091
2.189943932	0.034366
2.199943676	0.044023
2.20994342	0.038495
2.219943164	0.025286
2.229942908	-0.001823
2.239942652	-0.040824
2.249942396	-0.06997
2.25994214	-0.06908
2.269941884	-0.042057
2.279941628	-0.0099728
2.289941372	0.0087794
2.299941116	0.010222
2.30994086	0.0072706
2.319940604	0.013476
2.329940348	0.024107
2.339940092	0.024417
2.349939836	0.015083
2.35993958	0.013169
2.369939324	0.024852
2.379939068	0.043127
2.389938812	0.071697
2.399938556	0.11698
2.4099383	0.14856
2.419938044	0.11527
2.429937788	0.022612
2.439937532	-0.055018
2.449937276	-0.063919
2.45993702	-0.034645
2.469936764	-0.026224
2.479936508	-0.040741
2.489936252	-0.032239
2.499935996	0.021325
2.50993574	0.088319
2.519935484	0.12483
2.529935228	0.10822
2.539934972	0.038724
2.549934716	-0.063633
2.55993446	-0.15117
2.569934204	-0.17149
2.579933948	-0.11692
2.589933692	-0.04266
2.599933436	-0.014743
2.60993318	-0.039811
2.619932924	-0.056794
2.629932668	-0.0090942
2.639932412	0.08132
2.649932156	0.12415
2.6599319	0.061174
2.669931644	-0.055718
2.679931388	-0.11481
2.689931132	-0.072178
2.699930876	0.009844
2.70993062	0.05488
2.719930364	0.05022
2.729930108	0.024079
2.739929852	-0.0012672
2.749929595	-0.0083558
2.759929339	0.0087297
2.769929083	0.018521
2.779928827	-0.014325
2.789928571	-0.058321
2.799928315	-0.039273
2.809928059	0.05485
2.819927803	0.15853
2.829927547	0.21586
2.839927291	0.21847
2.849927035	0.1636
2.859926779	0.057516
2.869926523	-0.038878
2.879926267	-0.051058
2.889926011	0.012777
2.899925755	0.076519
2.909925499	0.10465
2.919925243	0.12759
2.929924987	0.16176
2.939924731	0.17478
2.949924475	0.13222
2.959924219	0.034357
2.969923963	-0.091283
2.979923707	-0.19115
2.989923451	-0.20394
2.999923195	-0.1208
3.009922939	-0.010484
3.019922683	0.063114
3.029922427	0.11876
3.039922171	0.20655
3.049921915	0.29825
3.059921659	0.30206
3.069921403	0.18016
3.079921147	-0.0024233
3.089920891	-0.1571
3.099920635	-0.24459
3.109920379	-0.27774
3.119920123	-0.30786
3.129919867	-0.40307
3.139919611	-0.56615
3.149919355	-0.67422
3.159919099	-0.57684
3.169918843	-0.28059
3.179918587	0.053153
3.189918331	0.3011
3.199918075	0.48917
3.209917819	0.66854
3.219917563	0.81259
3.229917307	0.88135
3.239917051	0.91161
3.249916795	0.95343
3.259916539	0.98431
3.269916283	0.9458
3.279916027	0.82268
3.289915771	0.62395
3.299915515	0.33496
3.309915259	-0.034146
3.319915003	-0.37636
3.329914747	-0.53844
3.339914491	-0.45567
3.349914235	-0.20422
3.359913978	0.079083
3.369913722	0.28746
3.379913466	0.34816
3.38991321	0.2138
3.399912954	-0.074253
3.409912698	-0.32811
3.419912442	-0.34147
3.429912186	-0.096707
3.43991193	0.21844
3.449911674	0.44323
3.459911418	0.57612
3.469911162	0.66445
3.479910906	0.68247
3.48991065	0.6074
3.499910394	0.48358
3.509910138	0.30257
3.519909882	-0.046743
3.529909626	-0.58165
3.53990937	-1.0891
3.549909114	-1.3503
3.559908858	-1.372
3.569908602	-1.2916
3.579908346	-1.1498
3.58990809	-0.91988
3.599907834	-0.62427
3.609907578	-0.2848
3.619907322	0.15347
3.629907066	0.65413
3.63990681	0.94527
3.649906554	0.75504
3.659906298	0.18403
3.669906042	-0.32355
3.679905786	-0.41772
3.68990553	-0.14604
3.699905274	0.18045
3.709905018	0.32691
3.719904762	0.27787
3.729904506	0.13281
3.73990425	-0.049318
3.749903994	-0.29995
3.759903738	-0.67364
3.769903482	-1.1438
3.779903226	-1.5801
3.78990297	-1.8702
3.799902714	-2.0194
3.809902458	-2.082
3.819902202	-2.0553
3.829901946	-1.9405
3.83990169	-1.8085
3.849901434	-1.6238
3.859901178	-1.0884
3.869900922	0.024542
3.879900666	1.4082
3.88990041	2.4262
3.899900154	2.8199
3.909899898	2.8623
3.919899642	2.8087
3.929899386	2.5721
3.93989913	2.0505
3.949898874	1.4185
3.959898618	0.92458
3.969898361	0.60859
3.979898105	0.35497
3.989897849	0.014026
3.999897593	-0.56544
4.009897337	-1.4158
4.019897081	-2.2962
4.029896825	-2.8653
4.039896569	-3.012
4.049896313	-2.8725
4.059896057	-2.5567
4.069895801	-2.0469
4.079895545	-1.3682
4.089895289	-0.66617
4.099895033	-0.080425
4.109894777	0.35881
4.119894521	0.69264
4.129894265	0.97905
4.139894009	1.2553
4.149893753	1.4814
4.159893497	1.5529
4.169893241	1.4069
4.179892985	1.0812
4.189892729	0.63192
4.199892473	0.088695
4.209892217	-0.48313
4.219891961	-0.95331
4.229891705	-1.2258
4.239891449	-1.2758
4.249891193	-1.0941
4.259890937	-0.70805
4.269890681	-0.25982
4.279890425	0.080883
4.289890169	0.27494
4.299889913	0.38605
4.309889657	0.47403
4.319889401	0.61905
4.329889145	0.94165
4.339888889	1.4232
4.349888633	1.8533
4.359888377	2.0764
4.369888121	2.1757
4.379887865	2.2013
4.389887609	1.9848
4.399887353	1.4156
4.409887097	0.7243
4.419886841	0.20813
4.429886585	-0.10476
4.439886329	-0.33798
4.449886073	-0.50672
4.459885817	-0.59075
4.469885561	-0.693
4.479885305	-0.92274
4.489885049	-1.2017
4.499884793	-1.3306
4.509884537	-1.1881
4.519884281	-0.80869
4.529884025	-0.31769
4.539883769	0.15476
4.549883513	0.54588
4.559883257	0.80342
4.569883001	0.8108
4.579882744	0.49466
4.589882488	0.038904
4.599882232	-0.21165
4.609881976	-0.068764
4.61988172	0.37457
4.629881464	0.90124
4.639881208	1.2539
4.649880952	1.1447
4.659880696	0.46806
4.66988044	-0.44597
4.679880184	-1.0352
4.689879928	-1.0554
4.699879672	-0.75238
4.709879416	-0.5053
4.71987916	-0.44081
4.729878904	-0.43027
4.739878648	-0.3162
4.749878392	-0.083645
4.759878136	0.1628
4.76987788	0.31144
4.779877624	0.31046
4.789877368	0.19157
4.799877112	0.073594
4.809876856	0.090624
4.8198766	0.221
4.829876344	0.23217
4.839876088	-0.072401
4.849875832	-0.58491
4.859875576	-1.0032
4.86987532	-1.1802
4.879875064	-1.1959
4.889874808	-1.1488
4.899874552	-1.0283
4.909874296	-0.77074
4.91987404	-0.33365
4.929873784	0.23255
4.939873528	0.75082
4.949873272	1.053
4.959873016	1.1511
4.96987276	1.1484
4.979872504	1.03
4.989872248	0.73576
4.999871992	0.39099
5.009871736	0.22222
5.01987148	0.27128
5.029871224	0.39642
5.039870968	0.50184
5.049870712	0.54843
5.059870456	0.4311
5.0698702	0.096128
5.079869944	-0.27606
5.089869688	-0.44562
5.099869432	-0.4143
5.109869176	-0.35018
5.11986892	-0.29742
5.129868664	-0.17405
5.139868408	0.0066664
5.149868152	0.13519
5.159867896	0.18216
5.16986764	0.21084
5.179867384	0.24103
5.189867127	0.25963
5.199866871	0.30908
5.209866615	0.41208
5.219866359	0.44649
5.229866103	0.27859
5.239865847	-0.013795
5.249865591	-0.2115
5.259865335	-0.23515
5.269865079	-0.18885
5.279864823	-0.16099
5.289864567	-0.13236
5.299864311	-0.077426
5.309864055	-0.014347
5.319863799	0.046143
5.329863543	0.092067
5.339863287	0.070208
5.349863031	-0.044421
5.359862775	-0.16995
5.369862519	-0.20962
5.379862263	-0.17541
5.389862007	-0.13637
5.399861751	-0.10639
5.409861495	-0.06645
5.419861239	-0.03355
5.429860983	-0.027554
5.439860727	-0.027134
5.449860471	-0.010077
5.459860215	0.021035
5.469859959	0.074731
5.479859703	0.1546
5.489859447	0.21673
5.499859191	0.22607
5.509858935	0.23272
5.519858679	0.28458
5.529858423	0.30083
5.539858167	0.1653
5.549857911	-0.078296
5.559857655	-0.25219
5.569857399	-0.25248
5.579857143	-0.12672
5.589856887	0.026596
5.599856631	0.15254
5.609856375	0.25976
5.619856119	0.38662
5.629855863	0.52862
5.639855607	0.57243
5.649855351	0.40097
5.659855095	0.068478
5.669854839	-0.21359
5.679854583	-0.28924
5.689854327	-0.1638
5.699854071	0.063645
5.709853815	0.26723
5.719853559	0.33105
5.729853303	0.20482
5.739853047	-0.056032
5.749852791	-0.35064
5.759852535	-0.60087
5.769852279	-0.75995
5.779852023	-0.81346
5.789851767	-0.80238
5.79985151	-0.77999
5.809851254	-0.74977
5.819850998	-0.70979
5.829850742	-0.70157
5.839850486	-0.73297
5.84985023	-0.74222
5.859849974	-0.72401
5.869849718	-0.76955
5.879849462	-0.87851
5.889849206	-0.84901
5.89984895	-0.51262
5.909848694	0.022514
5.919848438	0.47422
5.929848182	0.69153
5.939847926	0.73338
5.94984767	0.73528
5.959847414	0.76029
5.969847158	0.76611
5.979846902	0.66898
5.989846646	0.46132
5.99984639	0.23346
6.009846134	0.0765
6.019845878	0.014668
6.029845622	0.039968
6.039845366	0.1164
6.04984511	0.15025
6.059844854	0.064246
6.069844598	-0.081912
6.079844342	-0.15629
6.089844086	-0.13455
6.09984383	-0.10052
6.109843574	-0.080805
6.119843318	-0.019479
6.129843062	0.086478
6.139842806	0.16155
6.14984255	0.18132
6.159842294	0.20314
6.169842038	0.26234
6.179841782	0.3195
6.189841526	0.33667
6.19984127	0.32784
6.209841014	0.32116
6.219840758	0.31723
6.229840502	0.30312
6.239840246	0.27648
6.24983999	0.24257
6.259839734	0.21155
6.269839478	0.19473
6.279839222	0.19661
6.289838966	0.19128
6.29983871	0.12984
6.309838454	-0.010823
6.319838198	-0.19045
6.329837942	-0.35136
6.339837686	-0.47819
6.34983743	-0.58395
6.359837174	-0.66214
6.369836918	-0.69364
6.379836662	-0.68411
6.389836406	-0.65015
6.39983615	-0.58616
6.409835893	-0.48055
6.419835637	-0.35924
6.429835381	-0.26054
6.439835125	-0.18762
6.449834869	-0.12216
6.459834613	-0.079287
6.469834357	-0.088195
6.479834101	-0.13096
6.489833845	-0.14759
6.499833589	-0.10719
6.509833333	-0.034164
6.519833077	0.039013
6.529832821	0.094152
6.539832565	0.094231
6.549832309	-0.01732
6.559832053	-0.23409
6.569831797	-0.44163
6.579831541	-0.50854
6.589831285	-0.4005
6.599831029	-0.17912
6.609830773	0.081941
6.619830517	0.32678
6.629830261	0.49692
6.639830005	0.53541
6.649829749	0.43167
6.659829493	0.23416
6.669829237	0.03509
6.679828981	-0.054713
6.689828725	0.040681
6.699828469	0.295
6.709828213	0.57662
6.719827957	0.73212
6.729827701	0.67618
6.739827445	0.44217
6.749827189	0.16529
6.759826933	-0.01284
6.769826677	-0.071463
6.779826421	-0.10353
6.789826165	-0.16192
6.799825909	-0.17272
6.809825653	-0.046793
6.819825397	0.19702
6.829825141	0.4575
6.839824885	0.63231
6.849824629	0.62244
6.859824373	0.37792
6.869824117	0.014945
6.879823861	-0.21074
6.889823605	-0.16053
6.899823349	0.031657
6.909823093	0.13262
6.919822837	0.05905
6.929822581	-0.10217
6.939822325	-0.2384
6.949822069	-0.27788
6.959821813	-0.18367
6.969821557	0.025416
6.979821301	0.25618
6.989821045	0.40432
6.999820789	0.42135
7.009820533	0.3148
7.019820276	0.1259
7.02982002	-0.071358
7.039819764	-0.19951
7.049819508	-0.2282
7.059819252	-0.18112
7.069818996	-0.10336
7.07981874	-0.055696
7.089818484	-0.10425
7.099818228	-0.26223
7.109817972	-0.45221
7.119817716	-0.57445
7.12981746	-0.59643
7.139817204	-0.55193
7.149816948	-0.48124
7.159816692	-0.41669
7.169816436	-0.38559
7.17981618	-0.37827
7.189815924	-0.3383
7.199815668	-0.22153
7.209815412	-0.038848
7.219815156	0.17275
7.2298149	0.37688
7.239814644	0.5193
7.249814388	0.53658
7.259814132	0.41493
7.269813876	0.20486
7.27981362	-0.036138
7.289813364	-0.27268
7.299813108	-0.45209
7.309812852	-0.50597
7.319812596	-0.41398
7.32981234	-0.23113
7.339812084	-0.032033
7.349811828	0.13108
7.359811572	0.22721
7.369811316	0.25315
7.37981106	0.26186
7.389810804	0.34151
7.399810548	0.53291
7.409810292	0.76301
7.419810036	0.87225
7.42980978	0.72923
7.439809524	0.35644
7.449809268	-0.059611
7.459809012	-0.3192
7.469808756	-0.38059
7.4798085	-0.35437
7.489808244	-0.35654
7.499807988	-0.41306
7.509807732	-0.48255
7.519807476	-0.49471
7.52980722	-0.38338
7.539806964	-0.1594
7.549806708	0.04868
7.559806452	0.11123
7.569806196	0.054894
7.57980594	0.031405
7.589805684	0.12797
7.599805428	0.28489
7.609805172	0.39869
7.619804916	0.43209
7.629804659	0.41065
7.639804403	0.37359
7.649804147	0.34165
7.659803891	0.30221
7.669803635	0.22839
7.679803379	0.13598
7.689803123	0.085456
7.699802867	0.095456
7.709802611	0.092717
7.719802355	0.00023907
7.729802099	-0.15544
7.739801843	-0.27229
7.749801587	-0.2838
7.759801331	-0.20815
7.769801075	-0.11288
7.779800819	-0.067182
7.789800563	-0.098018
7.799800307	-0.16547
7.809800051	-0.19682
7.819799795	-0.16572
7.829799539	-0.10968
7.839799283	-0.061409
7.849799027	-0.0010956
7.859798771	0.097575
7.869798515	0.21251
7.879798259	0.30082
7.889798003	0.35351
7.899797747	0.3816
7.909797491	0.36633
7.919797235	0.27097
7.929796979	0.1014
7.939796723	-0.081616
7.949796467	-0.21969
7.959796211	-0.30641
7.969795955	-0.3657
7.979795699	-0.39687
7.989795443	-0.35598
7.999795187	-0.20162
8.009794931	0.043786
8.019794675	0.27966
8.029794419	0.39883
8.039794163	0.37448
8.049793907	0.26776
8.059793651	0.15078
8.069793395	0.054701
8.079793139	-0.013865
8.089792883	-0.042629
8.099792627	-0.031366
8.109792371	-0.021216
8.119792115	-0.067191
8.129791859	-0.16431
8.139791603	-0.226
8.149791347	-0.16797
8.159791091	-0.014146
8.169790835	0.11785
8.179790579	0.1475
8.189790323	0.11439
8.199790067	0.10818
8.209789811	0.15846
8.219789555	0.22132
8.229789299	0.24161
8.239789042	0.19801
8.249788786	0.11341
8.25978853	0.042757
8.269788274	0.018085
8.279788018	-0.0027946
8.289787762	-0.091235
8.299787506	-0.2399
8.30978725	-0.35408
8.319786994	-0.36575
8.329786738	-0.30969
8.339786482	-0.26422
8.349786226	-0.2548
8.35978597	-0.244
8.369785714	-0.19436
8.379785458	-0.11441
8.389785202	-0.039614
8.399784946	0.021274
8.40978469	0.10712
8.419784434	0.25536
8.429784178	0.43492
8.439783922	0.55216
8.449783666	0.52902
8.45978341	0.3687
8.469783154	0.14786
8.479782898	-0.040757
8.489782642	-0.14556
8.499782386	-0.17681
8.50978213	-0.18217
8.519781874	-0.19806
8.529781618	-0.21827
8.539781362	-0.2068
8.549781106	-0.14535
8.55978085	-0.065034
8.569780594	-0.023796
8.579780338	-0.043411
8.589780082	-0.088576
8.599779826	-0.11928
8.60977957	-0.14567
8.619779314	-0.19657
8.629779058	-0.25873
8.639778802	-0.28792
8.649778546	-0.27288
8.65977829	-0.2408
8.669778034	-0.2055
8.679777778	-0.14884
8.689777522	-0.065821
8.699777266	0.0050476
8.70977701	0.011945
8.719776754	-0.060742
8.729776498	-0.17376
8.739776242	-0.25304
8.749775986	-0.23801
8.75977573	-0.13345
8.769775474	-0.0045037
8.779775218	0.084988
8.789774962	0.1204
8.799774706	0.11846
8.80977445	0.091914
8.819774194	0.05147
8.829773938	0.022088
8.839773682	0.029494
8.849773425	0.074473
8.859773169	0.13756
8.869772913	0.19389
8.879772657	0.21771
8.889772401	0.19318
8.899772145	0.13815
8.909771889	0.09356
8.919771633	0.077054
8.929771377	0.063758
8.939771121	0.024583
8.949770865	-0.030388
8.959770609	-0.050658
8.969770353	0.014505
8.979770097	0.16411
8.989769841	0.31581
8.999769585	0.35477
9.009769329	0.24635
9.019769073	0.089484
9.029768817	0.015426
9.039768561	0.043202
9.049768305	0.076403
9.059768049	0.033137
9.069767793	-0.060727
9.079767537	-0.1151
9.089767281	-0.072887
9.099767025	0.042629
9.109766769	0.15563
9.119766513	0.19728
9.129766257	0.15647
9.139766001	0.080057
9.149765745	0.023705
9.159765489	0.0033777
9.169765233	-0.0027076
9.179764977	-0.018787
9.189764721	-0.046411
9.199764465	-0.070478
9.209764209	-0.074044
9.219763953	-0.051506
9.229763697	-0.015297
9.239763441	0.0063949
9.249763185	-0.0036059
9.259762929	-0.029343
9.269762673	-0.032343
9.279762417	0.0095711
9.289762161	0.08796
9.299761905	0.17906
9.309761649	0.25043
9.319761393	0.25635
9.329761137	0.16774
9.339760881	0.022609
9.349760625	-0.092656
9.359760369	-0.12701
9.369760113	-0.10769
9.379759857	-0.082932
9.389759601	-0.064539
9.399759345	-0.041006
9.409759089	-0.015701
9.419758833	0.0026713
9.429758577	0.014505
9.439758321	0.02019
9.449758065	0.010022
9.459757808	-0.021547
9.469757552	-0.068573
9.479757296	-0.11433
9.48975704	-0.13445
9.499756784	-0.11515
9.509756528	-0.083108
9.519756272	-0.086863
9.529756016	-0.12624
9.53975576	-0.13753
9.549755504	-0.079147
9.559755248	0.0093989
9.569754992	0.069016
9.579754736	0.096044
9.58975448	0.10859
9.599754224	0.086402
9.609753968	0.0021669
9.619753712	-0.10829
9.629753456	-0.17565
9.6397532	-0.1802
9.649752944	-0.16408
9.659752688	-0.16408
9.669752432	-0.17846
9.679752176	-0.18631
9.68975192	-0.17013
9.699751664	-0.12324
9.709751408	-0.062857
9.719751152	-0.026
9.729750896	-0.028688
9.73975064	-0.038553
9.749750384	-0.017412
9.759750128	0.023924
9.769749872	0.040035
9.779749616	0.013544
9.78974936	-0.029919
9.799749104	-0.059793
9.809748848	-0.066878
9.819748592	-0.050121
9.829748336	-0.014353
9.83974808	0.016804
9.849747824	0.016348
9.859747568	-0.0077112
9.869747312	-0.025971
9.879747056	-0.040273
9.8897468	-0.086307
9.899746544	-0.16209
9.909746288	-0.20585
9.919746032	-0.17247
9.929745776	-0.09929
9.93974552	-0.049892
9.949745264	-0.030462
9.959745008	-0.00011749
9.969744752	0.052872
9.979744496	0.094948
9.98974424	0.099086
9.999743984	0.079068
10.00974373	0.063621
10.01974347	0.063832
10.02974322	0.072647
10.03974296	0.082918
10.0497427	0.093324
10.05974245	0.10153
10.06974219	0.093149
10.07974194	0.046547
10.08974168	-0.049416
10.09974142	-0.17582
10.10974117	-0.28637
10.11974091	-0.32758
10.12974066	-0.27312
10.1397404	-0.14317
10.14974014	0.0044444
10.15973989	0.11512
10.16973963	0.16908
10.17973938	0.18319
10.18973912	0.18312
10.19973886	0.17863
10.20973861	0.16222
10.21973835	0.13546
10.2297381	0.12526
10.23973784	0.15914
10.24973758	0.22379
10.25973733	0.27006
10.26973707	0.26434
10.27973682	0.21479
10.28973656	0.14044
10.2997363	0.047566
10.30973605	-0.043249
10.31973579	-0.081726
10.32973554	-0.035599
10.33973528	0.058665
10.34973502	0.12675
10.35973477	0.12887
10.36973451	0.081058
10.37973425	0.013631
10.389734	-0.055125
10.39973374	-0.1061
10.40973349	-0.11425
10.41973323	-0.073217
10.42973297	-0.0054822
10.43973272	0.059866
10.44973246	0.10394
10.45973221	0.11385
10.46973195	0.085531
10.47973169	0.037414
10.48973144	-0.00094475
10.49973118	-0.020666
10.50973093	-0.038622
10.51973067	-0.064039
10.52973041	-0.080418
10.53973016	-0.069591
10.5497299	-0.038224
10.55972965	-0.0085016
10.56972939	0.004291
10.57972913	-0.00088052
10.58972888	-0.016129
10.59972862	-0.030394
10.60972837	-0.037494
10.61972811	-0.043214
10.62972785	-0.062449
10.6397276	-0.099771
10.64972734	-0.13227
10.65972709	-0.12698
10.66972683	-0.075955
10.67972657	0.0012079
10.68972632	0.087072
10.69972606	0.16968
10.70972581	0.21946
10.71972555	0.19634
10.72972529	0.10019
10.73972504	-0.014479
10.74972478	-0.093503
10.75972453	-0.12959
10.76972427	-0.13636
10.77972401	-0.11585
10.78972376	-0.073171
10.7997235	-0.0278
10.80972325	0.0089461
10.81972299	0.04252
10.82972273	0.069713
10.83972248	0.074213
10.84972222	0.051198
10.85972197	0.017411
10.86972171	-0.013692
10.87972145	-0.039001
10.8897212	-0.051357
10.89972094	-0.038103
10.90972069	-0.003529
10.91972043	0.030994
10.92972017	0.048945
10.93971992	0.055769
10.94971966	0.069042
10.95971941	0.093567
10.96971915	0.10368
10.97971889	0.064278
10.98971864	-0.023036
10.99971838	-0.10901
11.00971813	-0.14555
11.01971787	-0.13065
11.02971761	-0.096114
11.03971736	-0.070013
11.0497171	-0.065051
11.05971685	-0.078034
11.06971659	-0.0894
11.07971633	-0.076834
11.08971608	-0.040036
11.09971582	0.0072513
11.10971557	0.058336
11.11971531	0.10874
11.12971505	0.13857
11.1397148	0.13106
11.14971454	0.094755
11.15971429	0.048018
11.16971403	-0.0063846
11.17971377	-0.065626
11.18971352	-0.10969
11.19971326	-0.12062
11.20971301	-0.10581
11.21971275	-0.083142
11.22971249	-0.06396
11.23971224	-0.057024
11.24971198	-0.067052
11.25971173	-0.081781
11.26971147	-0.080574
11.27971121	-0.058529
11.28971096	-0.025906
11.2997107	0.013067
11.30971045	0.059849
11.31971019	0.11019
11.32970993	0.15815
11.33970968	0.20522
11.34970942	0.24634
11.35970917	0.26545
11.36970891	0.25465
11.37970865	0.22304
11.3897084	0.17913
11.39970814	0.12517
11.40970789	0.070586
11.41970763	0.029184
11.42970737	-0.0006508
11.43970712	-0.033429
11.44970686	-0.07358
11.45970661	-0.11014
11.46970635	-0.13576
11.47970609	-0.15153
11.48970584	-0.15362
11.49970558	-0.13295
11.50970533	-0.09097
11.51970507	-0.041664
11.52970481	0.0010207
11.53970456	0.028842
11.5497043	0.037619
11.55970405	0.027948
11.56970379	0.0044848
11.57970353	-0.027684
11.58970328	-0.063286
11.59970302	-0.09485
11.60970276	-0.11406
11.61970251	-0.11862
11.62970225	-0.11326
11.639702	-0.10582
11.64970174	-0.097318
11.65970148	-0.080601
11.66970123	-0.046229
11.67970097	0.0043542
11.68970072	0.054841
11.69970046	0.083081
11.7097002	0.077843
11.71969995	0.048377
11.72969969	0.016217
11.73969944	0.00065847
11.74969918	0.0085052
11.75969892	0.03714
11.76969867	0.079364
11.77969841	0.12321
11.78969816	0.1497
11.7996979	0.14506
11.80969764	0.11365
11.81969739	0.070778
11.82969713	0.028328
11.83969688	-0.0076263
11.84969662	-0.034425
11.85969636	-0.057935
11.86969611	-0.086443
11.87969585	-0.11894
11.8896956	-0.14733
11.89969534	-0.17288
11.90969508	-0.19832
11.91969483	-0.21218
11.92969457	-0.19714
11.93969432	-0.15472
11.94969406	-0.098225
11.9596938	-0.032443
11.96969355	0.040378
11.97969329	0.10114
11.98969304	0.13055
11.99969278	0.13433
12.00969252	0.13115
12.01969227	0.1282
12.02969201	0.12699
12.03969176	0.13165
12.0496915	0.13732
12.05969124	0.13069
12.06969099	0.1119
12.07969073	0.094562
12.08969048	0.078915
12.09969022	0.048886
12.10968996	0.0047393
12.11968971	-0.035904
12.12968945	-0.068101
12.1396892	-0.10124
12.14968894	-0.12302
12.15968868	-0.10531
12.16968843	-0.047917
12.17968817	0.014395
12.18968792	0.05857
12.19968766	0.091212
12.2096874	0.11419
12.21968715	0.1093
12.22968689	0.071004
12.23968664	0.023719
12.24968638	-0.0055165
12.25968612	-0.012621
12.26968587	-0.0063417
12.27968561	0.0068199
12.28968536	0.021731
12.2996851	0.031704
12.30968484	0.039659
12.31968459	0.052661
12.32968433	0.068206
12.33968408	0.073182
12.34968382	0.061968
12.35968356	0.038426
12.36968331	0.0083942
12.37968305	-0.022727
12.3896828	-0.046336
12.39968254	-0.058309
12.40968228	-0.068826
12.41968203	-0.090229
12.42968177	-0.11716
12.43968152	-0.13136
12.44968126	-0.12422
12.459681	-0.099734
12.46968075	-0.059667
12.47968049	-0.0047556
12.48968024	0.051419
12.49967998	0.086523
12.50967972	0.092542
12.51967947	0.077894
12.52967921	0.052092
12.53967896	0.022315
12.5496787	0.0018226
12.55967844	-0.0011351
12.56967819	0.0058678
12.57967793	0.011621
12.58967768	0.012152
12.59967742	-0.0011891
12.60967716	-0.040483
12.61967691	-0.092296
12.62967665	-0.11781
12.6396764	-0.098457
12.64967614	-0.06048
12.65967588	-0.035483
12.66967563	-0.02795
12.67967537	-0.030386
12.68967512	-0.039098
12.69967486	-0.040355
12.7096746	-0.020292
12.71967435	0.0078053
12.72967409	0.018413
12.73967384	0.016249
12.74967358	0.024404
12.75967332	0.037903
12.76967307	0.029518
12.77967281	0.00095456
12.78967256	-0.017382
12.7996723	-0.014028
12.80967204	-0.0047133
12.81967179	0.0069452
12.82967153	0.034806
12.83967127	0.078544
12.84967102	0.11831
12.85967076	0.14331
12.86967051	0.1577
12.87967025	0.16199
12.88966999	0.15044
12.89966974	0.1266
12.90966948	0.098088
12.91966923	0.061509
12.92966897	0.009022
12.93966871	-0.049828
12.94966846	-0.090624
12.9596682	-0.097737
12.96966795	-0.077774
12.97966769	-0.051794
12.98966743	-0.041341
12.99966718	-0.058099
13.00966692	-0.094604
13.01966667	-0.12724
13.02966641	-0.1328
13.03966615	-0.10533
13.0496659	-0.055824
13.05966564	-0.0025805
13.06966539	0.039647
13.07966513	0.065752
13.08966487	0.075805
13.09966462	0.063778
13.10966436	0.022532
13.11966411	-0.03245
13.12966385	-0.060046
13.13966359	-0.034246
13.14966334	0.021726
13.15966308	0.05894
13.16966283	0.054284
13.17966257	0.022172
13.18966231	-0.013747
13.19966206	-0.040523
13.2096618	-0.050256
13.21966155	-0.037284
13.22966129	-0.0065269
13.23966103	0.02748
13.24966078	0.05123
13.25966052	0.060644
13.26966027	0.061036
13.27966001	0.059684
13.28965975	0.051977
13.2996595	0.028
13.30965924	-0.0043338
13.31965899	-0.017336
13.32965873	0.00044173
13.33965847	0.022124
13.34965822	0.012149
13.35965796	-0.03157
13.36965771	-0.080973
13.37965745	-0.11129
13.38965719	-0.11319
13.39965694	-0.086958
13.40965668	-0.044203
13.41965643	-0.0037079
13.42965617	0.029671
13.43965591	0.066207
13.44965566	0.10243
13.4596554	0.11494
13.46965515	0.094674
13.47965489	0.063739
13.48965463	0.042863
13.49965438	0.028215
13.50965412	0.0095891
13.51965387	-0.010641
13.52965361	-0.032895
13.53965335	-0.067097
13.5496531	-0.10951
13.55965284	-0.13487
13.56965259	-0.12811
13.57965233	-0.10538
13.58965207	-0.089364
13.59965182	-0.082707
13.60965156	-0.077635
13.61965131	-0.072048
13.62965105	-0.064963
13.63965079	-0.050204
13.64965054	-0.031058
13.65965028	-0.023597
13.66965003	-0.035016
13.67964977	-0.047518
13.68964951	-0.04082
13.69964926	-0.022829
13.709649	-0.0208
13.71964875	-0.043426
13.72964849	-0.07004
13.73964823	-0.0807
13.74964798	-0.077192
13.75964772	-0.070485
13.76964747	-0.065796
13.77964721	-0.066757
13.78964695	-0.079493
13.7996467	-0.10103
13.80964644	-0.11056
13.81964619	-0.083987
13.82964593	-0.019249
13.83964567	0.056156
13.84964542	0.10573
13.85964516	0.112
13.86964491	0.0893
13.87964465	0.063867
13.88964439	0.048339
13.89964414	0.037404
13.90964388	0.029084
13.91964363	0.029474
13.92964337	0.039236
13.93964311	0.046218
13.94964286	0.043415
13.9596426	0.040703
13.96964235	0.050569
13.97964209	0.069097
13.98964183	0.080762
13.99964158	0.078225
14.00964132	0.064687
14.01964107	0.039839
14.02964081	0.00034268
14.03964055	-0.044023
14.0496403	-0.071956
14.05964004	-0.07802
14.06963978	-0.080511
14.07963953	-0.09463
14.08963927	-0.11028
14.09963902	-0.10837
14.10963876	-0.08726
14.1196385	-0.061826
14.12963825	-0.044754
14.13963799	-0.037341
14.14963774	-0.031492
14.15963748	-0.01426
14.16963722	0.022812
14.17963697	0.068237
14.18963671	0.095241
14.19963646	0.0846
14.2096362	0.041887
14.21963594	-0.0096739
14.22963569	-0.044369
14.23963543	-0.050516
14.24963518	-0.040849
14.25963492	-0.044179
14.26963466	-0.076547
14.27963441	-0.12049
14.28963415	-0.13801
14.2996339	-0.1016
14.30963364	-0.0081141
14.31963338	0.12082
14.32963313	0.23755
14.33963287	0.28411
14.34963262	0.23554
14.35963236	0.12535
14.3696321	0.016051
14.37963185	-0.044357
14.38963159	-0.037573
14.39963134	0.028693
14.40963108	0.11704
14.41963082	0.17828
14.42963057	0.18805
14.43963031	0.1579
14.44963006	0.10315
14.4596298	0.036073
14.46962954	-0.010046
14.47962929	0.0068381
14.48962903	0.078158
14.49962878	0.13884
14.50962852	0.13583
14.51962826	0.075613
14.52962801	-0.0051392
14.53962775	-0.076294
14.5496275	-0.11347
14.55962724	-0.098484
14.56962698	-0.042342
14.57962673	0.018285
14.58962647	0.05191
14.59962622	0.046383
14.60962596	0.0026237
14.6196257	-0.060029
14.62962545	-0.10853
14.63962519	-0.13104
14.64962494	-0.14714
14.65962468	-0.16372
14.66962442	-0.15152
14.67962417	-0.10233
14.68962391	-0.068756
14.69962366	-0.10395
14.7096234	-0.17654
14.71962314	-0.19254
14.72962289	-0.087653
14.73962263	0.11664
14.74962238	0.33105
14.75962212	0.45193
14.76962186	0.43086
14.77962161	0.31042
14.78962135	0.17804
14.7996211	0.081622
14.80962084	0.014545
14.81962058	-0.033698
14.82962033	-0.056587
14.83962007	-0.061135
14.84961982	-0.072602
14.85961956	-0.10087
14.8696193	-0.13491
14.87961905	-0.16467
14.88961879	-0.18029
14.89961854	-0.15849
14.90961828	-0.088297
14.91961802	0.0069417
14.92961777	0.092423
14.93961751	0.15476
14.94961726	0.18709
14.959617	0.17329
14.96961674	0.10875
14.97961649	0.021553
14.98961623	-0.048601
14.99961598	-0.072215
15.00961572	-0.03366
15.01961546	0.057083
15.02961521	0.14582
15.03961495	0.16586
15.0496147	0.10063
15.05961444	-0.002436
15.06961418	-0.085747
15.07961393	-0.12274
15.08961367	-0.11733
15.09961342	-0.089585
15.10961316	-0.06487
15.1196129	-0.052931
15.12961265	-0.04396
15.13961239	-0.029411
15.14961214	-0.016657
15.15961188	-0.010684
15.16961162	-0.0027185
15.17961137	0.015336
15.18961111	0.038957
15.19961086	0.062519
15.2096106	0.082373
15.21961034	0.089584
15.22961009	0.072828
15.23960983	0.030319
15.24960958	-0.028993
15.25960932	-0.082235
15.26960906	-0.092352
15.27960881	-0.039753
15.28960855	0.033825
15.29960829	0.048657
15.30960804	-0.02674
15.31960778	-0.13998
15.32960753	-0.2164
15.33960727	-0.22444
15.34960701	-0.17552
15.35960676	-0.10143
15.3696065	-0.043977
15.37960625	-0.029687
15.38960599	-0.035798
15.39960573	-0.013026
15.40960548	0.048309
15.41960522	0.10081
15.42960497	0.10092
15.43960471	0.061517
15.44960445	0.035251
15.4596042	0.060755
15.46960394	0.13362
15.47960369	0.21791
15.48960343	0.2721
15.49960317	0.26873
15.50960292	0.20323
15.51960266	0.096025
15.52960241	-0.014823
15.53960215	-0.090108
15.54960189	-0.10947
15.55960164	-0.078346
15.56960138	-0.020202
15.57960113	0.040751
15.58960087	0.090214
15.59960061	0.12246
15.60960036	0.12719
15.6196001	0.089907
15.62959985	0.01168
15.63959959	-0.079347
15.64959933	-0.14755
15.65959908	-0.17596
15.66959882	-0.16665
15.67959857	-0.13173
15.68959831	-0.093327
15.69959805	-0.074761
15.7095978	-0.07521
15.71959754	-0.068921
15.72959729	-0.041167
15.73959703	-0.0071249
15.74959677	0.011251
15.75959652	0.0082777
15.76959626	-0.011799
15.77959601	-0.037297
15.78959575	-0.043494
15.79959549	-0.0086016
15.80959524	0.052497
15.81959498	0.094217
15.82959473	0.087234
15.83959447	0.045574
15.84959421	0.0041701
15.85959396	-0.014739
15.8695937	-0.010935
15.87959345	-0.0013993
15.88959319	-0.0054899
15.89959293	-0.023433
15.90959268	-0.031471
15.91959242	-0.011875
15.92959217	0.021252
15.93959191	0.036666
15.94959165	0.01952
15.9595914	-0.019469
15.96959114	-0.058501
15.97959089	-0.077112
15.98959063	-0.065663
15.99959037	-0.035026
16.00959012	-0.011052
16.01958986	-0.0048297
16.02958961	-0.0024259
16.03958935	0.0075732
16.04958909	0.0088519
16.05958884	-0.018707
16.06958858	-0.065979
16.07958833	-0.10046
16.08958807	-0.099311
16.09958781	-0.061477
16.10958756	-0.001991
16.1195873	0.053098
16.12958705	0.075728
16.13958679	0.062173
16.14958653	0.039175
16.15958628	0.031665
16.16958602	0.031941
16.17958577	0.019865
16.18958551	-0.0047316
16.19958525	-0.027417
16.209585	-0.045144
16.21958474	-0.066833
16.22958449	-0.094663
16.23958423	-0.12134
16.24958397	-0.13886
16.25958372	-0.14097
16.26958346	-0.12265
16.27958321	-0.088317
16.28958295	-0.052973
16.29958269	-0.027868
16.30958244	-0.01398
16.31958218	-0.0088528
16.32958193	-0.010939
16.33958167	-0.01315
16.34958141	-0.0096086
16.35958116	-0.0030609
16.3695809	0.0034414
16.37958065	0.02244
16.38958039	0.068179
16.39958013	0.13293
16.40957988	0.18682
16.41957962	0.2028
16.42957937	0.17386
16.43957911	0.11667
16.44957885	0.062536
16.4595786	0.035771
16.46957834	0.033372
16.47957808	0.034846
16.48957783	0.030696
16.49957757	0.026638
16.50957732	0.021391
16.51957706	0.0056605
16.5295768	-0.015652
16.53957655	-0.024757
16.54957629	-0.019822
16.55957604	-0.01855
16.56957578	-0.026369
16.57957552	-0.028699
16.58957527	-0.018909
16.59957501	-0.011068
16.60957476	-0.011173
16.6195745	-0.0089991
16.62957424	-0.0036581
16.63957399	-0.013264
16.64957373	-0.039076
16.65957348	-0.05075
16.66957322	-0.028874
16.67957296	0.0037166
16.68957271	0.013231
16.69957245	-0.0018554
16.7095722	-0.02582
16.71957194	-0.051893
16.72957168	-0.076255
16.73957143	-0.081716
16.74957117	-0.060735
16.75957092	-0.029072
16.76957066	-0.0040636
16.7795704	0.020723
16.78957015	0.051595
16.79956989	0.072722
16.80956964	0.061018
16.81956938	0.02044
16.82956912	-0.023731
16.83956887	-0.049769
16.84956861	-0.052923
16.85956836	-0.040102
16.8695681	-0.024399
16.87956784	-0.013057
16.88956759	0.00035339
16.89956733	0.022119
16.90956708	0.038768
16.91956682	0.028342
16.92956656	-0.0066821
16.93956631	-0.036036
16.94956605	-0.040385
16.9595658	-0.035075
16.96956554	-0.041879
16.97956528	-0.055037
16.98956503	-0.055581
16.99956477	-0.042922
17.00956452	-0.031317
17.01956426	-0.02528
17.029564	-0.0188
17.03956375	-0.011493
17.04956349	-0.0082774
17.05956324	-0.0087126
17.06956298	-0.01112
17.07956272	-0.020887
17.08956247	-0.039455
17.09956221	-0.053537
17.10956196	-0.04738
17.1195617	-0.022115
17.12956144	0.0070443
17.13956119	0.026346
17.14956093	0.033572
17.15956068	0.036015
17.16956042	0.039216
17.17956016	0.035935
17.18955991	0.016984
17.19955965	-0.0077858
17.2095594	-0.014048
17.21955914	0.0055222
17.22955888	0.031963
17.23955863	0.046415
17.24955837	0.049128
17.25955812	0.04701
17.26955786	0.042716
17.2795576	0.042382
17.28955735	0.054571
17.29955709	0.07943
17.30955684	0.1101
17.31955658	0.14069
17.32955632	0.16338
17.33955607	0.16581
17.34955581	0.14302
17.35955556	0.10498
17.3695553	0.065414
17.37955504	0.032805
17.38955479	0.013611
17.39955453	0.011386
17.40955428	0.017417
17.41955402	0.021953
17.42955376	0.025339
17.43955351	0.032623
17.44955325	0.040971
17.459553	0.047151
17.46955274	0.051061
17.47955248	0.048506
17.48955223	0.032546
17.49955197	0.0083675
17.50955172	-0.007467
17.51955146	-0.0086934
17.5295512	-0.00064359
17.53955095	0.014668
17.54955069	0.037072
17.55955044	0.055595
17.56955018	0.060908
17.57954992	0.062046
17.58954967	0.067927
17.59954941	0.065252
17.60954916	0.035507
17.6195489	-0.014264
17.62954864	-0.058295
17.63954839	-0.078819
17.64954813	-0.075508
17.65954788	-0.059788
17.66954762	-0.048016
17.67954736	-0.047551
17.68954711	-0.047762
17.69954685	-0.03692
17.70954659	-0.025993
17.71954634	-0.03077
17.72954608	-0.042938
17.73954583	-0.043537
17.74954557	-0.038668
17.75954531	-0.044739
17.76954506	-0.054197
17.7795448	-0.049474
17.78954455	-0.04006
17.79954429	-0.045539
17.80954403	-0.05619
17.81954378	-0.047584
17.82954352	-0.025448
17.83954327	-0.015943
17.84954301	-0.025834
17.85954275	-0.043618
17.8695425	-0.070015
17.87954224	-0.10434
17.88954199	-0.12312
17.89954173	-0.10309
17.90954147	-0.055533
17.91954122	-0.0066743
17.92954096	0.031673
17.93954071	0.054218
17.94954045	0.048439
17.95954019	0.013246
17.96953994	-0.028247
17.97953968	-0.054042
17.98953943	-0.062686
17.99953917	-0.058689
18.00953891	-0.039086
18.01953866	-0.010216
18.0295384	0.0087193
18.03953815	0.0052907
18.04953789	-0.01163
18.05953763	-0.027522
18.06953738	-0.031666
18.07953712	-0.021451
18.08953687	-0.0026788
18.09953661	0.012477
18.10953635	0.020193
18.1195361	0.027237
18.12953584	0.038399
18.13953559	0.049161
18.14953533	0.053431
18.15953507	0.052797
18.16953482	0.053954
18.17953456	0.061008
18.18953431	0.071233
18.19953405	0.075989
18.20953379	0.068233
18.21953354	0.050013
18.22953328	0.029659
18.23953303	0.01189
18.24953277	-0.0015855
18.25953251	-0.006039
18.26953226	-0.0015086
18.279532	0.0024158
18.28953175	-0.0032213
18.29953149	-0.014882
18.30953123	-0.026359
18.31953098	-0.034532
18.32953072	-0.032818
18.33953047	-0.011645
18.34953021	0.02238
18.35952995	0.046814
18.3695297	0.048901
18.37952944	0.038444
18.38952919	0.030253
18.39952893	0.030146
18.40952867	0.03941
18.41952842	0.057177
18.42952816	0.072931
18.43952791	0.072207
18.44952765	0.053776
18.45952739	0.030804
18.46952714	0.014463
18.47952688	0.0082671
18.48952663	0.010988
18.49952637	0.014938
18.50952611	0.0070977
18.51952586	-0.014325
18.5295256	-0.031624
18.53952535	-0.025185
18.54952509	-0.00031612
18.55952483	0.016512
18.56952458	0.0098589
18.57952432	-0.0053686
18.58952407	-0.0059232
18.59952381	0.0093926
18.60952355	0.020829
18.6195233	0.014213
18.62952304	-0.0082799
18.63952279	-0.040797
18.64952253	-0.080996
18.65952227	-0.11929
18.66952202	-0.14036
18.67952176	-0.14064
18.68952151	-0.13068
18.69952125	-0.11782
18.70952099	-0.10279
18.71952074	-0.091009
18.72952048	-0.09022
18.73952023	-0.096267
18.74951997	-0.094673
18.75951971	-0.077746
18.76951946	-0.049924
18.7795192	-0.020434
18.78951895	0.0016831
18.79951869	0.011245
18.80951843	0.012794
18.81951818	0.013046
18.82951792	0.0089817
18.83951767	-0.0036228
18.84951741	-0.014761
18.85951715	-0.013633
18.8695169	-0.010001
18.87951664	-0.018915
18.88951639	-0.03287
18.89951613	-0.033648
18.90951587	-0.023275
18.91951562	-0.015605
18.92951536	-0.0094936
18.9395151	0.0040859
18.94951485	0.019072
18.95951459	0.025791
18.96951434	0.031984
18.97951408	0.047808
18.98951382	0.065661
18.99951357	0.074756
19.00951331	0.078763
19.01951306	0.079901
19.0295128	0.06713
19.03951254	0.036611
19.04951229	0.0053765
19.05951203	-0.010838
19.06951178	-0.016768
19.07951152	-0.021154
19.08951126	-0.021838
19.09951101	-0.018546
19.10951075	-0.02122
19.1195105	-0.032177
19.12951024	-0.039208
19.13950998	-0.03329
19.14950973	-0.017631
19.15950947	0.0038917
19.16950922	0.029019
19.17950896	0.046965
19.1895087	0.042885
19.19950845	0.017651
19.20950819	-0.01049
19.21950794	-0.026556
19.22950768	-0.029029
19.23950742	-0.02221
19.24950717	-0.010362
19.25950691	0.0010251
19.26950666	0.0084999
19.2795064	0.0098229
19.28950614	-0.00045364
19.29950589	-0.025526
19.30950563	-0.053113
19.31950538	-0.062205
19.32950512	-0.047129
19.33950486	-0.023632
19.34950461	-0.0061711
19.35950435	0.0044816
19.3695041	0.010862
19.37950384	0.012319
19.38950358	0.016164
19.39950333	0.034929
19.40950307	0.067721
19.41950282	0.095655
19.42950256	0.1022
19.4395023	0.087005
19.44950205	0.058567
19.45950179	0.025362
19.46950154	-0.0041227
19.47950128	-0.023969
19.48950102	-0.035281
19.49950077	-0.041426
19.50950051	-0.040219
19.51950026	-0.030045
19.5295	-0.014822
19.53949974	0.0034359
19.54949949	0.026371
19.55949923	0.044546
19.56949898	0.037261
19.57949872	0.0055383
19.58949846	-0.019975
19.59949821	-0.017372
19.60949795	-0.0028971
19.6194977	0.0023983
19.62949744	0.0022704
19.63949718	0.0037552
19.64949693	-0.0019437
19.65949667	-0.017261
19.66949642	-0.025249
19.67949616	-0.025232
19.6894959	-0.038668
19.69949565	-0.066652
19.70949539	-0.073575
19.71949514	-0.041667
19.72949488	0.0026531
19.73949462	0.034042
19.74949437	0.057919
19.75949411	0.077181
19.76949386	0.077
19.7794936	0.062526
19.78949334	0.062616
19.79949309	0.083069
19.80949283	0.094328
19.81949258	0.080557
19.82949232	0.059584
19.83949206	0.049015
19.84949181	0.041517
19.85949155	0.02888
19.8694913	0.014221
19.87949104	-0.00092709
19.88949078	-0.019539
19.89949053	-0.031364
19.90949027	-0.022882
19.91949002	0.0025779
19.92948976	0.030353
19.9394895	0.054017
19.94948925	0.071344
19.95948899	0.075232
19.96948874	0.063012
19.97948848	0.042074
19.98948822	0.019081
19.99948797	-0.0036911
20.00948771	-0.016621
20.01948746	-0.0070507
20.0294872	0.019721
20.03948694	0.041344
20.04948669	0.043409
20.05948643	0.028921
20.06948618	0.0059283
20.07948592	-0.016337
20.08948566	-0.025807
20.09948541	-0.019328
20.10948515	-0.0085045
20.1194849	-0.0033821
20.12948464	-0.0053437
20.13948438	-0.017666
20.14948413	-0.043357
20.15948387	-0.064585
20.16948361	-0.059433
20.17948336	-0.038321
20.1894831	-0.036076
20.19948285	-0.056435
20.20948259	-0.065987
20.21948233	-0.048627
20.22948208	-0.027301
20.23948182	-0.018009
20.24948157	-0.0062476
20.25948131	0.013877
20.26948105	0.018481
20.2794808	-0.0072133
20.28948054	-0.04228
20.29948029	-0.059603
20.30948003	-0.05727
20.31947977	-0.043703
20.32947952	-0.020437
20.33947926	0.0064255
20.34947901	0.015938
20.35947875	-0.0021295
20.36947849	-0.029907
20.37947824	-0.042547
20.38947798	-0.039062
20.39947773	-0.034098
20.40947747	-0.032904
20.41947721	-0.025021
20.42947696	-0.001948
20.4394767	0.027527
20.44947645	0.042788
20.45947619	0.032026
20.46947593	0.0041408
20.47947568	-0.023308
20.48947542	-0.03815
20.49947517	-0.03777
20.50947491	-0.025192
20.51947465	-0.0076964
20.5294744	0.0074448
20.53947414	0.016898
20.54947389	0.021592
20.55947363	0.021785
20.56947337	0.018063
20.57947312	0.014536
20.58947286	0.014486
20.59947261	0.012906
20.60947235	0.0070315
20.61947209	0.0062023
20.62947184	0.019219
20.63947158	0.036076
20.64947133	0.038897
20.65947107	0.02341
20.66947081	0.0037883
20.67947056	-0.0054392
20.6894703	-0.0032129
20.69947005	-0.00099002
20.70946979	-0.007852
20.71946953	-0.020845
20.72946928	-0.026815
20.73946902	-0.019156
20.74946877	-0.0059339
20.75946851	0.0032779
20.76946825	0.011751
20.779468	0.024254
20.78946774	0.033203
20.79946749	0.026598
20.80946723	0.0065872
20.81946697	-0.0092373
20.82946672	-0.0071385
20.83946646	0.0081112
20.84946621	0.021859
20.85946595	0.02627
20.86946569	0.021063
20.87946544	0.0082326
20.88946518	-0.0059461
20.89946493	-0.011164
20.90946467	-0.0065739
20.91946441	-0.0067996
20.92946416	-0.023252
20.9394639	-0.043123
20.94946365	-0.045491
20.95946339	-0.030539
20.96946313	-0.0156
20.97946288	-0.0058139
20.98946262	0.0053885
20.99946237	0.015757
21.00946211	0.015204
21.01946185	0.0057064
21.0294616	-0.0024079
21.03946134	-0.0087678
21.04946109	-0.017846
21.05946083	-0.020206
21.06946057	-0.0017898
21.07946032	0.028558
21.08946006	0.044607
21.09945981	0.034948
21.10945955	0.014956
21.11945929	0.0023751
21.12945904	-0.0028747
21.13945878	-0.01088
21.14945853	-0.02197
21.15945827	-0.026638
21.16945801	-0.018684
21.17945776	-0.0027253
21.1894575	0.011811
21.19945725	0.02019
21.20945699	0.025088
21.21945673	0.027956
21.22945648	0.024728
21.23945622	0.01491
21.24945597	0.0077081
21.25945571	0.011801
21.26945545	0.023018
21.2794552	0.030822
21.28945494	0.031441
21.29945469	0.026107
21.30945443	0.012055
21.31945417	-0.008748
21.32945392	-0.020886
21.33945366	-0.01201
21.34945341	0.0073086
21.35945315	0.017847
21.36945289	0.018225
21.37945264	0.01941
21.38945238	0.019765
21.39945212	0.0086366
21.40945187	-0.0098522
21.41945161	-0.017692
21.42945136	-0.0097779
21.4394511	0.0019803
21.44945084	0.0077288
21.45945059	0.010163
21.46945033	0.011573
21.47945008	0.0096387
21.48944982	0.0046938
21.49944956	0.0049407
21.50944931	0.016427
21.51944905	0.034241
21.5294488	0.045217
21.53944854	0.043068
21.54944828	0.035028
21.55944803	0.031643
21.56944777	0.033273
21.57944752	0.032593
21.58944726	0.027003
21.599447	0.020957
21.60944675	0.018361
21.61944649	0.018636
21.62944624	0.021111
21.63944598	0.024635
21.64944572	0.026977
21.65944547	0.028075
21.66944521	0.030446
21.67944496	0.030076
21.6894447	0.018937
21.69944444	-0.0025665
21.70944419	-0.021342
21.71944393	-0.028794
21.72944368	-0.03018
21.73944342	-0.037521
21.74944316	-0.051234
21.75944291	-0.058943
21.76944265	-0.048487
21.7794424	-0.024762
21.78944214	-0.007553
21.79944188	-0.011337
21.80944163	-0.030786
21.81944137	-0.050914
21.82944112	-0.062235
21.83944086	-0.059535
21.8494406	-0.041808
21.85944035	-0.019874
21.86944009	-0.0096273
21.87943984	-0.011432
21.88943958	-0.012466
21.89943932	-0.011236
21.90943907	-0.017415
21.91943881	-0.028792
21.92943856	-0.033036
21.9394383	-0.03285
21.94943804	-0.039595
21.95943779	-0.048025
21.96943753	-0.043874
21.97943728	-0.032204
21.98943702	-0.027485
21.99943676	-0.026371
22.00943651	-0.018061
22.01943625	-0.0091563
22.029436	-0.0088547
22.03943574	-0.0085259
22.04943548	-0.0013286
22.05943523	-0.00081308
22.06943497	-0.013257
22.07943472	-0.015744
22.08943446	0.0090416
22.0994342	0.038384
22.10943395	0.039946
22.11943369	0.018791
22.12943344	0.0045443
22.13943318	0.01003
22.14943292	0.027329
22.15943267	0.048817
22.16943241	0.069992
22.17943216	0.081104
22.1894319	0.0753
22.19943164	0.057319
22.20943139	0.035513
22.21943113	0.0126
22.22943088	-0.0075004
22.23943062	-0.017446
22.24943036	-0.016954
22.25943011	-0.014247
22.26942985	-0.013546
22.2794296	-0.012464
22.28942934	-0.012037
22.29942908	-0.015097
22.30942883	-0.016293
22.31942857	-0.007397
22.32942832	0.0070122
22.33942806	0.015628
22.3494278	0.017065
22.35942755	0.016177
22.36942729	0.0096654
22.37942704	-0.0072958
22.38942678	-0.02495
22.39942652	-0.028201
22.40942627	-0.016064
22.41942601	-0.00022685
22.42942576	0.013321
22.4394255	0.024671
22.44942524	0.032768
22.45942499	0.038073
22.46942473	0.047568
22.47942448	0.063981
22.48942422	0.079471
22.49942396	0.084348
22.50942371	0.074759
22.51942345	0.050364
22.5294232	0.015029
22.53942294	-0.019488
22.54942268	-0.042223
22.55942243	-0.052912
22.56942217	-0.055517
22.57942192	-0.046292
22.58942166	-0.02284
22.5994214	0.0035557
22.60942115	0.018584
22.61942089	0.021731
22.62942063	0.018417
22.63942038	0.0063665
22.64942012	-0.018331
22.65941987	-0.048151
22.66941961	-0.070436
22.67941935	-0.080037
22.6894191	-0.078289
22.69941884	-0.067048
22.70941859	-0.050837
22.71941833	-0.039774
22.72941807	-0.040497
22.73941782	-0.049992
22.74941756	-0.058241
22.75941731	-0.058117
22.76941705	-0.049819
22.77941679	-0.040384
22.78941654	-0.035075
22.79941628	-0.030775
22.80941603	-0.019219
22.81941577	-0.0020976
22.82941551	0.0073594
22.83941526	0.0014911
22.849415	-0.0083946
22.85941475	-0.0086615
22.86941449	-0.0032375
22.87941423	-0.006439
22.88941398	-0.019048
22.89941372	-0.026988
22.90941347	-0.023069
22.91941321	-0.016235
22.92941295	-0.015552
22.9394127	-0.018961
22.94941244	-0.022137
22.95941219	-0.024677
22.96941193	-0.021626
22.97941167	-0.0040545
22.98941142	0.02521
22.99941116	0.048694
23.00941091	0.05405
23.01941065	0.04542
23.02941039	0.030507
23.03941014	0.0094874
23.04940988	-0.014314
23.05940963	-0.026505
23.06940937	-0.016434
23.07940911	0.0063222
23.08940886	0.020953
23.0994086	0.016084
23.10940835	-0.0028307
23.11940809	-0.021652
23.12940783	-0.028911
23.13940758	-0.02232
23.14940732	-0.007761
23.15940707	0.0087488
23.16940681	0.026395
23.17940655	0.04484
23.1894063	0.058084
23.19940604	0.060152
23.20940579	0.05237
23.21940553	0.040779
23.22940527	0.03004
23.23940502	0.024472
23.24940476	0.027253
23.25940451	0.034543
23.26940425	0.035716
23.27940399	0.025763
23.28940374	0.011515
23.29940348	0.0005911
23.30940323	-0.0081173
23.31940297	-0.017963
23.32940271	-0.026531
23.33940246	-0.029495
23.3494022	-0.02632
23.35940195	-0.02061
23.36940169	-0.016817
23.37940143	-0.018941
23.38940118	-0.025345
23.39940092	-0.029487
23.40940067	-0.027061
23.41940041	-0.023964
23.42940015	-0.025983
23.4393999	-0.029541
23.44939964	-0.027838
23.45939939	-0.02388
23.46939913	-0.02367
23.47939887	-0.023889
23.48939862	-0.016601
23.49939836	-0.0045687
23.50939811	0.0009907
23.51939785	-0.0033459
23.52939759	-0.011244
23.53939734	-0.018574
23.54939708	-0.025509
23.55939683	-0.027795
23.56939657	-0.02113
23.57939631	-0.011374
23.58939606	-0.0082689
23.5993958	-0.011108
23.60939555	-0.014399
23.61939529	-0.020468
23.62939503	-0.033389
23.63939478	-0.046294
23.64939452	-0.050955
23.65939427	-0.050283
23.66939401	-0.051095
23.67939375	-0.048336
23.6893935	-0.034383
23.69939324	-0.013553
23.70939299	0.0026942
23.71939273	0.010866
23.72939247	0.01333
23.73939222	0.012868
23.74939196	0.013507
23.75939171	0.01817
23.76939145	0.024244
23.77939119	0.028633
23.78939094	0.032414
23.79939068	0.034238
23.80939042	0.0272
23.81939017	0.011042
23.82938991	-0.0015012
23.83938966	-0.00050648
23.8493894	0.0090487
23.85938914	0.017599
23.86938889	0.021059
23.87938863	0.016675
23.88938838	0.0041038
23.89938812	-0.0076491
23.90938786	-0.0093429
23.91938761	-0.0049993
23.92938735	-0.0034834
23.9393871	-0.0013419
23.94938684	0.0083539
23.95938658	0.019434
23.96938633	0.021761
23.97938607	0.019483
23.98938582	0.021338
23.99938556	0.024017
24.0093853	0.020974
24.01938505	0.017211
24.02938479	0.018583
24.03938454	0.019241
24.04938428	0.012374
24.05938402	0.0015985
24.06938377	-0.0085536
24.07938351	-0.021122
24.08938326	-0.03659
24.099383	-0.047454
24.10938274	-0.047954
24.11938249	-0.041131
24.12938223	-0.029599
24.13938198	-0.01333
24.14938172	0.0014329
24.15938146	0.0044024
24.16938121	-0.0046923
24.17938095	-0.015987
24.1893807	-0.022919
24.19938044	-0.023839
24.20938018	-0.017216
24.21937993	-0.0033048
24.22937967	0.010438
24.23937942	0.016212
24.24937916	0.013993
24.2593789	0.009942
24.26937865	0.008784
24.27937839	0.011689
24.28937814	0.017266
24.29937788	0.022948
24.30937762	0.02731
24.31937737	0.029721
24.32937711	0.028743
24.33937686	0.025083
24.3493766	0.024842
24.35937634	0.032583
24.36937609	0.04209
24.37937583	0.045052
24.38937558	0.044865
24.39937532	0.050029
24.40937506	0.056302
24.41937481	0.050097
24.42937455	0.027249
24.4393743	-0.0030172
24.44937404	-0.029224
24.45937378	-0.043871
24.46937353	-0.043828
24.47937327	-0.033381
24.48937302	-0.020056
24.49937276	-0.0039046
24.5093725	0.020541
24.51937225	0.049416
24.52937199	0.068931
24.53937174	0.073149
24.54937148	0.070232
24.55937122	0.068169
24.56937097	0.064478
24.57937071	0.053074
24.58937046	0.031595
24.5993702	0.0029277
24.60936994	-0.022823
24.61936969	-0.030987
24.62936943	-0.015986
24.63936918	0.0089183
24.64936892	0.024386
24.65936866	0.024653
24.66936841	0.019587
24.67936815	0.02034
24.6893679	0.031342
24.69936764	0.048533
24.70936738	0.061084
24.71936713	0.058877
24.72936687	0.04427
24.73936662	0.028797
24.74936636	0.019095
24.7593661	0.012381
24.76936585	0.0085133
24.77936559	0.012786
24.78936534	0.023594
24.79936508	0.029828
24.80936482	0.027805
24.81936457	0.026981
24.82936431	0.031976
24.83936406	0.033874
24.8493638	0.025255
24.85936354	0.013701
24.86936329	0.0094399
24.87936303	0.011419
24.88936278	0.012972
24.89936252	0.014586
24.90936226	0.019467
24.91936201	0.022238
24.92936175	0.014024
24.9393615	-0.0041543
24.94936124	-0.020081
24.95936098	-0.024641
24.96936073	-0.019819
24.97936047	-0.012372
24.98936022	-0.0058115
24.99935996	-0.0020781
25.0093597	-0.0048976
25.01935945	-0.015263
25.02935919	-0.027215
25.03935893	-0.031654
25.04935868	-0.026902
25.05935842	-0.020323
25.06935817	-0.018289
25.07935791	-0.017672
25.08935765	-0.011825
25.0993574	0.000023129
25.10935714	0.012745
25.11935689	0.022015
25.12935663	0.027026
25.13935637	0.0239
25.14935612	0.0071063
25.15935586	-0.020069
25.16935561	-0.039646
25.17935535	-0.036455
25.18935509	-0.013182
25.19935484	0.013739
25.20935458	0.031697
25.21935433	0.037888
25.22935407	0.035431
25.23935381	0.029535
25.24935356	0.026864
25.2593533	0.029032
25.26935305	0.028677
25.27935279	0.018451
25.28935253	0.0044017
25.29935228	-0.0010605
25.30935202	0.0041966
25.31935177	0.010827
25.32935151	0.012488
25.33935125	0.011355
25.349351	0.0099901
25.35935074	0.0073111
25.36935049	0.0030621
25.37935023	-0.002515
25.38934997	-0.013183
25.39934972	-0.031133
25.40934946	-0.048725
25.41934921	-0.057446
25.42934895	-0.058713
25.43934869	-0.054538
25.44934844	-0.0396
25.45934818	-0.014479
25.46934793	0.0066191
25.47934767	0.015897
25.48934741	0.025345
25.49934716	0.045414
25.5093469	0.064568
25.51934665	0.066292
25.52934639	0.053728
25.53934613	0.040232
25.54934588	0.031344
25.55934562	0.026655
25.56934537	0.023341
25.57934511	0.010875
25.58934485	-0.018675
25.5993446	-0.053139
25.60934434	-0.071658
25.61934409	-0.073043
25.62934383	-0.071459
25.63934357	-0.069471
25.64934332	-0.057849
25.65934306	-0.039504
25.66934281	-0.027886
25.67934255	-0.025225
25.68934229	-0.022693
25.69934204	-0.018752
25.70934178	-0.018404
25.71934153	-0.019483
25.72934127	-0.017139
25.73934101	-0.015411
25.74934076	-0.020534
25.7593405	-0.027906
25.76934025	-0.027651
25.77933999	-0.019077
25.78933973	-0.011589
25.79933948	-0.014708
25.80933922	-0.029495
25.81933897	-0.046883
25.82933871	-0.053696
25.83933845	-0.045034
25.8493382	-0.02852
25.85933794	-0.012235
25.86933769	0.0048577
25.87933743	0.025265
25.88933717	0.043997
25.89933692	0.057041
25.90933666	0.068811
25.91933641	0.080125
25.92933615	0.077682
25.93933589	0.050776
25.94933564	0.011416
25.95933538	-0.017077
25.96933513	-0.028642
25.97933487	-0.035732
25.98933461	-0.046663
25.99933436	-0.055622
26.0093341	-0.057326
26.01933385	-0.05573
26.02933359	-0.056337
26.03933333	-0.058935
26.04933308	-0.060307
26.05933282	-0.055732
26.06933257	-0.040364
26.07933231	-0.015815
26.08933205	0.006327
26.0993318	0.015991
26.10933154	0.015026
26.11933129	0.011865
26.12933103	0.0080166
26.13933077	-0.00091546
26.14933052	-0.014811
26.15933026	-0.026563
26.16933001	-0.030941
26.17932975	-0.0293
26.18932949	-0.024973
26.19932924	-0.01713
26.20932898	-0.0039738
26.21932873	0.010169
26.22932847	0.014006
26.23932821	0.0038063
26.24932796	-0.0084782
26.2593277	-0.009389
26.26932744	-0.0040596
26.27932719	-0.0078396
26.28932693	-0.022007
26.29932668	-0.032187
26.30932642	-0.031905
26.31932616	-0.030375
26.32932591	-0.032568
26.33932565	-0.027551
26.3493254	-0.0084637
26.35932514	0.012511
26.36932488	0.018248
26.37932463	0.010063
26.38932437	0.0040803
26.39932412	0.010068
26.40932386	0.019711
26.4193236	0.018796
26.42932335	0.0038574
26.43932309	-0.014894
26.44932284	-0.024937
26.45932258	-0.022825
26.46932232	-0.015012
26.47932207	-0.0085401
26.48932181	-0.0050583
26.49932156	-0.0038537
26.5093213	-0.0060427
26.51932104	-0.010883
26.52932079	-0.013902
26.53932053	-0.012242
26.54932028	-0.0098503
26.55932002	-0.010495
26.56931976	-0.010576
26.57931951	-0.003359
26.58931925	0.0094869
26.599319	0.01946
26.60931874	0.02066
26.61931848	0.013581
26.62931823	0.0010648
26.63931797	-0.011071
26.64931772	-0.015419
26.65931746	-0.012207
26.6693172	-0.012191
26.67931695	-0.022011
26.68931669	-0.033608
26.69931644	-0.036666
26.70931618	-0.034021
26.71931592	-0.034229
26.72931567	-0.035675
26.73931541	-0.030131
26.74931516	-0.018656
26.7593149	-0.01131
26.76931464	-0.011062
26.77931439	-0.010342
26.78931413	-0.0024739
26.79931388	0.010906
26.80931362	0.025173
26.81931336	0.035836
26.82931311	0.03888
26.83931285	0.032569
26.8493126	0.021587
26.85931234	0.013618
26.86931208	0.011469
26.87931183	0.012078
26.88931157	0.012717
26.89931132	0.013022
26.90931106	0.012337
26.9193108	0.010618
26.92931055	0.010089
26.93931029	0.012397
26.94931004	0.014339
26.95930978	0.010399
26.96930952	-0.00075515
26.97930927	-0.015519
26.98930901	-0.031024
26.99930876	-0.046083
27.0093085	-0.056154
27.01930824	-0.055179
27.02930799	-0.044029
27.03930773	-0.032907
27.04930748	-0.030347
27.05930722	-0.033333
27.06930696	-0.033772
27.07930671	-0.030709
27.08930645	-0.027711
27.0993062	-0.019706
27.10930594	0.0013983
27.11930568	0.030231
27.12930543	0.048518
27.13930517	0.048813
27.14930492	0.041952
27.15930466	0.037395
27.1693044	0.029317
27.17930415	0.012397
27.18930389	-0.0038215
27.19930364	-0.0089075
27.20930338	-0.0072964
27.21930312	-0.0084911
27.22930287	-0.011161
27.23930261	-0.0099234
27.24930236	-0.008237
27.2593021	-0.011637
27.26930184	-0.015194
27.27930159	-0.0099595
27.28930133	0.0018588
27.29930108	0.011606
27.30930082	0.017236
27.31930056	0.021706
27.32930031	0.020946
27.33930005	0.0089427
27.3492998	-0.0079982
27.35929954	-0.014371
27.36929928	-0.0063149
27.37929903	0.0035611
27.38929877	0.0060049
27.39929852	0.0066434
27.40929826	0.012258
27.419298	0.017458
27.42929775	0.015314
27.43929749	0.0094826
27.44929724	0.0074939
27.45929698	0.008324
27.46929672	0.0078169
27.47929647	0.0074423
27.48929621	0.0089536
27.49929595	0.0078281
27.5092957	0.0015938
27.51929544	-0.0026399
27.52929519	0.0018701
27.53929493	0.010243
27.54929467	0.012192
27.55929442	0.0063628
27.56929416	0.0025717
27.57929391	0.0090413
27.58929365	0.021483
27.59929339	0.028815
27.60929314	0.027273
27.61929288	0.023693
27.62929263	0.022726
27.63929237	0.02083
27.64929211	0.01641
27.65929186	0.017427
27.6692916	0.02718
27.67929135	0.035828
27.68929109	0.034816
27.69929083	0.030237
27.70929058	0.028575
27.71929032	0.025815
27.72929007	0.01705
27.73928981	0.0093977
27.74928955	0.011032
27.7592893	0.021257
27.76928904	0.034751
27.77928879	0.048726
27.78928853	0.058832
27.79928827	0.05985
27.80928802	0.052788
27.81928776	0.043278
27.82928751	0.033274
27.83928725	0.02222
27.84928699	0.014564
27.85928674	0.015572
27.86928648	0.022566
27.87928623	0.027873
27.88928597	0.027613
27.89928571	0.022108
27.90928546	0.013547
27.9192852	0.0067621
27.92928495	0.007618
27.93928469	0.015842
27.94928443	0.023404
27.95928418	0.02437
27.96928392	0.022103
27.97928367	0.022092
27.98928341	0.021775
27.99928315	0.012863
28.0092829	-0.0065209
28.01928264	-0.027023
28.02928239	-0.037223
28.03928213	-0.036315
28.04928187	-0.033442
28.05928162	-0.034891
28.06928136	-0.035385
28.07928111	-0.025483
28.08928085	-0.0057305
28.09928059	0.014231
28.10928034	0.029009
28.11928008	0.041588
28.12927983	0.051369
28.13927957	0.048232
28.14927931	0.025839
28.15927906	-0.006238
28.1692788	-0.031598
28.17927855	-0.042239
28.18927829	-0.037232
28.19927803	-0.017554
28.20927778	0.0083504
28.21927752	0.023931
28.22927727	0.022162
28.23927701	0.014685
28.24927675	0.012693
28.2592765	0.0095746
28.26927624	-0.0041295
28.27927599	-0.018999
28.28927573	-0.017371
28.29927547	0.00055312
28.30927522	0.014741
28.31927496	0.01081
28.32927471	-0.0061281
28.33927445	-0.02228
28.34927419	-0.033036
28.35927394	-0.042417
28.36927368	-0.051434
28.37927343	-0.0544
28.38927317	-0.050532
28.39927291	-0.049591
28.40927266	-0.056338
28.4192724	-0.059191
28.42927215	-0.043836
28.43927189	-0.013425
28.44927163	0.019089
28.45927138	0.048757
28.46927112	0.077751
28.47927087	0.10092
28.48927061	0.10736
28.49927035	0.092447
28.5092701	0.058824
28.51926984	0.012039
28.52926959	-0.036235
28.53926933	-0.067842
28.54926907	-0.071701
28.55926882	-0.050822
28.56926856	-0.014918
28.57926831	0.025743
28.58926805	0.056059
28.59926779	0.063718
28.60926754	0.051987
28.61926728	0.036525
28.62926703	0.023812
28.63926677	0.0091271
28.64926651	-0.0094274
28.65926626	-0.025444
28.669266	-0.036653
28.67926575	-0.045273
28.68926549	-0.049804
28.69926523	-0.045948
28.70926498	-0.037293
28.71926472	-0.030656
28.72926446	-0.02423
28.73926421	-0.010277
28.74926395	0.011027
28.7592637	0.032742
28.76926344	0.050268
28.77926318	0.060536
28.78926293	0.056988
28.79926267	0.037127
28.80926242	0.0092045
28.81926216	-0.017386
28.8292619	-0.044246
28.83926165	-0.074792
28.84926139	-0.096882
28.85926114	-0.091717
28.86926088	-0.060086
28.87926062	-0.025374
28.88926037	-0.0049924
28.89926011	0.0065604
28.90925986	0.020253
28.9192596	0.031076
28.92925934	0.027018
28.93925909	0.010482
28.94925883	-0.0058178
28.95925858	-0.019063
28.96925832	-0.034621
28.97925806	-0.047079
28.98925781	-0.041047
28.99925755	-0.014501
29.0092573	0.016456
29.01925704	0.03554
29.02925678	0.038871
29.03925653	0.028506
29.04925627	0.011829
29.05925602	0.0027057
29.06925576	0.0095435
29.0792555	0.019812
29.08925525	0.014901
29.09925499	-0.0049721
29.10925474	-0.023513
29.11925448	-0.031737
29.12925422	-0.031003
29.13925397	-0.021248
29.14925371	-0.0029596
29.15925346	0.014367
29.1692532	0.020758
29.17925294	0.017456
29.18925269	0.0090546
29.19925243	-0.005628
29.20925218	-0.024933
29.21925192	-0.037326
29.22925166	-0.033901
29.23925141	-0.01821
29.24925115	0.00266
29.2592509	0.025905
29.26925064	0.045554
29.27925038	0.04977
29.28925013	0.033795
29.29924987	0.0091471
29.30924962	-0.0076902
29.31924936	-0.010686
29.3292491	-0.0063115
29.33924885	-0.002254
29.34924859	0.001264
29.35924834	0.0089352
29.36924808	0.01782
29.37924782	0.016239
29.38924757	0.00085261
29.39924731	-0.012773
29.40924706	-0.0097584
29.4192468	0.0022474
29.42924654	0.0048064
29.43924629	-0.0014823
29.44924603	0.0010713
29.45924578	0.016581
29.46924552	0.025652
29.47924526	0.01305
29.48924501	-0.013523
29.49924475	-0.035102
29.5092445	-0.040662
29.51924424	-0.029268
29.52924398	-0.0071273
29.53924373	0.014859
29.54924347	0.027511
29.55924322	0.030439
29.56924296	0.027542
29.5792427	0.018208
29.58924245	0.0022023
29.59924219	-0.012181
29.60924194	-0.015353
29.61924168	-0.0082116
29.62924142	0.0023257
29.63924117	0.01303
29.64924091	0.022224
29.65924066	0.024866
29.6692404	0.01756
29.67924014	0.0025805
29.68923989	-0.018265
29.69923963	-0.046531
29.70923938	-0.074693
29.71923912	-0.081975
29.72923886	-0.055207
29.73923861	-0.0097558
29.74923835	0.022697
29.7592381	0.024818
29.76923784	0.006225
29.77923758	-0.01263
29.78923733	-0.020218
29.79923707	-0.016408
29.80923682	-0.0062421
29.81923656	0.0027644
29.8292363	0.0040991
29.83923605	-0.0022755
29.84923579	-0.011663
29.85923554	-0.021637
29.86923528	-0.031141
29.87923502	-0.035449
29.88923477	-0.02883
29.89923451	-0.015169
29.90923425	-0.0053898
29.919234	-0.0034537
29.92923374	-0.0041366
29.93923349	-0.006545
29.94923323	-0.015473
29.95923297	-0.027562
29.96923272	-0.030247
29.97923246	-0.019324
29.98923221	-0.0053598
29.99923195	0.0013071
30.00923169	0.00042005
30.01923144	-0.0082383
30.02923118	-0.027501
30.03923093	-0.049278
30.04923067	-0.054578
30.05923041	-0.038467
30.06923016	-0.018471
30.0792299	-0.0093148
30.08922965	-0.004228
30.09922939	0.0064609
30.10922913	0.01532
30.11922888	0.011591
30.12922862	0.00096905
30.13922837	-0.0047265
30.14922811	-0.0053506
30.15922785	-0.0049382
30.1692276	-0.00060935
30.17922734	0.0074623
30.18922709	0.0088684
30.19922683	-0.00037882
30.20922657	-0.0075608
30.21922632	-0.0024747
30.22922606	0.0071281
30.23922581	0.0090471
30.24922555	0.0053109
30.25922529	0.0052739
30.26922504	0.011268
30.27922478	0.018029
30.28922453	0.021523
30.29922427	0.020382
30.30922401	0.015242
30.31922376	0.010371
30.3292235	0.010663
30.33922325	0.014185
30.34922299	0.013737
30.35922273	0.0063569
30.36922248	-0.0028452
30.37922222	-0.0067546
30.38922197	-0.0032872
30.39922171	0.0028212
30.40922145	0.0070783
30.4192212	0.01028
30.42922094	0.013341
30.43922069	0.01107
30.44922043	-0.0015404
30.45922017	-0.018387
30.46921992	-0.027205
30.47921966	-0.024436
30.48921941	-0.018019
30.49921915	-0.012346
30.50921889	-0.0043869
30.51921864	0.0045248
30.52921838	0.0057974
30.53921813	-0.0027513
30.54921787	-0.012191
30.55921761	-0.015698
30.56921736	-0.016083
30.5792171	-0.016495
30.58921685	-0.012631
30.59921659	-0.0022427
30.60921633	0.0075717
30.61921608	0.010131
30.62921582	0.0084483
30.63921557	0.007805
30.64921531	0.0074888
30.65921505	0.0058757
30.6692148	0.0072411
30.67921454	0.015708
30.68921429	0.027161
30.69921403	0.033412
30.70921377	0.03308
30.71921352	0.03126
30.72921326	0.031914
30.73921301	0.033375
30.74921275	0.031204
30.75921249	0.02471
30.76921224	0.021152
30.77921198	0.029602
30.78921173	0.047674
30.79921147	0.061854
30.80921121	0.063179
30.81921096	0.056113
30.8292107	0.047329
30.83921045	0.036875
30.84921019	0.024283
30.85920993	0.011904
30.86920968	-0.001071
30.87920942	-0.017733
30.88920917	-0.032567
30.89920891	-0.034907
30.90920865	-0.025098
30.9192084	-0.015899
30.92920814	-0.012756
30.93920789	-0.0078429
30.94920763	0.0034051
30.95920737	0.01284
30.96920712	0.013649
30.97920686	0.0086339
30.98920661	0.0021754
30.99920635	-0.0068994
31.00920609	-0.018109
31.01920584	-0.025694
31.02920558	-0.025808
31.03920533	-0.023271
31.04920507	-0.02318
31.05920481	-0.021139
31.06920456	-0.010287
31.0792043	0.004801
31.08920405	0.012888
31.09920379	0.011757
31.10920353	0.0095884
31.11920328	0.010442
31.12920302	0.0091837
31.13920276	0.0029902
31.14920251	-0.0028251
31.15920225	-0.0049957
31.169202	-0.008068
31.17920174	-0.012325
31.18920148	-0.0097926
31.19920123	0.0026324
31.20920097	0.013632
31.21920072	0.011963
31.22920046	-0.00015036
31.2392002	-0.01372
31.24919995	-0.026692
31.25919969	-0.040176
31.26919944	-0.049687
31.27919918	-0.050069
31.28919892	-0.043174
31.29919867	-0.033244
31.30919841	-0.018519
31.31919816	0.0012336
31.3291979	0.01664
31.33919764	0.016667
31.34919739	0.0041347
31.35919713	-0.0086761
31.36919688	-0.014123
31.37919662	-0.0128
31.38919636	-0.006947
31.39919611	0.00033421
31.40919585	0.0047361
31.4191956	0.005785
31.42919534	0.0080011
31.43919508	0.011994
31.44919483	0.012014
31.45919457	0.0050062
31.46919432	-0.005188
31.47919406	-0.013657
31.4891938	-0.017019
31.49919355	-0.011498
31.50919329	0.0018426
31.51919304	0.013656
31.52919278	0.015527
31.53919252	0.010274
31.54919227	0.0039869
31.55919201	-0.0036738
31.56919176	-0.01331
31.5791915	-0.019296
31.58919124	-0.019269
31.59919099	-0.01972
31.60919073	-0.022584
31.61919048	-0.01773
31.62919022	0.0012716
31.63918996	0.02369
31.64918971	0.034065
31.65918945	0.030798
31.6691892	0.024504
31.67918894	0.025216
31.68918868	0.034647
31.69918843	0.045189
31.70918817	0.045711
31.71918792	0.034286
31.72918766	0.023258
31.7391874	0.024458
31.74918715	0.033604
31.75918689	0.036246
31.76918664	0.026432
31.77918638	0.012321
31.78918612	0.0046233
31.79918587	0.0055624
31.80918561	0.0090568
31.81918536	0.0099801
31.8291851	0.0098489
31.83918484	0.012137
31.84918459	0.014735
31.85918433	0.012467
31.86918408	0.0075339
31.87918382	0.0071429
31.88918356	0.01163
31.89918331	0.013678
31.90918305	0.012216
31.9191828	0.012419
31.92918254	0.01257
31.93918228	0.0057985
31.94918203	-0.0038635
31.95918177	-0.0033804
31.96918152	0.0084715
31.97918126	0.016034
31.989181	0.0065147
31.99918075	-0.016045
32.00918049	-0.03736
32.01918024	-0.046939
32.02917998	-0.041541
32.03917972	-0.025567
32.04917947	-0.0087861
32.05917921	-0.00043002
32.06917896	-0.001595
32.0791787	-0.0069893
32.08917844	-0.010818
32.09917819	-0.01057
32.10917793	-0.0073104
32.11917768	-0.0038385
32.12917742	-0.0013949
32.13917716	0.00095952
32.14917691	0.0038167
32.15917665	0.0061996
32.1691764	0.0070053
32.17917614	0.0066128
32.18917588	0.0051209
32.19917563	0.0017373
32.20917537	-0.0037643
32.21917512	-0.0095408
32.22917486	-0.013923
32.2391746	-0.017668
32.24917435	-0.023411
32.25917409	-0.029695
32.26917384	-0.028873
32.27917358	-0.01761
32.28917332	-0.0075935
32.29917307	-0.013449
32.30917281	-0.029826
32.31917256	-0.033974
32.3291723	-0.017894
32.33917204	-0.00072355
32.34917179	-0.00063404
32.35917153	-0.0093644
32.36917127	-0.010908
32.37917102	-0.0079871
32.38917076	-0.012593
32.39917051	-0.022512
32.40917025	-0.025357
32.41916999	-0.019805
32.42916974	-0.014103
32.43916948	-0.0099941
32.44916923	-0.0020603
32.45916897	0.0088389
32.46916871	0.016127
32.47916846	0.01805
32.4891682	0.016455
32.49916795	0.009993
32.50916769	-0.0022027
32.51916743	-0.012793
32.52916718	-0.012429
32.53916692	-0.00207
32.54916667	0.0082309
32.55916641	0.011701
32.56916615	0.010057
32.5791659	0.0077957
32.58916564	0.0068765
32.59916539	0.0069318
32.60916513	0.0069813
32.61916487	0.007112
32.62916462	0.0085938
32.63916436	0.011606
32.64916411	0.013497
32.65916385	0.011652
32.66916359	0.0077174
32.67916334	0.0054071
32.68916308	0.0052059
32.69916283	0.0047219
32.70916257	0.0036823
32.71916231	0.0047708
32.72916206	0.0075626
32.7391618	0.0075876
32.74916155	0.0023348
32.75916129	-0.0052807
32.76916103	-0.012188
32.77916078	-0.016869
32.78916052	-0.016675
32.79916027	-0.0096124
32.80916001	-0.00070422
32.81915975	0.0025683
32.8291595	0.0009748
32.83915924	0.0019245
32.84915899	0.0048782
32.85915873	0.00063624
32.86915847	-0.01206
32.87915822	-0.021213
32.88915796	-0.01914
32.89915771	-0.012338
32.90915745	-0.0098134
32.91915719	-0.01154
32.92915694	-0.013521
32.93915668	-0.0136
32.94915643	-0.010614
32.95915617	-0.0042483
32.96915591	0.0022992
32.97915566	0.0048533
32.9891554	0.0041267
32.99915515	0.0034475
33.00915489	0.0035074
33.01915463	0.0035892
33.02915438	0.0045924
33.03915412	0.0059924
33.04915387	0.0049875
33.05915361	0.0024616
33.06915335	0.0029802
33.0791531	0.0067142
33.08915284	0.0079843
33.09915259	0.0046644
33.10915233	0.0017382
33.11915207	0.0024717
33.12915182	0.0034644
33.13915156	0.0014837
33.14915131	-0.0011391
33.15915105	-0.001101
33.16915079	0.00068268
33.17915054	0.0018143
33.18915028	0.0018987
33.19915003	0.002128
33.20914977	0.0029798
33.21914951	0.0040794
33.22914926	0.0042281
33.239149	0.002605
33.24914875	0.00088667
33.25914849	0.0026932
33.26914823	0.0087118
33.27914798	0.013909
33.28914772	0.012973
33.29914747	0.0070052
33.30914721	0.0019885
33.31914695	0.0010884
33.3291467	0.002269
33.33914644	0.0026307
33.34914619	0.0011722
33.35914593	-0.0023781
33.36914567	-0.0075193
33.37914542	-0.01149
33.38914516	-0.011022
33.39914491	-0.0062801
33.40914465	-0.00081554
33.41914439	0.0022278
33.42914414	0.0026432
33.43914388	0.0017085
33.44914363	0.0011344
33.45914337	0.0017779
33.46914311	0.0024482
33.47914286	0.0016601
33.4891426	0.00090645
33.49914235	0.0020141
33.50914209	0.0028071
33.51914183	0.00088061
33.52914158	0.00012114
33.53914132	0.005389
33.54914107	0.012214
33.55914081	0.011623
33.56914055	0.0046028
33.5791403	0.0004184
33.58914004	0.0015023
33.59913978	0.0022087
33.60913953	0.0013557
33.61913927	0.0031682
33.62913902	0.0066082
33.63913876	0.0059706
33.6491385	0.0020758
33.65913825	0.00082957
33.66913799	0.0024417
33.67913774	0.0023004
33.68913748	0.0010726
33.69913722	0.0028073
33.70913697	0.0060066
33.71913671	0.0058381
33.72913646	0.0031089
33.7391362	0.0020373
33.74913594	0.0021902
33.75913569	0.00076367
33.76913543	-0.00078325
33.77913518	0.00048164
33.78913492	0.0026882
33.79913466	0.0027079
33.80913441	0.0016335
33.81913415	0.0019833
33.8291339	0.0027558
33.83913364	0.0022702
33.84913338	0.0016781
33.85913313	0.0023365
33.86913287	0.0032689
33.87913262	0.0037176
33.88913236	0.0042958
33.8991321	0.0041971
33.90913185	0.00139
33.91913159	-0.0034629
33.92913134	-0.0072872
33.93913108	-0.009405
33.94913082	-0.011404
33.95913057	-0.01206
33.96913031	-0.0081614
33.97913006	-0.00095127
33.9891298	0.0037956
33.99912954	0.0034658
34.00912929	0.0015598
34.01912903	0.0019643
34.02912878	0.0035002
34.03912852	0.0028695
34.04912826	0.0011349
34.05912801	0.0032022
34.06912775	0.0095268
34.0791275	0.013189
34.08912724	0.0094065
34.09912698	0.0032068
34.10912673	0.0017017
34.11912647	0.0033988
34.12912622	0.0027464
34.13912596	0.001215
34.1491257	0.0045203
34.15912545	0.010653
34.16912519	0.011541
34.17912494	0.0062456
34.18912468	0.001978
34.19912442	0.000946
34.20912417	-0.0019581
34.21912391	-0.0081142
34.22912366	-0.011145
34.2391234	-0.0071516
34.24912314	-0.00012911
34.25912289	0.0042368
34.26912263	0.0055876
34.27912238	0.0049383
34.28912212	0.00091403
34.29912186	-0.0078698
34.30912161	-0.016715
34.31912135	-0.018752
34.3291211	-0.01296
34.33912084	-0.0069975
34.34912058	-0.0067355
34.35912033	-0.0096709
34.36912007	-0.009358
34.37911982	-0.004955
34.38911956	-0.00039267
34.3991193	0.0027105
34.40911905	0.0067235
34.41911879	0.0121
34.42911854	0.015741
34.43911828	0.01625
34.44911802	0.015647
34.45911777	0.015652
34.46911751	0.015325
34.47911726	0.012815
34.489117	0.0082682
34.49911674	0.0044965
34.50911649	0.0039615
34.51911623	0.0051967
34.52911598	0.0050069
34.53911572	0.0034668
34.54911546	0.0044191
34.55911521	0.0087054
34.56911495	0.011874
34.5791147	0.010104
34.58911444	0.0059286
34.59911418	0.0035169
34.60911393	0.0046003
34.61911367	0.0088255
34.62911342	0.014578
34.63911316	0.018016
34.6491129	0.017514
34.65911265	0.016303
34.66911239	0.0176
34.67911214	0.018472
34.68911188	0.014793
34.69911162	0.0085537
34.70911137	0.0050961
34.71911111	0.0049792
34.72911086	0.0063943
34.7391106	0.010032
34.74911034	0.016111
34.75911009	0.019805
34.76910983	0.01724
34.77910958	0.0098967
34.78910932	0.0019274
34.79910906	-0.0054872
34.80910881	-0.010122
34.81910855	-0.0082456
34.82910829	0.00082958
34.83910804	0.0096374
34.84910778	0.0098507
34.85910753	0.00016012
34.86910727	-0.011798
34.87910701	-0.01616
34.88910676	-0.010658
34.8991065	-0.0030072
34.90910625	-0.0011186
34.91910599	-0.0036106
34.92910573	-0.0047389
34.93910548	-0.0052016
34.94910522	-0.0092931
34.95910497	-0.014189
34.96910471	-0.012343
34.97910445	-0.006077
34.9891042	-0.0062539
34.99910394	-0.01469
35.00910369	-0.020819
35.01910343	-0.016013
35.02910317	-0.0045365
35.03910292	0.0029386
35.04910266	-0.00039492
35.05910241	-0.010474
35.06910215	-0.015672
35.07910189	-0.0087408
35.08910164	0.0040513
35.09910138	0.011251
35.10910113	0.011999
35.11910087	0.012977
35.12910061	0.013109
35.13910036	0.0052396
35.1491001	-0.0086048
35.15909985	-0.01912
35.16909959	-0.024665
35.17909933	-0.030182
35.18909908	-0.033494
35.19909882	-0.028362
35.20909857	-0.018475
35.21909831	-0.015365
35.22909805	-0.021664
35.2390978	-0.028452
35.24909754	-0.027742
35.25909729	-0.020389
35.26909703	-0.012755
35.27909677	-0.0095885
35.28909652	-0.0098145
35.29909626	-0.0083176
35.30909601	-0.0036119
35.31909575	0.00010349
35.32909549	0.00033115
35.33909524	0.00032022
35.34909498	0.001273
35.35909473	-0.0010934
35.36909447	-0.0071186
35.37909421	-0.0090433
35.38909396	-0.0039369
35.3990937	-0.00026976
35.40909345	-0.00458
35.41909319	-0.010085
35.42909293	-0.0088158
35.43909268	-0.0053168
35.44909242	-0.0084383
35.45909217	-0.015902
35.46909191	-0.019019
35.47909165	-0.017712
35.4890914	-0.019237
35.49909114	-0.024502
35.50909089	-0.027876
35.51909063	-0.028489
35.52909037	-0.030395
35.53909012	-0.031552
35.54908986	-0.025695
35.55908961	-0.014574
35.56908935	-0.0083748
35.57908909	-0.011296
35.58908884	-0.017233
35.59908858	-0.02094
35.60908833	-0.022506
35.61908807	-0.020975
35.62908781	-0.014053
35.63908756	-0.0062283
35.6490873	-0.005157
35.65908705	-0.011389
35.66908679	-0.018252
35.67908653	-0.02062
35.68908628	-0.01789
35.69908602	-0.011509
35.70908577	-0.0062739
35.71908551	-0.0075688
35.72908525	-0.011578
35.739085	-0.0058576
35.74908474	0.012914
35.75908449	0.029663
35.76908423	0.030378
35.77908397	0.019638
35.78908372	0.012424
35.79908346	0.013093
35.80908321	0.015414
35.81908295	0.014754
35.82908269	0.013172
35.83908244	0.013417
35.84908218	0.015517
35.85908193	0.017493
35.86908167	0.017443
35.87908141	0.015457
35.88908116	0.013686
35.8990809	0.013021
35.90908065	0.012778
35.91908039	0.014991
35.92908013	0.023314
35.93907988	0.034459
35.94907962	0.03925
35.95907937	0.036263
35.96907911	0.034296
35.97907885	0.037535
35.9890786	0.038569
35.99907834	0.031679
36.00907808	0.022622
36.01907783	0.017963
36.02907757	0.013778
36.03907732	0.003648
36.04907706	-0.0074083
36.0590768	-0.0079379
36.06907655	0.0038829
36.07907629	0.015173
36.08907604	0.012664
36.09907578	-0.00014971
36.10907552	-0.0060625
36.11907527	0.0028984
36.12907501	0.014817
36.13907476	0.01711
36.1490745	0.013256
36.15907424	0.012036
36.16907399	0.011585
36.17907373	0.0063566
36.18907348	-0.0017202
36.19907322	-0.0095299
36.20907296	-0.021524
36.21907271	-0.038747
36.22907245	-0.050662
36.2390722	-0.047981
36.24907194	-0.035684
36.25907168	-0.023744
36.26907143	-0.01709
36.27907117	-0.01777
36.28907092	-0.025094
36.29907066	-0.031212
36.3090704	-0.026839
36.31907015	-0.013259
36.32906989	0.000095941
36.33906964	0.0078773
36.34906938	0.011559
36.35906912	0.012762
36.36906887	0.011578
36.37906861	0.010003
36.38906836	0.009908
36.3990681	0.010582
36.40906784	0.010982
36.41906759	0.010919
36.42906733	0.0084033
36.43906708	0.001194
36.44906682	-0.0077251
36.45906656	-0.013124
36.46906631	-0.014286
36.47906605	-0.014674
36.4890658	-0.014925
36.49906554	-0.013375
36.50906528	-0.011111
36.51906503	-0.012519
36.52906477	-0.017446
36.53906452	-0.019954
36.54906426	-0.016484
36.559064	-0.012001
36.56906375	-0.011724
36.57906349	-0.014024
36.58906324	-0.013704
36.59906298	-0.0097342
36.60906272	-0.004419
36.61906247	-0.00030547
36.62906221	0.00035716
36.63906196	-0.0030348
36.6490617	-0.005848
36.65906144	-0.0027396
36.66906119	0.001693
36.67906093	-0.0015974
36.68906068	-0.010997
36.69906042	-0.013854
36.70906016	-0.0057049
36.71905991	0.0051707
36.72905965	0.011422
36.7390594	0.015319
36.74905914	0.018732
36.75905888	0.018418
36.76905863	0.013652
36.77905837	0.0094394
36.78905812	0.0093707
36.79905786	0.011481
36.8090576	0.012084
36.81905735	0.010425
36.82905709	0.0091659
36.83905684	0.011326
36.84905658	0.01533
36.85905632	0.01571
36.86905607	0.010584
36.87905581	0.0059497
36.88905556	0.0071383
36.8990553	0.011327
36.90905504	0.012823
36.91905479	0.011219
36.92905453	0.010138
36.93905428	0.011153
36.94905402	0.012366
36.95905376	0.011701
36.96905351	0.0099559
36.97905325	0.010536
36.989053	0.015336
36.99905274	0.020801
37.00905248	0.021051
37.01905223	0.015955
37.02905197	0.010554
37.03905172	0.0079622
37.04905146	0.0077387
37.0590512	0.0095482
37.06905095	0.011775
37.07905069	0.011556
37.08905044	0.0091559
37.09905018	0.0089383
37.10904992	0.01163
37.11904967	0.012552
37.12904941	0.010687
37.13904916	0.012841
37.1490489	0.022896
37.15904864	0.033928
37.16904839	0.036994
37.17904813	0.032507
37.18904788	0.026672
37.19904762	0.02217
37.20904736	0.016667
37.21904711	0.0092821
37.22904685	0.0036335
37.23904659	0.0040354
37.24904634	0.0091629
37.25904608	0.013062
37.26904583	0.012955
37.27904557	0.011718
37.28904531	0.012084
37.29904506	0.012725
37.3090448	0.012271
37.31904455	0.01199
37.32904429	0.012601
37.33904403	0.01265
37.34904378	0.012032
37.35904352	0.0123
37.36904327	0.012902
37.37904301	0.011366
37.38904275	0.0088424
37.3990425	0.0085649
37.40904224	0.0093131
37.41904199	0.0051827
37.42904173	-0.0042553
37.43904147	-0.011811
37.44904122	-0.012282
37.45904096	-0.0096298
37.46904071	-0.0098624
37.47904045	-0.01201
37.48904019	-0.011499
37.49903994	-0.0093835
37.50903968	-0.010291
37.51903943	-0.01291
37.52903917	-0.011228
37.53903891	-0.0063592
37.54903866	-0.0055522
37.5590384	-0.008732
37.56903815	-0.007248
37.57903789	-0.001187
37.58903763	-0.0011128
37.59903738	-0.0092082
37.60903712	-0.013137
37.61903687	-0.0069903
37.62903661	-0.0011579
37.63903635	-0.0047658
37.6490361	-0.010857
37.65903584	-0.010539
37.66903559	-0.0074109
37.67903533	-0.0086955
37.68903507	-0.011653
37.69903482	-0.01133
37.70903456	-0.010443
37.71903431	-0.013384
37.72903405	-0.016204
37.73903379	-0.012021
37.74903354	-0.0011638
37.75903328	0.010213
37.76903303	0.017441
37.77903277	0.019373
37.78903251	0.016297
37.79903226	0.011113
37.809032	0.0073213
37.81903175	0.004756
37.82903149	0.00016073
37.83903123	-0.0049361
37.84903098	-0.0048148
37.85903072	-0.00053469
37.86903047	-0.0018764
37.87903021	-0.011207
37.88902995	-0.017121
37.8990297	-0.01225
37.90902944	-0.005531
37.91902919	-0.007861
37.92902893	-0.015287
37.93902867	-0.018074
37.94902842	-0.014504
37.95902816	-0.0081278
37.96902791	0.0012252
37.97902765	0.0096736
37.98902739	0.0067419
37.99902714	-0.0088512
38.00902688	-0.021279
38.01902663	-0.018225
38.02902637	-0.0070215
38.03902611	-0.0012806
38.04902586	-0.0033579
38.0590256	-0.0076337
38.06902535	-0.011531
38.07902509	-0.015355
38.08902483	-0.019773
38.09902458	-0.026557
38.10902432	-0.035488
38.11902407	-0.03899
38.12902381	-0.030531
38.13902355	-0.015304
38.1490233	-0.0034005
38.15902304	0.0047868
38.16902279	0.013377
38.17902253	0.01759
38.18902227	0.0086497
38.19902202	-0.010244
38.20902176	-0.026189
38.21902151	-0.031576
38.22902125	-0.029356
38.23902099	-0.024614
38.24902074	-0.01793
38.25902048	-0.0067956
38.26902023	0.0091005
38.27901997	0.023773
38.28901971	0.029188
38.29901946	0.022484
38.3090192	0.010028
38.31901895	0.00081496
38.32901869	0.0004583
38.33901843	0.0080694
38.34901818	0.017511
38.35901792	0.022489
38.36901767	0.02257
38.37901741	0.021442
38.38901715	0.017235
38.3990169	0.0050895
38.40901664	-0.010895
38.41901639	-0.018607
38.42901613	-0.015177
38.43901587	-0.0090209
38.44901562	-0.003879
38.45901536	0.0036172
38.4690151	0.01123
38.47901485	0.010496
38.48901459	0.0014588
38.49901434	-0.0078602
38.50901408	-0.014918
38.51901382	-0.022836
38.52901357	-0.029174
38.53901331	-0.028027
38.54901306	-0.02012
38.5590128	-0.010226
38.56901254	-0.00053097
38.57901229	0.0076738
38.58901203	0.011475
38.59901178	0.012072
38.60901152	0.01472
38.61901126	0.019699
38.62901101	0.020974
38.63901075	0.015298
38.6490105	0.0051352
38.65901024	-0.0062722
38.66900998	-0.013706
38.67900973	-0.010769
38.68900947	0.0018659
38.69900922	0.012382
38.70900896	0.011201
38.7190087	0.0016136
38.72900845	-0.0085493
38.73900819	-0.018525
38.74900794	-0.02801
38.75900768	-0.029191
38.76900742	-0.016668
38.77900717	0.0020792
38.78900691	0.015242
38.79900666	0.019365
38.8090064	0.017298
38.81900614	0.010275
38.82900589	-0.00059448
38.83900563	-0.0097563
38.84900538	-0.011522
38.85900512	-0.0073788
38.86900486	-0.0035613
38.87900461	-0.0031203
38.88900435	-0.0045777
38.8990041	-0.0063626
38.90900384	-0.0079514
38.91900358	-0.0077693
38.92900333	-0.0038496
38.93900307	0.0035307
38.94900282	0.011119
38.95900256	0.013897
38.9690023	0.0101
38.97900205	0.0036732
38.98900179	0.00035738
38.99900154	0.00059944
39.00900128	0.0013691
39.01900102	0.0012906
39.02900077	0.00097675
39.03900051	-0.00092896
39.04900026	-0.0050985
39.059	#N/A
