0	0
0.009999744	-3.2833E-06
0.019999488	-7.5892E-06
0.029999232	-0.000013281
0.039998976	-0.00002052
0.04999872	-0.000029766
0.059998464	-0.000041846
0.069998208	-0.000056863
0.079997952	-0.00007307
0.089997696	-0.000087487
0.09999744	-0.000097783
0.109997184	-0.00010325
0.119996928	-0.00010442
0.129996672	-0.00010259
0.139996416	-0.000099197
0.14999616	-0.000094668
0.159995904	-0.000087956
0.169995648	-0.000078514
0.179995392	-0.000068519
0.189995136	-0.000061745
0.19999488	-0.000060076
0.209994624	-0.000062296
0.219994368	-0.000066201
0.229994112	-0.000070335
0.239993856	-0.000073552
0.2499936	-0.00007468
0.259993344	-0.000073366
0.269993088	-0.000070249
0.279992832	-0.00006595
0.289992576	-0.000061246
0.29999232	-0.000058698
0.309992063	-0.000062443
0.319991807	-0.00007508
0.329991551	-0.000095453
0.339991295	-0.00012016
0.349991039	-0.00014615
0.359990783	-0.00017102
0.369990527	-0.00019195
0.379990271	-0.00020658
0.389990015	-0.00021493
0.399989759	-0.00021915
0.409989503	-0.00022072
0.419989247	-0.00021857
0.429988991	-0.00021057
0.439988735	-0.00019669
0.449988479	-0.00018074
0.459988223	-0.00016858
0.469987967	-0.00016391
0.479987711	-0.00016537
0.489987455	-0.00016763
0.499987199	-0.00016459
0.509986943	-0.00015211
0.519986687	-0.0001303
0.529986431	-0.00010494
0.539986175	-0.000084463
0.549985919	-0.000072228
0.559985663	-0.000062334
0.569985407	-0.000045309
0.579985151	-0.000017763
0.589984895	0.000015008
0.599984639	0.000044507
0.609984383	0.000065139
0.619984127	0.000076588
0.629983871	0.000082589
0.639983615	0.000086327
0.649983359	0.00008564
0.659983103	0.000074841
0.669982847	0.000053332
0.679982591	0.000030618
0.689982335	0.000020623
0.699982079	0.000031439
0.709981823	0.000060041
0.719981567	0.00009405
0.729981311	0.00011845
0.739981055	0.0001251
0.749980799	0.00011903
0.759980543	0.00011438
0.769980287	0.00012277
0.779980031	0.00014576
0.789979775	0.00017793
0.799979519	0.00021451
0.809979263	0.00025496
0.819979007	0.00030091
0.829978751	0.00035156
0.839978495	0.00040122
0.849978239	0.00044218
0.859977983	0.00047052
0.869977727	0.00048752
0.879977471	0.00049495
0.889977215	0.00049107
0.899976959	0.00047337
0.909976703	0.00044367
0.919976446	0.00040856
0.92997619	0.00037507
0.939975934	0.00034743
0.949975678	0.00032641
0.959975422	0.00030944
0.969975166	0.0002919
0.97997491	0.00027089
0.989974654	0.00024811
0.999974398	0.00022716
1.009974142	0.00020778
1.019973886	0.00018463
1.02997363	0.000153
1.039973374	0.00011519
1.049973118	0.000081349
1.059972862	0.000064687
1.069972606	0.00007433
1.07997235	0.00010907
1.089972094	0.00015605
1.099971838	0.00019727
1.109971582	0.00022047
1.119971326	0.00022481
1.12997107	0.00021492
1.139970814	0.00018938
1.149970558	0.00013802
1.159970302	0.000054621
1.169970046	-0.000048374
1.17996979	-0.00014369
1.189969534	-0.00021239
1.199969278	-0.00026094
1.209969022	-0.00031169
1.219968766	-0.00037945
1.22996851	-0.00046218
1.239968254	-0.00055078
1.249967998	-0.00063884
1.259967742	-0.00072224
1.269967486	-0.00079795
1.27996723	-0.00086778
1.289966974	-0.00093812
1.299966718	-0.001012
1.309966462	-0.0010853
1.319966206	-0.0011532
1.32996595	-0.0012135
1.339965694	-0.0012615
1.349965438	-0.0012858
1.359965182	-0.001279
1.369964926	-0.0012512
1.37996467	-0.0012262
1.389964414	-0.0012233
1.399964158	-0.0012456
1.409963902	-0.0012853
1.419963646	-0.0013352
1.42996339	-0.0013901
1.439963134	-0.0014412
1.449962878	-0.0014752
1.459962622	-0.0014836
1.469962366	-0.0014706
1.47996211	-0.0014522
1.489961854	-0.001445
1.499961598	-0.0014567
1.509961342	-0.0014821
1.519961086	-0.0015092
1.529960829	-0.0015305
1.539960573	-0.0015494
1.549960317	-0.0015757
1.559960061	-0.0016133
1.569959805	-0.0016547
1.579959549	-0.0016866
1.589959293	-0.0017034
1.599959037	-0.0017111
1.609958781	-0.0017175
1.619958525	-0.0017209
1.629958269	-0.0017125
1.639958013	-0.0016899
1.649957757	-0.0016612
1.659957501	-0.0016341
1.669957245	-0.0016065
1.679956989	-0.0015726
1.689956733	-0.0015315
1.699956477	-0.001487
1.709956221	-0.0014456
1.719955965	-0.0014186
1.729955709	-0.0014168
1.739955453	-0.001436
1.749955197	-0.0014573
1.759954941	-0.0014684
1.769954685	-0.0014763
1.779954429	-0.0014924
1.789954173	-0.0015154
1.799953917	-0.0015384
1.809953661	-0.0015633
1.819953405	-0.0015968
1.829953149	-0.0016382
1.839952893	-0.0016795
1.849952637	-0.0017149
1.859952381	-0.0017429
1.869952125	-0.0017634
1.879951869	-0.0017769
1.889951613	-0.0017842
1.899951357	-0.0017831
1.909951101	-0.0017718
1.919950845	-0.0017547
1.929950589	-0.0017403
1.939950333	-0.001732
1.949950077	-0.0017264
1.959949821	-0.0017193
1.969949565	-0.0017052
1.979949309	-0.0016759
1.989949053	-0.0016251
1.999948797	-0.0015551
2.009948541	-0.0014708
2.019948285	-0.0013726
2.029948029	-0.0012645
2.039947773	-0.0011609
2.049947517	-0.0010741
2.059947261	-0.00099688
2.069947005	-0.00091109
2.079946749	-0.00080967
2.089946493	-0.00069922
2.099946237	-0.00058386
2.109945981	-0.00046065
2.119945725	-0.00033074
2.129945469	-0.00020392
2.139945212	-0.000091033
2.149944956	1.0058E-06
2.1599447	0.000068344
2.169944444	0.00011186
2.179944188	0.00013972
2.189943932	0.0001649
2.199943676	0.00020052
2.20994342	0.00025536
2.219943164	0.00032858
2.229942908	0.00041154
2.239942652	0.0004996
2.249942396	0.0005939
2.25994214	0.00068472
2.269941884	0.00074946
2.279941628	0.00078178
2.289941372	0.00080368
2.299941116	0.00082763
2.30994086	0.00082885
2.319940604	0.00078542
2.329940348	0.00072642
2.339940092	0.00070328
2.349939836	0.00072619
2.35993958	0.00076576
2.369939324	0.00080641
2.379939068	0.00085759
2.389938812	0.00091527
2.399938556	0.00095272
2.4099383	0.00095732
2.419938044	0.0009483
2.429937788	0.00095029
2.439937532	0.0009699
2.449937276	0.0010046
2.45993702	0.001057
2.469936764	0.001132
2.479936508	0.0012296
2.489936252	0.0013469
2.499935996	0.0014796
2.50993574	0.0016181
2.519935484	0.0017468
2.529935228	0.0018554
2.539934972	0.0019489
2.549934716	0.0020414
2.55993446	0.0021372
2.569934204	0.0022263
2.579933948	0.0023005
2.589933692	0.0023695
2.599933436	0.0024537
2.60993318	0.0025663
2.619932924	0.0027062
2.629932668	0.0028625
2.639932412	0.0030224
2.649932156	0.0031748
2.6599319	0.0033121
2.669931644	0.0034281
2.679931388	0.0035161
2.689931132	0.0035696
2.699930876	0.0035885
2.70993062	0.0035862
2.719930364	0.0035876
2.729930108	0.0036081
2.739929852	0.0036339
2.749929595	0.0036397
2.759929339	0.0036336
2.769929083	0.003659
2.779928827	0.0037336
2.789928571	0.0038109
2.799928315	0.0038321
2.809928059	0.0038021
2.819927803	0.0037794
2.829927547	0.0038004
2.839927291	0.0038508
2.849927035	0.0039035
2.859926779	0.0039511
2.869926523	0.0039974
2.879926267	0.0040441
2.889926011	0.0040963
2.899925755	0.0041642
2.909925499	0.0042509
2.919925243	0.0043486
2.929924987	0.0044473
2.939924731	0.0045424
2.949924475	0.0046323
2.959924219	0.0047145
2.969923963	0.0047848
2.979923707	0.0048397
2.989923451	0.0048786
2.999923195	0.0049043
3.009922939	0.0049216
3.019922683	0.004938
3.029922427	0.0049643
3.039922171	0.00501
3.049921915	0.0050776
3.059921659	0.0051592
3.069921403	0.0052315
3.079921147	0.0052591
3.089920891	0.0052227
3.099920635	0.0051533
3.109920379	0.0051176
3.119920123	0.0051505
3.129919867	0.0052165
3.139919611	0.0052591
3.149919355	0.0052779
3.159919099	0.0053295
3.169918843	0.0054532
3.179918587	0.0056161
3.189918331	0.005741
3.199918075	0.0057796
3.209917819	0.0057555
3.219917563	0.0057381
3.229917307	0.0057776
3.239917051	0.0058649
3.249916795	0.0059532
3.259916539	0.0060091
3.269916283	0.0060372
3.279916027	0.0060608
3.289915771	0.0060992
3.299915515	0.0061608
3.309915259	0.0062378
3.319915003	0.0062961
3.329914747	0.0062916
3.339914491	0.006215
3.349914235	0.0061072
3.359913978	0.0060113
3.369913722	0.005919
3.379913466	0.005792
3.38991321	0.0056283
3.399912954	0.0054678
3.409912698	0.0053212
3.419912442	0.0051293
3.429912186	0.0048268
3.43991193	0.0044316
3.449911674	0.0040389
3.459911418	0.0037196
3.469911162	0.0034467
3.479910906	0.0031332
3.48991065	0.0027307
3.499910394	0.0022721
3.509910138	0.0018243
3.519909882	0.0014183
3.529909626	0.0010373
3.53990937	0.00065626
3.549909114	0.0002686
3.559908858	-0.00012528
3.569908602	-0.00053352
3.579908346	-0.00096569
3.58990809	-0.0014194
3.599907834	-0.0018836
3.609907578	-0.0023526
3.619907322	-0.0028297
3.629907066	-0.0033189
3.63990681	-0.0038144
3.649906554	-0.0042997
3.659906298	-0.0047559
3.669906042	-0.0051727
3.679905786	-0.0055535
3.68990553	-0.0059119
3.699905274	-0.0062655
3.709905018	-0.006628
3.719904762	-0.007001
3.729904506	-0.0073736
3.73990425	-0.0077288
3.749903994	-0.0080472
3.759903738	-0.0083092
3.769903482	-0.008513
3.779903226	-0.0087012
3.78990297	-0.0089482
3.799902714	-0.009297
3.809902458	-0.0097131
3.819902202	-0.010121
3.829901946	-0.010486
3.83990169	-0.010837
3.849901434	-0.011202
3.859901178	-0.011547
3.869900922	-0.011802
3.879900666	-0.011939
3.88990041	-0.012005
3.899900154	-0.012079
3.909899898	-0.012202
3.919899642	-0.01236
3.929899386	-0.01252
3.93989913	-0.012661
3.949898874	-0.012787
3.959898618	-0.012914
3.969898361	-0.013052
3.979898105	-0.013204
3.989897849	-0.01338
3.999897593	-0.013598
4.009897337	-0.013867
4.019897081	-0.014162
4.029896825	-0.014423
4.039896569	-0.014588
4.049896313	-0.014639
4.059896057	-0.014609
4.069895801	-0.014561
4.079895545	-0.014555
4.089895289	-0.01463
4.099895033	-0.014803
4.109894777	-0.015072
4.119894521	-0.015404
4.129894265	-0.01575
4.139894009	-0.016068
4.149893753	-0.016339
4.159893497	-0.016558
4.169893241	-0.016726
4.179892985	-0.016837
4.189892729	-0.016876
4.199892473	-0.016824
4.209892217	-0.016669
4.219891961	-0.016404
4.229891705	-0.016021
4.239891449	-0.015514
4.249891193	-0.014903
4.259890937	-0.014235
4.269890681	-0.013557
4.279890425	-0.012895
4.289890169	-0.012249
4.299889913	-0.011611
4.309889657	-0.010981
4.319889401	-0.010358
4.329889145	-0.0097406
4.339888889	-0.0091217
4.349888633	-0.00849
4.359888377	-0.0078392
4.369888121	-0.0071758
4.379887865	-0.0065147
4.389887609	-0.0058684
4.399887353	-0.0052384
4.409887097	-0.0046172
4.419886841	-0.0039969
4.429886585	-0.0033783
4.439886329	-0.0027662
4.449886073	-0.0021553
4.459885817	-0.0015307
4.469885561	-0.00088746
4.479885305	-0.00024346
4.489885049	0.00037442
4.499884793	0.00094973
4.509884537	0.0014812
4.519884281	0.0019786
4.529884025	0.0024573
4.539883769	0.002924
4.549883513	0.0033642
4.559883257	0.0037516
4.569883001	0.0040779
4.579882744	0.0043647
4.589882488	0.004645
4.599882232	0.004943
4.609881976	0.0052709
4.61988172	0.0056328
4.629881464	0.0060276
4.639881208	0.0064547
4.649880952	0.0069166
4.659880696	0.007407
4.66988044	0.0079004
4.679880184	0.0083686
4.689879928	0.0088104
4.699879672	0.0092521
4.709879416	0.009716
4.71987916	0.010197
4.729878904	0.010671
4.739878648	0.01112
4.749878392	0.011534
4.759878136	0.011916
4.76987788	0.012282
4.779877624	0.012642
4.789877368	0.012976
4.799877112	0.013242
4.809876856	0.013427
4.8198766	0.013575
4.829876344	0.013747
4.839876088	0.013961
4.849875832	0.014201
4.859875576	0.014454
4.86987532	0.014719
4.879875064	0.014966
4.889874808	0.015148
4.899874552	0.015255
4.909874296	0.015346
4.91987404	0.015481
4.929873784	0.015649
4.939873528	0.015787
4.949873272	0.01586
4.959873016	0.015882
4.96987276	0.015869
4.979872504	0.015803
4.989872248	0.015663
4.999871992	0.01546
5.009871736	0.015229
5.01987148	0.014996
5.029871224	0.014767
5.039870968	0.01454
5.049870712	0.014318
5.059870456	0.014102
5.0698702	0.01389
5.079869944	0.013677
5.089869688	0.013464
5.099869432	0.013248
5.109869176	0.013012
5.11986892	0.012737
5.129868664	0.012425
5.139868408	0.01211
5.149868152	0.011823
5.159867896	0.011546
5.16986764	0.011226
5.179867384	0.010829
5.189867127	0.010369
5.199866871	0.0098983
5.209866615	0.009465
5.219866359	0.0090788
5.229866103	0.008711
5.239865847	0.0083237
5.249865591	0.0079072
5.259865335	0.0074895
5.269865079	0.0071056
5.279864823	0.0067614
5.289864567	0.0064323
5.299864311	0.0060904
5.309864055	0.0057276
5.319863799	0.005354
5.329863543	0.0049802
5.339863287	0.004603
5.349863031	0.0042102
5.359862775	0.0037991
5.369862519	0.0033864
5.379862263	0.0029909
5.389862007	0.0026103
5.399861751	0.0022243
5.409861495	0.001822
5.419861239	0.0014117
5.429860983	0.00099958
5.439860727	0.00057172
5.449860471	0.00010938
5.459860215	-0.00038348
5.469859959	-0.00088071
5.479859703	-0.0013602
5.489859447	-0.0018215
5.499859191	-0.002283
5.509858935	-0.00277
5.519858679	-0.0032996
5.529858423	-0.0038604
5.539858167	-0.0044073
5.549857911	-0.0048911
5.559857655	-0.0053008
5.569857399	-0.0056671
5.579857143	-0.0060238
5.589856887	-0.0063777
5.599856631	-0.006718
5.609856375	-0.0070401
5.619856119	-0.0073478
5.629855863	-0.0076447
5.639855607	-0.0079358
5.649855351	-0.0082346
5.659855095	-0.0085577
5.669854839	-0.0089069
5.679854583	-0.0092615
5.689854327	-0.0095869
5.699854071	-0.0098544
5.709853815	-0.010061
5.719853559	-0.010233
5.729853303	-0.010408
5.739853047	-0.01059
5.749852791	-0.010746
5.759852535	-0.010828
5.769852279	-0.010826
5.779852023	-0.010769
5.789851767	-0.010696
5.79985151	-0.010617
5.809851254	-0.010517
5.819850998	-0.010385
5.829850742	-0.010231
5.839850486	-0.010068
5.84985023	-0.0098964
5.859849974	-0.0097029
5.869849718	-0.0094777
5.879849462	-0.0092237
5.889849206	-0.0089487
5.89984895	-0.0086542
5.909848694	-0.0083368
5.919848438	-0.0079974
5.929848182	-0.0076446
5.939847926	-0.0072873
5.94984767	-0.0069319
5.959847414	-0.0065876
5.969847158	-0.0062659
5.979846902	-0.0059704
5.989846646	-0.0056942
5.99984639	-0.0054315
6.009846134	-0.0051856
6.019845878	-0.0049577
6.029845622	-0.0047368
6.039845366	-0.0045107
6.04984511	-0.0042844
6.059844854	-0.0040781
6.069844598	-0.0039082
6.079844342	-0.0037764
6.089844086	-0.0036747
6.09984383	-0.0035927
6.109843574	-0.003521
6.119843318	-0.0034552
6.129843062	-0.0033983
6.139842806	-0.0033561
6.14984255	-0.0033269
6.159842294	-0.0032997
6.169842038	-0.0032613
6.179841782	-0.0032041
6.189841526	-0.0031278
6.19984127	-0.0030361
6.209841014	-0.0029333
6.219840758	-0.0028205
6.229840502	-0.0026939
6.239840246	-0.0025486
6.24983999	-0.0023838
6.259839734	-0.0022041
6.269839478	-0.0020161
6.279839222	-0.001825
6.289838966	-0.0016359
6.29983871	-0.0014562
6.309838454	-0.0012942
6.319838198	-0.0011524
6.329837942	-0.0010223
6.339837686	-0.00088663
6.34983743	-0.00072712
6.359837174	-0.00052845
6.369836918	-0.00028069
6.379836662	0.000015424
6.389836406	0.00034348
6.39983615	0.00067684
6.409835893	0.00099352
6.419835637	0.0012858
6.429835381	0.0015564
6.439835125	0.0018099
6.449834869	0.0020499
6.459834613	0.0022804
6.469834357	0.002504
6.479834101	0.0027205
6.489833845	0.0029276
6.499833589	0.0031251
6.509833333	0.0033178
6.519833077	0.0035138
6.529832821	0.0037194
6.539832565	0.0039322
6.549832309	0.0041423
6.559832053	0.0043409
6.569831797	0.004524
6.579831541	0.0046836
6.589831285	0.0048022
6.599831029	0.004865
6.609830773	0.0048793
6.619830517	0.0048692
6.629830261	0.0048506
6.639830005	0.0048191
6.649829749	0.0047633
6.659829493	0.0046785
6.669829237	0.0045624
6.679828981	0.004407
6.689828725	0.0042058
6.699828469	0.0039675
6.709828213	0.0037152
6.719827957	0.0034694
6.729827701	0.003235
6.739827445	0.0030023
6.749827189	0.0027591
6.759826933	0.0025007
6.769826677	0.0022285
6.779826421	0.001943
6.789826165	0.0016407
6.799825909	0.0013203
6.809825653	0.00098677
6.819825397	0.00064951
6.829825141	0.00031795
6.839824885	-8.1474E-08
6.849824629	-0.00029776
6.859824373	-0.00056832
6.869824117	-0.00080525
6.879823861	-0.0010079
6.889823605	-0.0011895
6.899823349	-0.0013733
6.909823093	-0.0015765
6.919822837	-0.0018021
6.929822581	-0.0020484
6.939822325	-0.0023136
6.949822069	-0.0025792
6.959821813	-0.0028033
6.969821557	-0.0029481
6.979821301	-0.0030156
6.989821045	-0.0030427
6.999820789	-0.0030632
7.009820533	-0.0030826
7.019820276	-0.0030874
7.02982002	-0.0030635
7.039819764	-0.0030054
7.049819508	-0.0029136
7.059819252	-0.0027886
7.069818996	-0.0026263
7.07981874	-0.0024249
7.089818484	-0.002197
7.099818228	-0.0019646
7.109817972	-0.0017392
7.119817716	-0.0015138
7.12981746	-0.0012795
7.139817204	-0.0010408
7.149816948	-0.00080888
7.159816692	-0.00058682
7.169816436	-0.00037122
7.17981618	-0.00016151
7.189815924	0.000039206
7.199815668	0.00022881
7.209815412	0.0004055
7.219815156	0.00056616
7.2298149	0.00071104
7.239814644	0.00084692
7.249814388	0.00098009
7.259814132	0.0011093
7.269813876	0.0012302
7.27981362	0.0013435
7.289813364	0.0014521
7.299813108	0.0015546
7.309812852	0.0016483
7.319812596	0.0017358
7.32981234	0.0018215
7.339812084	0.0019018
7.349811828	0.0019677
7.359811572	0.0020199
7.369811316	0.0020745
7.37981106	0.0021475
7.389810804	0.0022367
7.399810548	0.0023214
7.409810292	0.0023808
7.419810036	0.0024121
7.42980978	0.0024299
7.439809524	0.0024494
7.449809268	0.0024721
7.459809012	0.0024898
7.469808756	0.0024998
7.4798085	0.0025107
7.489808244	0.0025337
7.499807988	0.002572
7.509807732	0.002621
7.519807476	0.0026739
7.52980722	0.0027258
7.539806964	0.0027768
7.549806708	0.0028309
7.559806452	0.0028881
7.569806196	0.002939
7.57980594	0.0029712
7.589805684	0.0029827
7.599805428	0.0029816
7.609805172	0.0029733
7.619804916	0.0029564
7.629804659	0.0029326
7.639804403	0.0029136
7.649804147	0.0029119
7.659803891	0.0029301
7.669803635	0.002964
7.679803379	0.0030124
7.689803123	0.0030775
7.699802867	0.0031565
7.709802611	0.0032379
7.719802355	0.0033098
7.729802099	0.0033678
7.739801843	0.0034163
7.749801587	0.0034629
7.759801331	0.0035114
7.769801075	0.0035571
7.779800819	0.0035891
7.789800563	0.0035971
7.799800307	0.0035787
7.809800051	0.0035401
7.819799795	0.0034888
7.829799539	0.0034256
7.839799283	0.0033432
7.849799027	0.0032351
7.859798771	0.0031044
7.869798515	0.0029636
7.879798259	0.0028248
7.889798003	0.0026899
7.899797747	0.00255
7.909797491	0.0023941
7.919797235	0.0022161
7.929796979	0.0020177
7.939796723	0.0018049
7.949796467	0.0015842
7.959796211	0.0013602
7.969795955	0.0011369
7.979795699	0.00091843
7.989795443	0.000707
7.999795187	0.00050224
8.009794931	0.00030258
8.019794675	0.00010709
8.029794419	-0.000085264
8.039794163	-0.00027636
8.049793907	-0.00046679
8.059793651	-0.00065307
8.069793395	-0.000829
8.079793139	-0.00098981
8.089792883	-0.0011347
8.099792627	-0.0012658
8.109792371	-0.0013865
8.119792115	-0.001498
8.129791859	-0.0015984
8.139791603	-0.0016828
8.149791347	-0.0017489
8.159791091	-0.0017995
8.169790835	-0.0018396
8.179790579	-0.0018713
8.189790323	-0.0018935
8.199790067	-0.0019067
8.209789811	-0.0019137
8.219789555	-0.0019152
8.229789299	-0.0019083
8.239789042	-0.0018904
8.249788786	-0.0018632
8.25978853	-0.0018312
8.269788274	-0.0017967
8.279788018	-0.0017579
8.289787762	-0.0017111
8.299787506	-0.0016526
8.30978725	-0.0015787
8.319786994	-0.0014858
8.329786738	-0.0013726
8.339786482	-0.0012419
8.349786226	-0.0010985
8.35978597	-0.000946
8.369785714	-0.0007855
8.379785458	-0.00061836
8.389785202	-0.00044952
8.399784946	-0.00028703
8.40978469	-0.00013834
8.419784434	-7.2114E-06
8.429784178	0.00010603
8.439783922	0.00020131
8.449783666	0.00027608
8.45978341	0.00032637
8.469783154	0.00035202
8.479782898	0.0003614
8.489782642	0.00036948
8.499782386	0.00038899
8.50978213	0.00042198
8.519781874	0.00045979
8.529781618	0.00049179
8.539781362	0.00051425
8.549781106	0.00053075
8.55978085	0.00054479
8.569780594	0.0005537
8.579780338	0.00055059
8.589780082	0.00053115
8.599779826	0.0004967
8.60977957	0.0004514
8.619779314	0.00039792
8.629779058	0.000336
8.639778802	0.00026347
8.649778546	0.00017811
8.65977829	0.000079728
8.669778034	-0.000028595
8.679777778	-0.0001418
8.689777522	-0.00025576
8.699777266	-0.00036843
8.70977701	-0.00047808
8.719776754	-0.00058135
8.729776498	-0.00067408
8.739776242	-0.00075344
8.749775986	-0.00081926
8.75977573	-0.00087404
8.769775474	-0.00092201
8.779775218	-0.00096723
8.789774962	-0.0010114
8.799774706	-0.0010533
8.80977445	-0.0010909
8.819774194	-0.0011227
8.829773938	-0.0011485
8.839773682	-0.0011685
8.849773425	-0.0011835
8.859773169	-0.0011949
8.869772913	-0.0012035
8.879772657	-0.0012106
8.889772401	-0.0012172
8.899772145	-0.0012238
8.909771889	-0.0012302
8.919771633	-0.0012367
8.929771377	-0.0012447
8.939771121	-0.0012554
8.949770865	-0.0012668
8.959770609	-0.0012737
8.969770353	-0.0012711
8.979770097	-0.0012579
8.989769841	-0.0012392
8.999769585	-0.0012243
9.009769329	-0.0012219
9.019769073	-0.0012348
9.029768817	-0.0012597
9.039768561	-0.0012905
9.049768305	-0.0013221
9.059768049	-0.0013536
9.069767793	-0.0013874
9.079767537	-0.0014267
9.089767281	-0.0014717
9.099767025	-0.0015182
9.109766769	-0.0015599
9.119766513	-0.0015916
9.129766257	-0.0016116
9.139766001	-0.0016217
9.149765745	-0.0016249
9.159765489	-0.001623
9.169765233	-0.001616
9.179764977	-0.0016022
9.189764721	-0.0015798
9.199764465	-0.0015484
9.209764209	-0.0015098
9.219763953	-0.0014671
9.229763697	-0.0014228
9.239763441	-0.0013777
9.249763185	-0.0013316
9.259762929	-0.0012837
9.269762673	-0.0012336
9.279762417	-0.0011822
9.289762161	-0.0011333
9.299761905	-0.0010919
9.309761649	-0.001061
9.319761393	-0.0010397
9.329761137	-0.0010231
9.339760881	-0.0010041
9.349760625	-0.00097709
9.359760369	-0.00094192
9.369760113	-0.00090483
9.379759857	-0.00087415
9.389759601	-0.00085572
9.399759345	-0.00085156
9.409759089	-0.00086067
9.419758833	-0.00087979
9.429758577	-0.00090495
9.439758321	-0.00093369
9.449758065	-0.00096589
9.459757808	-0.0010023
9.469757552	-0.0010427
9.479757296	-0.0010855
9.48975704	-0.0011276
9.499756784	-0.0011659
9.509756528	-0.0011967
9.519756272	-0.0012166
9.529756016	-0.0012215
9.53975576	-0.0012085
9.549755504	-0.0011779
9.559755248	-0.0011333
9.569754992	-0.0010794
9.579754736	-0.0010187
9.58975448	-0.00094915
9.599754224	-0.00086597
9.609753968	-0.00076648
9.619753712	-0.00065299
9.629753456	-0.00052991
9.6397532	-0.00039884
9.649752944	-0.0002581
9.659752688	-0.00010725
9.669752432	0.00005041
9.679752176	0.00021021
9.68975192	0.00036921
9.699751664	0.000526
9.709751408	0.00067905
9.719751152	0.00082645
9.729750896	0.00096678
9.73975064	0.0010998
9.749750384	0.0012271
9.759750128	0.0013521
9.769749872	0.0014785
9.779749616	0.0016077
9.78974936	0.0017357
9.799749104	0.0018549
9.809748848	0.0019571
9.819748592	0.0020387
9.829748336	0.0021014
9.83974808	0.0021511
9.849747824	0.0021945
9.859747568	0.0022368
9.869747312	0.0022804
9.879747056	0.0023244
9.8897468	0.002366
9.899746544	0.0024037
9.909746288	0.00244
9.919746032	0.0024805
9.929745776	0.0025299
9.93974552	0.0025882
9.949745264	0.002651
9.959745008	0.0027121
9.969744752	0.0027675
9.979744496	0.0028158
9.98974424	0.0028564
9.999743984	0.0028876
10.00974373	0.0029079
10.01974347	0.0029194
10.02974322	0.0029271
10.03974296	0.0029347
10.0497427	0.0029413
10.05974245	0.002942
10.06974219	0.0029315
10.07974194	0.0029068
10.08974168	0.0028683
10.09974142	0.0028204
10.10974117	0.0027693
10.11974091	0.0027195
10.12974066	0.002672
10.1397404	0.0026251
10.14974014	0.0025764
10.15973989	0.0025243
10.16973963	0.0024697
10.17973938	0.0024153
10.18973912	0.0023625
10.19973886	0.0023086
10.20973861	0.0022494
10.21973835	0.0021858
10.2297381	0.0021256
10.23973784	0.0020776
10.24973758	0.0020427
10.25973733	0.0020132
10.26973707	0.0019806
10.27973682	0.0019434
10.28973656	0.0019053
10.2997363	0.0018685
10.30973605	0.0018308
10.31973579	0.0017927
10.32973554	0.0017631
10.33973528	0.0017534
10.34973502	0.0017645
10.35973477	0.0017843
10.36973451	0.0018001
10.37973425	0.001812
10.389734	0.0018296
10.39973374	0.0018586
10.40973349	0.0018926
10.41973323	0.0019211
10.42973297	0.0019399
10.43973272	0.0019538
10.44973246	0.00197
10.45973221	0.0019916
10.46973195	0.0020169
10.47973169	0.0020433
10.48973144	0.00207
10.49973118	0.002099
10.50973093	0.0021328
10.51973067	0.0021715
10.52973041	0.0022132
10.53973016	0.0022569
10.5497299	0.0023036
10.55972965	0.0023552
10.56972939	0.0024129
10.57972913	0.0024766
10.58972888	0.0025454
10.59972862	0.002617
10.60972837	0.0026891
10.61972811	0.002761
10.62972785	0.0028324
10.6397276	0.0029015
10.64972734	0.0029666
10.65972709	0.0030277
10.66972683	0.0030856
10.67972657	0.0031394
10.68972632	0.0031861
10.69972606	0.0032252
10.70972581	0.0032599
10.71972555	0.0032932
10.72972529	0.0033238
10.73972504	0.0033474
10.74972478	0.0033613
10.75972453	0.0033664
10.76972427	0.0033667
10.77972401	0.0033661
10.78972376	0.0033674
10.7997235	0.003371
10.80972325	0.0033745
10.81972299	0.0033737
10.82972273	0.0033633
10.83972248	0.0033403
10.84972222	0.0033062
10.85972197	0.0032673
10.86972171	0.0032306
10.87972145	0.0032
10.8897212	0.0031753
10.89972094	0.0031538
10.90972069	0.0031333
10.91972043	0.0031122
10.92972017	0.0030883
10.93971992	0.0030589
10.94971966	0.0030218
10.95971941	0.0029759
10.96971915	0.0029219
10.97971889	0.0028613
10.98971864	0.0027956
10.99971838	0.0027277
11.00971813	0.0026604
11.01971787	0.0025958
11.02971761	0.0025335
11.03971736	0.0024722
11.0497171	0.002412
11.05971685	0.0023545
11.06971659	0.0023008
11.07971633	0.0022508
11.08971608	0.0022026
11.09971582	0.0021537
11.10971557	0.0021018
11.11971531	0.0020456
11.12971505	0.0019852
11.1397148	0.00192
11.14971454	0.0018484
11.15971429	0.0017688
11.16971403	0.0016811
11.17971377	0.0015866
11.18971352	0.0014862
11.19971326	0.0013799
11.20971301	0.001267
11.21971275	0.001147
11.22971249	0.0010197
11.23971224	0.00088478
11.24971198	0.00074198
11.25971173	0.00059175
11.26971147	0.00043589
11.27971121	0.00027713
11.28971096	0.00011828
11.2997107	-0.000038607
11.30971045	-0.00019276
11.31971019	-0.0003435
11.32970993	-0.00048808
11.33970968	-0.00062169
11.34970942	-0.00074083
11.35970917	-0.00084649
11.36970891	-0.00094317
11.37970865	-0.0010357
11.3897084	-0.001127
11.39970814	-0.0012176
11.40970789	-0.0013058
11.41970763	-0.0013888
11.42970737	-0.0014659
11.43970712	-0.001538
11.44970686	-0.0016046
11.45970661	-0.0016629
11.46970635	-0.0017107
11.47970609	-0.0017491
11.48970584	-0.0017805
11.49970558	-0.0018059
11.50970533	-0.0018251
11.51970507	-0.0018381
11.52970481	-0.0018462
11.53970456	-0.0018517
11.5497043	-0.001857
11.55970405	-0.001863
11.56970379	-0.0018678
11.57970353	-0.0018674
11.58970328	-0.0018575
11.59970302	-0.0018356
11.60970276	-0.001801
11.61970251	-0.0017552
11.62970225	-0.0017004
11.639702	-0.001639
11.64970174	-0.0015734
11.65970148	-0.0015069
11.66970123	-0.001443
11.67970097	-0.001384
11.68970072	-0.0013302
11.69970046	-0.0012804
11.7097002	-0.0012329
11.71969995	-0.0011866
11.72969969	-0.0011412
11.73969944	-0.0010974
11.74969918	-0.0010562
11.75969892	-0.0010183
11.76969867	-0.00098418
11.77969841	-0.00095463
11.78969816	-0.00093136
11.7996979	-0.00091586
11.80969764	-0.00090788
11.81969739	-0.00090529
11.82969713	-0.00090529
11.83969688	-0.00090532
11.84969662	-0.00090299
11.85969636	-0.00089651
11.86969611	-0.00088575
11.87969585	-0.00087271
11.8896956	-0.00086042
11.89969534	-0.00085189
11.90969508	-0.0008494
11.91969483	-0.00085355
11.92969457	-0.00086238
11.93969432	-0.00087201
11.94969406	-0.0008788
11.9596938	-0.00088107
11.96969355	-0.00087947
11.97969329	-0.00087645
11.98969304	-0.00087526
11.99969278	-0.00087789
12.00969252	-0.00088316
12.01969227	-0.0008875
12.02969201	-0.00088811
12.03969176	-0.00088532
12.0496915	-0.00088176
12.05969124	-0.00087974
12.06969099	-0.00087968
12.07969073	-0.00088032
12.08969048	-0.00087989
12.09969022	-0.00087694
12.10968996	-0.00087052
12.11968971	-0.00085991
12.12968945	-0.00084444
12.1396892	-0.00082437
12.14968894	-0.00080147
12.15968868	-0.00077783
12.16968843	-0.00075374
12.17968817	-0.00072759
12.18968792	-0.00069841
12.19968766	-0.00066779
12.2096874	-0.00063837
12.21968715	-0.00061054
12.22968689	-0.00058155
12.23968664	-0.00054767
12.24968638	-0.00050614
12.25968612	-0.00045489
12.26968587	-0.00039217
12.27968561	-0.00031804
12.28968536	-0.00023604
12.2996851	-0.00015183
12.30968484	-0.000069513
12.31968459	0.000010338
12.32968433	0.000089175
12.33968408	0.00016764
12.34968382	0.00024432
12.35968356	0.00031677
12.36968331	0.00038354
12.37968305	0.00044544
12.3896828	0.00050471
12.39968254	0.00056286
12.40968228	0.00061902
12.41968203	0.00067029
12.42968177	0.0007136
12.43968152	0.00074775
12.44968126	0.00077462
12.459681	0.00079835
12.46968075	0.00082248
12.47968049	0.00084774
12.48968024	0.00087241
12.49967998	0.00089461
12.50967972	0.00091361
12.51967947	0.00092893
12.52967921	0.00093898
12.53967896	0.00094124
12.5496787	0.00093366
12.55967844	0.00091572
12.56967819	0.0008876
12.57967793	0.00084875
12.58967768	0.00079864
12.59967742	0.0007399
12.60967716	0.00067906
12.61967691	0.0006222
12.62967665	0.00056965
12.6396764	0.00051657
12.64967614	0.00045924
12.65967588	0.00039912
12.66967563	0.00034022
12.67967537	0.00028354
12.68967512	0.00022572
12.69967486	0.00016269
12.7096746	0.00009329
12.71967435	0.000019379
12.72967409	-0.000056294
12.73967384	-0.00013126
12.74967358	-0.00020307
12.75967332	-0.0002692
12.76967307	-0.00032772
12.77967281	-0.00037797
12.78967256	-0.00042067
12.7996723	-0.00045792
12.80967204	-0.00049283
12.81967179	-0.00052785
12.82967153	-0.00056192
12.83967127	-0.00058941
12.84967102	-0.00060368
12.85967076	-0.00060279
12.86967051	-0.00059151
12.87967025	-0.00057695
12.88966999	-0.00056241
12.89966974	-0.00054585
12.90966948	-0.00052324
12.91966923	-0.00049146
12.92966897	-0.00044788
12.93966871	-0.00038991
12.94966846	-0.00031694
12.9596682	-0.0002321
12.96966795	-0.00014012
12.97966769	-0.00004317
12.98966743	0.000060294
12.99966718	0.00017239
13.00966692	0.00029277
13.01966667	0.00041914
13.02966641	0.00054978
13.03966615	0.00068437
13.0496659	0.00082292
13.05966564	0.00096487
13.06966539	0.0011099
13.07966513	0.001259
13.08966487	0.0014129
13.09966462	0.0015702
13.10966436	0.0017268
13.11966411	0.0018782
13.12966385	0.0020227
13.13966359	0.0021614
13.14966334	0.0022953
13.15966308	0.0024231
13.16966283	0.0025421
13.17966257	0.0026511
13.18966231	0.0027502
13.19966206	0.0028393
13.2096618	0.002918
13.21966155	0.0029869
13.22966129	0.0030489
13.23966103	0.0031063
13.24966078	0.0031577
13.25966052	0.0031981
13.26966027	0.0032233
13.27966001	0.0032329
13.28965975	0.0032299
13.2996595	0.003216
13.30965924	0.0031902
13.31965899	0.0031512
13.32965873	0.0031003
13.33965847	0.0030424
13.34965822	0.0029835
13.35965796	0.0029266
13.36965771	0.0028708
13.37965745	0.0028124
13.38965719	0.0027485
13.39965694	0.0026792
13.40965668	0.0026071
13.41965643	0.0025365
13.42965617	0.0024719
13.43965591	0.002415
13.44965566	0.0023636
13.4596554	0.0023133
13.46965515	0.0022617
13.47965489	0.0022094
13.48965463	0.0021579
13.49965438	0.0021071
13.50965412	0.0020549
13.51965387	0.0019999
13.52965361	0.0019425
13.53965335	0.0018846
13.5496531	0.0018289
13.55965284	0.0017754
13.56965259	0.0017211
13.57965233	0.001661
13.58965207	0.0015925
13.59965182	0.0015163
13.60965156	0.0014346
13.61965131	0.0013498
13.62965105	0.001264
13.63965079	0.0011789
13.64965054	0.0010953
13.65965028	0.0010127
13.66965003	0.00093095
13.67964977	0.00085126
13.68964951	0.0007761
13.69964926	0.00070762
13.709649	0.00064592
13.71964875	0.00058789
13.72964849	0.00052821
13.73964823	0.00046321
13.74964798	0.00039449
13.75964772	0.00032793
13.76964747	0.00026889
13.77964721	0.00021893
13.78964695	0.00017728
13.7996467	0.00014395
13.80964644	0.0001201
13.81964619	0.00010525
13.82964593	0.000095276
13.83964567	0.00008449
13.84964542	0.000069927
13.85964516	0.000053529
13.86964491	0.000039912
13.87964465	0.000032557
13.88964439	0.000032436
13.89964414	0.000039023
13.90964388	0.000050793
13.91964363	0.000065001
13.92964337	0.000079441
13.93964311	0.000095723
13.94964286	0.0001193
13.9596426	0.00015433
13.96964235	0.00019877
13.97964209	0.00024593
13.98964183	0.00029095
13.99964158	0.00033476
14.00964132	0.00038199
14.01964107	0.00043611
14.02964081	0.00049698
14.03964055	0.0005613
14.0496403	0.00062436
14.05964004	0.00068186
14.06963978	0.00073179
14.07963953	0.0007753
14.08963927	0.00081543
14.09963902	0.00085478
14.10963876	0.00089429
14.1196385	0.00093413
14.12963825	0.0009751
14.13963799	0.0010192
14.14963774	0.0010684
14.15963748	0.0011221
14.16963722	0.0011763
14.17963697	0.0012259
14.18963671	0.00127
14.19963646	0.0013137
14.2096362	0.0013639
14.21963594	0.0014228
14.22963569	0.0014854
14.23963543	0.0015445
14.24963518	0.001597
14.25963492	0.0016462
14.26963466	0.0016976
14.27963441	0.0017522
14.28963415	0.0018044
14.2996339	0.0018468
14.30963364	0.0018776
14.31963338	0.0019017
14.32963313	0.0019257
14.33963287	0.0019525
14.34963262	0.0019819
14.35963236	0.0020138
14.3696321	0.0020491
14.37963185	0.0020882
14.38963159	0.0021292
14.39963134	0.0021674
14.40963108	0.0021977
14.41963082	0.0022163
14.42963057	0.0022235
14.43963031	0.0022237
14.44963006	0.0022225
14.4596298	0.0022223
14.46962954	0.0022224
14.47962929	0.002222
14.48962903	0.0022213
14.49962878	0.0022197
14.50962852	0.0022147
14.51962826	0.0022039
14.52962801	0.0021871
14.53962775	0.0021662
14.5496275	0.002143
14.55962724	0.0021184
14.56962698	0.002092
14.57962673	0.0020634
14.58962647	0.0020324
14.59962622	0.0019998
14.60962596	0.001967
14.6196257	0.0019347
14.62962545	0.0019032
14.63962519	0.0018726
14.64962494	0.0018424
14.65962468	0.0018119
14.66962442	0.0017816
14.67962417	0.0017536
14.68962391	0.0017294
14.69962366	0.0017089
14.7096234	0.0016911
14.71962314	0.0016767
14.72962289	0.001669
14.73962263	0.0016715
14.74962238	0.0016855
14.75962212	0.0017085
14.76962186	0.0017344
14.77962161	0.0017569
14.78962135	0.0017715
14.7996211	0.001777
14.80962084	0.0017755
14.81962058	0.0017705
14.82962033	0.0017654
14.83962007	0.0017608
14.84961982	0.0017536
14.85961956	0.0017401
14.8696193	0.0017183
14.87961905	0.0016898
14.88961879	0.0016585
14.89961854	0.0016277
14.90961828	0.0015983
14.91961802	0.001569
14.92961777	0.0015381
14.93961751	0.0015061
14.94961726	0.0014745
14.959617	0.0014432
14.96961674	0.0014089
14.97961649	0.0013671
14.98961623	0.0013155
14.99961598	0.0012564
15.00961572	0.0011957
15.01961546	0.0011381
15.02961521	0.001083
15.03961495	0.0010253
15.0496147	0.0009614
15.05961444	0.00089343
15.06961418	0.00082774
15.07961393	0.00076937
15.08961367	0.00071926
15.09961342	0.00067588
15.10961316	0.00063813
15.1196129	0.00060648
15.12961265	0.00058168
15.13961239	0.00056257
15.14961214	0.00054514
15.15961188	0.00052459
15.16961162	0.00049926
15.17961137	0.00047219
15.18961111	0.0004481
15.19961086	0.00042927
15.2096106	0.0004147
15.21961034	0.00040249
15.22961009	0.0003917
15.23960983	0.00038192
15.24960958	0.00037243
15.25960932	0.00036222
15.26960906	0.00035007
15.27960881	0.00033433
15.28960855	0.00031366
15.29960829	0.00028814
15.30960804	0.00025926
15.31960778	0.00022849
15.32960753	0.00019715
15.33960727	0.00016803
15.34960701	0.00014593
15.35960676	0.0001351
15.3696065	0.00013572
15.37960625	0.0001433
15.38960599	0.00015167
15.39960573	0.00015663
15.40960548	0.00015761
15.41960522	0.00015667
15.42960497	0.00015631
15.43960471	0.00015788
15.44960445	0.00016129
15.4596042	0.00016543
15.46960394	0.00016953
15.47960369	0.00017459
15.48960343	0.00018332
15.49960317	0.00019784
15.50960292	0.00021764
15.51960266	0.00024065
15.52960241	0.00026542
15.53960215	0.00029128
15.54960189	0.00031704
15.55960164	0.00034136
15.56960138	0.00036434
15.57960113	0.00038737
15.58960087	0.0004107
15.59960061	0.00043226
15.60960036	0.00044954
15.6196001	0.00046227
15.62959985	0.00047291
15.63959959	0.00048432
15.64959933	0.00049667
15.65959908	0.00050721
15.66959882	0.00051369
15.67959857	0.00051706
15.68959831	0.00051964
15.69959805	0.0005211
15.7095978	0.00051843
15.71959754	0.00050965
15.72959729	0.0004958
15.73959703	0.000479
15.74959677	0.00046056
15.75959652	0.00044123
15.76959626	0.00042151
15.77959601	0.00040124
15.78959575	0.00038046
15.79959549	0.0003613
15.80959524	0.00034713
15.81959498	0.0003394
15.82959473	0.0003365
15.83959447	0.00033619
15.84959421	0.00033736
15.85959396	0.00033888
15.8695937	0.00033873
15.87959345	0.00033585
15.88959319	0.00033149
15.89959293	0.00032703
15.90959268	0.00032143
15.91959242	0.00031255
15.92959217	0.00030078
15.93959191	0.00028955
15.94959165	0.00028179
15.9595914	0.00027729
15.96959114	0.00027422
15.97959089	0.00027149
15.98959063	0.00026842
15.99959037	0.00026333
16.00959012	0.00025475
16.01958986	0.00024385
16.02958961	0.00023381
16.03958935	0.00022608
16.04958909	0.00021874
16.05958884	0.00020934
16.06958858	0.00019886
16.07958833	0.0001913
16.08958807	0.0001895
16.09958781	0.00019221
16.10958756	0.0001958
16.1195873	0.00019839
16.12958705	0.00020099
16.13958679	0.00020488
16.14958653	0.00020927
16.15958628	0.00021267
16.16958602	0.00021531
16.17958577	0.00021857
16.18958551	0.00022226
16.19958525	0.00022376
16.209585	0.00022001
16.21958474	0.00020921
16.22958449	0.00019088
16.23958423	0.00016582
16.24958397	0.00013663
16.25958372	0.00010695
16.26958346	0.000079215
16.27958321	0.000053947
16.28958295	0.00003171
16.29958269	0.000014652
16.30958244	4.8733E-06
16.31958218	0.00000197
16.32958193	3.3051E-06
16.33958167	0.000006161
16.34958141	8.5475E-06
16.35958116	8.7793E-06
16.3695809	6.3321E-06
16.37958065	3.3735E-06
16.38958039	0.00000369
16.39958013	9.1194E-06
16.40957988	0.000017809
16.41957962	0.000026435
16.42957937	0.00003314
16.43957911	0.000037536
16.44957885	0.000038612
16.4595786	0.000033964
16.46957834	0.000021491
16.47957808	1.5665E-06
16.48957783	-0.000022654
16.49957757	-0.000047249
16.50957732	-0.000070322
16.51957706	-0.000093111
16.5295768	-0.00011824
16.53957655	-0.00014672
16.54957629	-0.00017691
16.55957604	-0.0002065
16.56957578	-0.00023536
16.57957552	-0.00026587
16.58957527	-0.00030033
16.59957501	-0.00033838
16.60957476	-0.00037707
16.6195745	-0.00041312
16.62957424	-0.00044448
16.63957399	-0.00047034
16.64957373	-0.00049024
16.65957348	-0.00050417
16.66957322	-0.00051299
16.67957296	-0.00051807
16.68957271	-0.00051993
16.69957245	-0.00051776
16.7095722	-0.00051085
16.71957194	-0.00050068
16.72957168	-0.00049089
16.73957143	-0.00048447
16.74957117	-0.00048103
16.75957092	-0.00047741
16.76957066	-0.00047085
16.7795704	-0.00046063
16.78957015	-0.00044682
16.79956989	-0.00042869
16.80956964	-0.00040516
16.81956938	-0.00037614
16.82956912	-0.00034262
16.83956887	-0.00030576
16.84956861	-0.00026631
16.85956836	-0.00022443
16.8695681	-0.00017929
16.87956784	-0.00012923
16.88956759	-0.000072618
16.89956733	-0.000009114
16.90956708	0.000059983
16.91956682	0.00013228
16.92956656	0.0002055
16.93956631	0.00027874
16.94956605	0.0003525
16.9595658	0.00042725
16.96956554	0.0005022
16.97956528	0.00057602
16.98956503	0.00064806
16.99956477	0.00071802
17.00956452	0.00078462
17.01956426	0.00084601
17.029564	0.00090146
17.03956375	0.00095174
17.04956349	0.00099763
17.05956324	0.0010391
17.06956298	0.0010763
17.07956272	0.0011097
17.08956247	0.0011398
17.09956221	0.0011663
17.10956196	0.0011897
17.1195617	0.0012114
17.12956144	0.0012323
17.13956119	0.0012513
17.14956093	0.0012659
17.15956068	0.0012752
17.16956042	0.001281
17.17956016	0.0012861
17.18955991	0.0012918
17.19955965	0.0012975
17.2095594	0.0013028
17.21955914	0.0013086
17.22955888	0.0013171
17.23955863	0.0013297
17.24955837	0.0013459
17.25955812	0.001364
17.26955786	0.0013819
17.2795576	0.0013984
17.28955735	0.0014129
17.29955709	0.0014267
17.30955684	0.0014416
17.31955658	0.0014589
17.32955632	0.0014785
17.33955607	0.0014992
17.34955581	0.0015201
17.35955556	0.0015405
17.3695553	0.0015599
17.37955504	0.0015779
17.38955479	0.0015945
17.39955453	0.0016103
17.40955428	0.0016255
17.41955402	0.0016397
17.42955376	0.0016529
17.43955351	0.0016663
17.44955325	0.001681
17.459553	0.0016966
17.46955274	0.0017115
17.47955248	0.0017248
17.48955223	0.001737
17.49955197	0.0017478
17.50955172	0.0017555
17.51955146	0.0017583
17.5295512	0.0017562
17.53955095	0.0017508
17.54955069	0.0017438
17.55955044	0.0017364
17.56955018	0.0017275
17.57954992	0.0017147
17.58954967	0.0016964
17.59954941	0.0016732
17.60954916	0.0016467
17.6195489	0.001618
17.62954864	0.0015878
17.63954839	0.0015576
17.64954813	0.0015296
17.65954788	0.0015045
17.66954762	0.0014812
17.67954736	0.0014582
17.68954711	0.0014347
17.69954685	0.0014111
17.70954659	0.0013889
17.71954634	0.0013704
17.72954608	0.0013573
17.73954583	0.0013492
17.74954557	0.0013434
17.75954531	0.001337
17.76954506	0.0013287
17.7795448	0.0013201
17.78954455	0.0013137
17.79954429	0.0013105
17.80954403	0.0013093
17.81954378	0.001308
17.82954352	0.0013064
17.83954327	0.0013045
17.84954301	0.0013005
17.85954275	0.001292
17.8695425	0.0012798
17.87954224	0.0012671
17.88954199	0.0012562
17.89954173	0.0012464
17.90954147	0.0012366
17.91954122	0.0012276
17.92954096	0.0012207
17.93954071	0.0012154
17.94954045	0.0012088
17.95954019	0.001199
17.96953994	0.0011863
17.97953968	0.0011738
17.98953943	0.0011647
17.99953917	0.0011606
18.00953891	0.0011605
18.01953866	0.0011618
18.0295384	0.001162
18.03953815	0.0011603
18.04953789	0.0011577
18.05953763	0.0011562
18.06953738	0.0011571
18.07953712	0.0011597
18.08953687	0.0011609
18.09953661	0.0011576
18.10953635	0.0011494
18.1195361	0.0011384
18.12953584	0.001126
18.13953559	0.0011116
18.14953533	0.0010946
18.15953507	0.0010768
18.16953482	0.0010613
18.17953456	0.0010483
18.18953431	0.0010355
18.19953405	0.0010215
18.20953379	0.0010075
18.21953354	0.0009956
18.22953328	0.00098604
18.23953303	0.00097657
18.24953277	0.00096441
18.25953251	0.00094863
18.26953226	0.00093058
18.279532	0.00091208
18.28953175	0.0008935
18.29953149	0.00087396
18.30953123	0.00085328
18.31953098	0.00083274
18.32953072	0.00081354
18.33953047	0.00079518
18.34953021	0.00077583
18.35952995	0.00075384
18.3695297	0.00072841
18.37952944	0.00069933
18.38952919	0.00066681
18.39952893	0.0006317
18.40952867	0.0005952
18.41952842	0.00055812
18.42952816	0.00052052
18.43952791	0.00048236
18.44952765	0.00044416
18.45952739	0.00040672
18.46952714	0.00037024
18.47952688	0.00033431
18.48952663	0.00029909
18.49952637	0.00026589
18.50952611	0.00023608
18.51952586	0.00020972
18.5295256	0.00018572
18.53952535	0.0001632
18.54952509	0.00014225
18.55952483	0.00012337
18.56952458	0.00010682
18.57952432	0.000092494
18.58952407	0.000080222
18.59952381	0.000069714
18.60952355	0.000060448
18.6195233	0.000051744
18.62952304	0.000043079
18.63952279	0.000034248
18.64952253	0.000025234
18.65952227	0.000016058
18.66952202	0.000006817
18.67952176	-2.3123E-06
18.68952151	-0.000011254
18.69952125	-0.000020135
18.70952099	-0.000029118
18.71952074	-0.000038221
18.72952048	-0.000047315
18.73952023	-0.000056112
18.74951997	-0.000064071
18.75951971	-0.000070578
18.76951946	-0.0000756
18.7795192	-0.000080202
18.78951895	-0.000086192
18.79951869	-0.000094846
18.80951843	-0.00010561
18.81951818	-0.00011624
18.82951792	-0.00012471
18.83951767	-0.00013131
18.84951741	-0.00013842
18.85951715	-0.00014821
18.8695169	-0.00016097
18.87951664	-0.00017556
18.88951639	-0.00019081
18.89951613	-0.00020597
18.90951587	-0.00022081
18.91951562	-0.00023575
18.92951536	-0.00025181
18.9395151	-0.00026976
18.94951485	-0.00028944
18.95951459	-0.00031017
18.96951434	-0.0003316
18.97951408	-0.00035412
18.98951382	-0.00037826
18.99951357	-0.00040358
19.00951331	-0.00042845
19.01951306	-0.00045135
19.0295128	-0.00047244
19.03951254	-0.0004929
19.04951229	-0.00051235
19.05951203	-0.00052808
19.06951178	-0.00053748
19.07951152	-0.0005406
19.08951126	-0.00053969
19.09951101	-0.00053671
19.10951075	-0.00053188
19.1195105	-0.00052418
19.12951024	-0.00051262
19.13950998	-0.00049734
19.14950973	-0.0004793
19.15950947	-0.00045895
19.16950922	-0.0004356
19.17950896	-0.00040911
19.1895087	-0.00038126
19.19950845	-0.00035427
19.20950819	-0.00032819
19.21950794	-0.00030128
19.22950768	-0.0002729
19.23950742	-0.00024441
19.24950717	-0.00021746
19.25950691	-0.00019246
19.26950666	-0.00016878
19.2795064	-0.00014478
19.28950614	-0.00011791
19.29950589	-0.000086095
19.30950563	-0.000049631
19.31950538	-0.000010878
19.32950512	0.000027811
19.33950486	0.000065001
19.34950461	0.00009969
19.35950435	0.00013159
19.3695041	0.00016199
19.37950384	0.00019306
19.38950358	0.00022571
19.39950333	0.00025869
19.40950307	0.00028987
19.41950282	0.00031783
19.42950256	0.00034242
19.4395023	0.00036454
19.44950205	0.00038554
19.45950179	0.00040668
19.46950154	0.00042876
19.47950128	0.00045166
19.48950102	0.000474
19.49950077	0.0004938
19.50950051	0.00051039
19.51950026	0.00052501
19.5295	0.00053908
19.53949974	0.00055231
19.54949949	0.00056392
19.55949923	0.0005748
19.56949898	0.00058676
19.57949872	0.00059974
19.58949846	0.00061109
19.59949821	0.0006178
19.60949795	0.00061881
19.6194977	0.00061506
19.62949744	0.00060817
19.63949718	0.00059924
19.64949693	0.00058862
19.65949667	0.00057633
19.66949642	0.00056274
19.67949616	0.00054858
19.6894959	0.00053457
19.69949565	0.00052137
19.70949539	0.00050968
19.71949514	0.00050006
19.72949488	0.00049269
19.73949462	0.00048725
19.74949437	0.00048289
19.75949411	0.00047847
19.76949386	0.00047327
19.7794936	0.00046737
19.78949334	0.00046052
19.79949309	0.00045136
19.80949283	0.00043831
19.81949258	0.00042125
19.82949232	0.00040158
19.83949206	0.00038123
19.84949181	0.00036223
19.85949155	0.00034637
19.8694913	0.00033381
19.87949104	0.00032271
19.88949078	0.00031103
19.89949053	0.00029838
19.90949027	0.00028549
19.91949002	0.00027293
19.92948976	0.0002614
19.9394895	0.00025236
19.94948925	0.00024689
19.95948899	0.00024402
19.96948874	0.00024142
19.97948848	0.00023793
19.98948822	0.00023478
19.99948797	0.00023397
20.00948771	0.000236
20.01948746	0.00023949
20.0294872	0.0002428
20.03948694	0.00024509
20.04948669	0.00024589
20.05948643	0.00024417
20.06948618	0.00023865
20.07948592	0.00022899
20.08948566	0.00021636
20.09948541	0.00020237
20.10948515	0.00018752
20.1194849	0.00017089
20.12948464	0.00015183
20.13948438	0.0001311
20.14948413	0.00010964
20.15948387	0.000086826
20.16948361	0.000061172
20.17948336	0.000032551
20.1894831	2.0018E-06
20.19948285	-0.000030296
20.20948259	-0.000065072
20.21948233	-0.00010209
20.22948208	-0.00014015
20.23948182	-0.00017899
20.24948157	-0.00021932
20.25948131	-0.00026076
20.26948105	-0.00030119
20.2794808	-0.00033844
20.28948054	-0.00037165
20.29948029	-0.00040107
20.30948003	-0.00042771
20.31947977	-0.00045244
20.32947952	-0.00047492
20.33947926	-0.00049396
20.34947901	-0.00050974
20.35947875	-0.00052439
20.36947849	-0.00053941
20.37947824	-0.00055335
20.38947798	-0.00056348
20.39947773	-0.00056882
20.40947747	-0.00057093
20.41947721	-0.00057222
20.42947696	-0.0005743
20.4394767	-0.0005771
20.44947645	-0.00057909
20.45947619	-0.00057855
20.46947593	-0.00057484
20.47947568	-0.00056784
20.48947542	-0.00055667
20.49947517	-0.00054008
20.50947491	-0.00051828
20.51947465	-0.00049326
20.5294744	-0.00046697
20.53947414	-0.00043983
20.54947389	-0.00041143
20.55947363	-0.0003819
20.56947337	-0.00035182
20.57947312	-0.00032131
20.58947286	-0.00028992
20.59947261	-0.00025758
20.60947235	-0.00022507
20.61947209	-0.00019317
20.62947184	-0.00016173
20.63947158	-0.00013028
20.64947133	-0.000099346
20.65947107	-0.000070057
20.66947081	-0.000042282
20.67947056	-0.000014116
20.6894703	0.000016342
20.69947005	0.000049418
20.70946979	0.000084334
20.71946953	0.00012035
20.72946928	0.00015681
20.73946902	0.00019293
20.74946877	0.00022825
20.75946851	0.00026318
20.76946825	0.00029858
20.779468	0.00033486
20.78946774	0.00037192
20.79946749	0.00040934
20.80946723	0.00044651
20.81946697	0.00048266
20.82946672	0.00051707
20.83946646	0.00054919
20.84946621	0.00057869
20.85946595	0.00060608
20.86946569	0.00063286
20.87946544	0.00066063
20.88946518	0.00068967
20.89946493	0.000719
20.90946467	0.0007479
20.91946441	0.00077684
20.92946416	0.0008066
20.9394639	0.00083705
20.94946365	0.00086708
20.95946339	0.00089571
20.96946313	0.00092311
20.97946288	0.00095031
20.98946262	0.00097826
20.99946237	0.001007
21.00946211	0.001036
21.01946185	0.0010644
21.0294616	0.0010925
21.03946134	0.0011214
21.04946109	0.0011516
21.05946083	0.0011824
21.06946057	0.0012118
21.07946032	0.0012379
21.08946006	0.0012603
21.09945981	0.0012797
21.10945955	0.0012967
21.11945929	0.001312
21.12945904	0.0013268
21.13945878	0.0013417
21.14945853	0.0013564
21.15945827	0.00137
21.16945801	0.0013823
21.17945776	0.0013941
21.1894575	0.0014062
21.19945725	0.001418
21.20945699	0.0014283
21.21945673	0.0014364
21.22945648	0.0014422
21.23945622	0.0014462
21.24945597	0.0014487
21.25945571	0.0014499
21.26945545	0.0014492
21.2794552	0.0014465
21.28945494	0.0014422
21.29945469	0.0014375
21.30945443	0.0014332
21.31945417	0.0014288
21.32945392	0.0014234
21.33945366	0.0014166
21.34945341	0.001409
21.35945315	0.0014015
21.36945289	0.001395
21.37945264	0.0013898
21.38945238	0.0013851
21.39945212	0.0013797
21.40945187	0.0013732
21.41945161	0.0013657
21.42945136	0.0013576
21.4394511	0.001349
21.44945084	0.0013403
21.45945059	0.0013322
21.46945033	0.0013255
21.47945008	0.0013204
21.48944982	0.0013162
21.49944956	0.0013122
21.50944931	0.0013079
21.51944905	0.0013045
21.5294488	0.0013027
21.53944854	0.0013012
21.54944828	0.0012979
21.55944803	0.0012921
21.56944777	0.0012845
21.57944752	0.0012765
21.58944726	0.0012684
21.599447	0.0012603
21.60944675	0.0012525
21.61944649	0.001245
21.62944624	0.0012371
21.63944598	0.0012282
21.64944572	0.0012183
21.65944547	0.0012079
21.66944521	0.0011968
21.67944496	0.0011848
21.6894447	0.0011716
21.69944444	0.0011569
21.70944419	0.00114
21.71944393	0.00112
21.72944368	0.0010968
21.73944342	0.0010709
21.74944316	0.0010427
21.75944291	0.0010126
21.76944265	0.00098037
21.7794424	0.00094567
21.78944214	0.00090815
21.79944188	0.00086794
21.80944163	0.00082592
21.81944137	0.00078292
21.82944112	0.00073877
21.83944086	0.00069212
21.8494406	0.00064151
21.85944035	0.0005862
21.86944009	0.00052635
21.87943984	0.00046259
21.88943958	0.00039568
21.89943932	0.00032603
21.90943907	0.00025368
21.91943881	0.00017883
21.92943856	0.00010278
21.9394383	0.000027435
21.94943804	-0.000046498
21.95943779	-0.0001205
21.96943753	-0.00019658
21.97943728	-0.00027486
21.98943702	-0.00035368
21.99943676	-0.00043171
22.00943651	-0.00050921
22.01943625	-0.00058705
22.029436	-0.00066538
22.03943574	-0.00074363
22.04943548	-0.00082093
22.05943523	-0.00089645
22.06943497	-0.0009698
22.07943472	-0.0010413
22.08943446	-0.0011112
22.0994342	-0.0011791
22.10943395	-0.0012439
22.11943369	-0.0013046
22.12943344	-0.001361
22.13943318	-0.0014138
22.14943292	-0.0014639
22.15943267	-0.0015108
22.16943241	-0.0015532
22.17943216	-0.0015896
22.1894319	-0.0016203
22.19943164	-0.0016464
22.20943139	-0.0016684
22.21943113	-0.0016856
22.22943088	-0.0016976
22.23943062	-0.0017054
22.24943036	-0.0017107
22.25943011	-0.0017152
22.26942985	-0.0017194
22.2794296	-0.0017236
22.28942934	-0.0017273
22.29942908	-0.0017304
22.30942883	-0.0017335
22.31942857	-0.0017372
22.32942832	-0.0017414
22.33942806	-0.001746
22.3494278	-0.0017509
22.35942755	-0.0017559
22.36942729	-0.0017606
22.37942704	-0.0017645
22.38942678	-0.0017672
22.39942652	-0.001768
22.40942627	-0.0017658
22.41942601	-0.0017605
22.42942576	-0.0017535
22.4394255	-0.0017461
22.44942524	-0.0017379
22.45942499	-0.001727
22.46942473	-0.0017122
22.47942448	-0.0016939
22.48942422	-0.0016729
22.49942396	-0.0016493
22.50942371	-0.0016227
22.51942345	-0.001593
22.5294232	-0.0015604
22.53942294	-0.0015248
22.54942268	-0.0014861
22.55942243	-0.0014442
22.56942217	-0.0013994
22.57942192	-0.0013523
22.58942166	-0.0013036
22.5994214	-0.0012536
22.60942115	-0.0012019
22.61942089	-0.0011479
22.62942063	-0.0010922
22.63942038	-0.0010365
22.64942012	-0.00098254
22.65941987	-0.00093044
22.66941961	-0.00087878
22.67941935	-0.00082546
22.6894191	-0.00076898
22.69941884	-0.00070942
22.70941859	-0.00064819
22.71941833	-0.00058695
22.72941807	-0.00052684
22.73941782	-0.00046816
22.74941756	-0.00041043
22.75941731	-0.00035263
22.76941705	-0.00029404
22.77941679	-0.00023516
22.78941654	-0.00017728
22.79941628	-0.00012127
22.80941603	-0.000066937
22.81941577	-0.000013617
22.82941551	0.000038941
22.83941526	0.000090286
22.849415	0.00013947
22.85941475	0.00018558
22.86941449	0.00022841
22.87941423	0.00026877
22.88941398	0.00030781
22.89941372	0.00034614
22.90941347	0.00038362
22.91941321	0.00042009
22.92941295	0.00045578
22.9394127	0.00049089
22.94941244	0.00052484
22.95941219	0.00055641
22.96941193	0.00058468
22.97941167	0.00060947
22.98941142	0.0006309
22.99941116	0.00064898
23.00941091	0.00066403
23.01941065	0.00067694
23.02941039	0.00068852
23.03941014	0.00069872
23.04940988	0.00070715
23.05940963	0.00071408
23.06940937	0.00072035
23.07940911	0.0007262
23.08940886	0.00073093
23.0994086	0.00073417
23.10940835	0.00073669
23.11940809	0.00073932
23.12940783	0.0007414
23.13940758	0.00074109
23.14940732	0.00073723
23.15940707	0.00073013
23.16940681	0.00072041
23.17940655	0.00070781
23.1894063	0.00069153
23.19940604	0.00067136
23.20940579	0.00064802
23.21940553	0.00062275
23.22940527	0.00059666
23.23940502	0.00057006
23.24940476	0.00054205
23.25940451	0.00051119
23.26940425	0.00047711
23.27940399	0.00044102
23.28940374	0.00040441
23.29940348	0.00036762
23.30940323	0.00033029
23.31940297	0.0002928
23.32940271	0.00025622
23.33940246	0.00022093
23.3494022	0.00018588
23.35940195	0.00014964
23.36940169	0.00011165
23.37940143	0.00007226
23.38940118	0.000031996
23.39940092	-8.6159E-06
23.40940067	-0.000048879
23.41940041	-0.000088031
23.42940015	-0.00012573
23.4393999	-0.00016238
23.44939964	-0.00019878
23.45939939	-0.00023539
23.46939913	-0.00027179
23.47939887	-0.000307
23.48939862	-0.00034049
23.49939836	-0.00037262
23.50939811	-0.00040427
23.51939785	-0.00043631
23.52939759	-0.00046965
23.53939734	-0.00050508
23.54939708	-0.00054267
23.55939683	-0.00058147
23.56939657	-0.00062023
23.57939631	-0.00065807
23.58939606	-0.00069468
23.5993958	-0.00073006
23.60939555	-0.00076434
23.61939529	-0.00079776
23.62939503	-0.00083059
23.63939478	-0.0008633
23.64939452	-0.00089621
23.65939427	-0.0009291
23.66939401	-0.00096137
23.67939375	-0.0009928
23.6893935	-0.0010236
23.69939324	-0.0010537
23.70939299	-0.0010821
23.71939273	-0.0011084
23.72939247	-0.0011329
23.73939222	-0.0011552
23.74939196	-0.0011745
23.75939171	-0.0011903
23.76939145	-0.0012041
23.77939119	-0.0012176
23.78939094	-0.0012315
23.79939068	-0.0012448
23.80939042	-0.0012568
23.81939017	-0.001268
23.82938991	-0.0012794
23.83938966	-0.0012917
23.8493894	-0.0013039
23.85938914	-0.0013144
23.86938889	-0.0013227
23.87938863	-0.0013304
23.88938838	-0.0013389
23.89938812	-0.0013477
23.90938786	-0.0013549
23.91938761	-0.0013597
23.92938735	-0.001363
23.9393871	-0.0013658
23.94938684	-0.0013689
23.95938658	-0.0013728
23.96938633	-0.0013777
23.97938607	-0.0013827
23.98938582	-0.0013865
23.99938556	-0.0013884
24.0093853	-0.0013888
24.01938505	-0.001389
24.02938479	-0.0013895
24.03938454	-0.0013902
24.04938428	-0.0013898
24.05938402	-0.0013872
24.06938377	-0.0013826
24.07938351	-0.0013776
24.08938326	-0.0013732
24.099383	-0.0013689
24.10938274	-0.0013632
24.11938249	-0.001356
24.12938223	-0.0013477
24.13938198	-0.0013383
24.14938172	-0.0013271
24.15938146	-0.0013139
24.16938121	-0.0012991
24.17938095	-0.0012831
24.1893807	-0.0012661
24.19938044	-0.0012477
24.20938018	-0.0012275
24.21937993	-0.0012056
24.22937967	-0.0011824
24.23937942	-0.0011574
24.24937916	-0.0011298
24.2593789	-0.0010997
24.26937865	-0.0010683
24.27937839	-0.0010358
24.28937814	-0.0010017
24.29937788	-0.0009654
24.30937762	-0.00092745
24.31937737	-0.00088807
24.32937711	-0.00084692
24.33937686	-0.00080414
24.3493766	-0.00076058
24.35937634	-0.00071688
24.36937609	-0.00067313
24.37937583	-0.00062986
24.38937558	-0.00058826
24.39937532	-0.00054918
24.40937506	-0.00051261
24.41937481	-0.00047822
24.42937455	-0.00044571
24.4393743	-0.00041451
24.44937404	-0.00038382
24.45937378	-0.00035324
24.46937353	-0.00032278
24.47937327	-0.00029227
24.48937302	-0.00026112
24.49937276	-0.00022905
24.5093725	-0.0001963
24.51937225	-0.00016313
24.52937199	-0.00012959
24.53937174	-0.000095997
24.54937148	-0.000063174
24.55937122	-0.000031755
24.56937097	-1.6604E-06
24.57937071	0.000027533
24.58937046	0.000056074
24.5993702	0.000084046
24.60936994	0.00011146
24.61936969	0.00013813
24.62936943	0.00016381
24.63936918	0.0001885
24.64936892	0.00021228
24.65936866	0.0002349
24.66936841	0.00025635
24.67936815	0.00027757
24.6893679	0.0002996
24.69936764	0.00032225
24.70936738	0.00034412
24.71936713	0.00036418
24.72936687	0.00038265
24.73936662	0.00040037
24.74936636	0.00041807
24.7593661	0.00043633
24.76936585	0.00045569
24.77936559	0.00047641
24.78936534	0.00049843
24.79936508	0.00052145
24.80936482	0.00054491
24.81936457	0.00056805
24.82936431	0.00059034
24.83936406	0.00061168
24.8493638	0.0006323
24.85936354	0.00065275
24.86936329	0.0006738
24.87936303	0.00069571
24.88936278	0.00071773
24.89936252	0.00073876
24.90936226	0.00075853
24.91936201	0.00077735
24.92936175	0.00079496
24.9393615	0.00081054
24.94936124	0.00082402
24.95936098	0.00083657
24.96936073	0.00084945
24.97936047	0.00086281
24.98936022	0.00087596
24.99935996	0.00088803
25.0093597	0.00089817
25.01935945	0.00090554
25.02935919	0.00090972
25.03935893	0.00091115
25.04935868	0.00091081
25.05935842	0.00090946
25.06935817	0.00090761
25.07935791	0.0009058
25.08935765	0.00090473
25.0993574	0.00090451
25.10935714	0.00090421
25.11935689	0.00090223
25.12935663	0.0008973
25.13935637	0.00088911
25.14935612	0.00087855
25.15935586	0.0008673
25.16935561	0.00085692
25.17935535	0.00084791
25.18935509	0.00083977
25.19935484	0.000832
25.20935458	0.00082446
25.21935433	0.00081661
25.22935407	0.00080728
25.23935381	0.00079593
25.24935356	0.00078335
25.2593533	0.00077038
25.26935305	0.0007568
25.27935279	0.00074239
25.28935253	0.00072854
25.29935228	0.0007174
25.30935202	0.00070936
25.31935177	0.00070287
25.32935151	0.0006966
25.33935125	0.00069076
25.349351	0.0006855
25.35935074	0.00067914
25.36935049	0.00066887
25.37935023	0.00065319
25.38934997	0.00063309
25.39934972	0.00061095
25.40934946	0.00058847
25.41934921	0.00056553
25.42934895	0.00054115
25.43934869	0.00051532
25.44934844	0.00048961
25.45934818	0.00046551
25.46934793	0.00044246
25.47934767	0.00041835
25.48934741	0.00039208
25.49934716	0.00036498
25.5093469	0.00033948
25.51934665	0.00031667
25.52934639	0.00029573
25.53934613	0.00027577
25.54934588	0.00025769
25.55934562	0.00024356
25.56934537	0.00023405
25.57934511	0.00022717
25.58934485	0.00021973
25.5993446	0.0002097
25.60934434	0.00019707
25.61934409	0.00018291
25.62934383	0.00016857
25.63934357	0.00015556
25.64934332	0.00014537
25.65934306	0.00013902
25.66934281	0.00013668
25.67934255	0.0001377
25.68934229	0.00014109
25.69934204	0.00014605
25.70934178	0.00015239
25.71934153	0.00016048
25.72934127	0.00017047
25.73934101	0.0001815
25.74934076	0.00019172
25.7593405	0.00019951
25.76934025	0.00020468
25.77933999	0.00020828
25.78933973	0.00021104
25.79933948	0.00021252
25.80933922	0.00021175
25.81933897	0.00020835
25.82933871	0.00020241
25.83933845	0.00019392
25.8493382	0.00018312
25.85933794	0.0001711
25.86933769	0.00015941
25.87933743	0.00014875
25.88933717	0.00013849
25.89933692	0.00012761
25.90933666	0.00011553
25.91933641	0.00010217
25.92933615	0.000087616
25.93933589	0.00007212
25.94933564	0.000056012
25.95933538	0.0000394
25.96933513	0.000022052
25.97933487	3.5828E-06
25.98933461	-0.000016369
25.99933436	-0.000038026
26.0093341	-0.000061338
26.01933385	-0.000086162
26.02933359	-0.00011275
26.03933333	-0.00014174
26.04933308	-0.00017332
26.05933282	-0.00020683
26.06933257	-0.00024161
26.07933231	-0.00027771
26.08933205	-0.00031552
26.0993318	-0.00035489
26.10933154	-0.00039516
26.11933129	-0.00043578
26.12933103	-0.00047635
26.13933077	-0.0005164
26.14933052	-0.00055549
26.15933026	-0.00059342
26.16933001	-0.00063014
26.17932975	-0.00066596
26.18932949	-0.0007017
26.19932924	-0.00073832
26.20932898	-0.00077609
26.21932873	-0.00081439
26.22932847	-0.00085264
26.23932821	-0.0008908
26.24932796	-0.00092885
26.2593277	-0.00096626
26.26932744	-0.0010023
26.27932719	-0.0010369
26.28932693	-0.0010701
26.29932668	-0.0011023
26.30932642	-0.0011341
26.31932616	-0.0011663
26.32932591	-0.0011993
26.33932565	-0.0012331
26.3493254	-0.0012673
26.35932514	-0.0013015
26.36932488	-0.0013356
26.37932463	-0.0013693
26.38932437	-0.001402
26.39932412	-0.0014335
26.40932386	-0.001464
26.4193236	-0.0014938
26.42932335	-0.0015234
26.43932309	-0.0015533
26.44932284	-0.0015836
26.45932258	-0.0016143
26.46932232	-0.0016454
26.47932207	-0.0016777
26.48932181	-0.0017114
26.49932156	-0.0017456
26.5093213	-0.0017791
26.51932104	-0.0018117
26.52932079	-0.0018441
26.53932053	-0.0018761
26.54932028	-0.0019065
26.55932002	-0.0019344
26.56931976	-0.0019606
26.57931951	-0.0019866
26.58931925	-0.0020134
26.599319	-0.002041
26.60931874	-0.0020693
26.61931848	-0.0020982
26.62931823	-0.0021278
26.63931797	-0.0021583
26.64931772	-0.0021892
26.65931746	-0.0022191
26.6693172	-0.0022468
26.67931695	-0.0022718
26.68931669	-0.0022945
26.69931644	-0.0023154
26.70931618	-0.002334
26.71931592	-0.0023498
26.72931567	-0.0023625
26.73931541	-0.0023723
26.74931516	-0.0023789
26.7593149	-0.0023822
26.76931464	-0.0023831
26.77931439	-0.0023832
26.78931413	-0.0023824
26.79931388	-0.0023794
26.80931362	-0.0023725
26.81931336	-0.002362
26.82931311	-0.0023491
26.83931285	-0.0023344
26.8493126	-0.0023189
26.85931234	-0.0023037
26.86931208	-0.0022895
26.87931183	-0.002276
26.88931157	-0.0022622
26.89931132	-0.0022486
26.90931106	-0.0022364
26.9193108	-0.0022259
26.92931055	-0.0022159
26.93931029	-0.0022052
26.94931004	-0.0021937
26.95930978	-0.0021821
26.96930952	-0.0021712
26.97930927	-0.0021608
26.98930901	-0.002151
26.99930876	-0.0021422
27.0093085	-0.0021344
27.01930824	-0.0021274
27.02930799	-0.0021206
27.03930773	-0.0021143
27.04930748	-0.0021089
27.05930722	-0.0021037
27.06930696	-0.0020976
27.07930671	-0.0020891
27.08930645	-0.0020779
27.0993062	-0.0020646
27.10930594	-0.0020496
27.11930568	-0.0020333
27.12930543	-0.0020151
27.13930517	-0.0019946
27.14930492	-0.0019717
27.15930466	-0.0019468
27.1693044	-0.0019204
27.17930415	-0.0018933
27.18930389	-0.0018662
27.19930364	-0.0018397
27.20930338	-0.0018141
27.21930312	-0.0017898
27.22930287	-0.0017666
27.23930261	-0.0017438
27.24930236	-0.0017202
27.2593021	-0.001696
27.26930184	-0.0016724
27.27930159	-0.00165
27.28930133	-0.0016282
27.29930108	-0.0016063
27.30930082	-0.0015843
27.31930056	-0.0015628
27.32930031	-0.0015413
27.33930005	-0.0015192
27.3492998	-0.0014963
27.35929954	-0.0014731
27.36929928	-0.0014504
27.37929903	-0.0014279
27.38929877	-0.0014045
27.39929852	-0.0013791
27.40929826	-0.0013521
27.419298	-0.0013248
27.42929775	-0.0012987
27.43929749	-0.0012741
27.44929724	-0.0012498
27.45929698	-0.0012258
27.46929672	-0.001203
27.47929647	-0.0011822
27.48929621	-0.0011633
27.49929595	-0.0011458
27.5092957	-0.0011299
27.51929544	-0.0011162
27.52929519	-0.0011047
27.53929493	-0.0010947
27.54929467	-0.0010856
27.55929442	-0.0010771
27.56929416	-0.0010689
27.57929391	-0.0010605
27.58929365	-0.0010525
27.59929339	-0.0010454
27.60929314	-0.0010393
27.61929288	-0.0010336
27.62929263	-0.0010274
27.63929237	-0.0010208
27.64929211	-0.0010139
27.65929186	-0.0010073
27.6692916	-0.0010016
27.67929135	-0.00099759
27.68929109	-0.00099566
27.69929083	-0.00099552
27.70929058	-0.00099607
27.71929032	-0.0009961
27.72929007	-0.00099521
27.73928981	-0.00099372
27.74928955	-0.00099158
27.7592893	-0.00098781
27.76928904	-0.00098156
27.77928879	-0.0009729
27.78928853	-0.0009623
27.79928827	-0.00095009
27.80928802	-0.00093683
27.81928776	-0.00092357
27.82928751	-0.00091092
27.83928725	-0.00089837
27.84928699	-0.00088516
27.85928674	-0.00087116
27.86928648	-0.00085648
27.87928623	-0.00084079
27.88928597	-0.00082372
27.89928571	-0.00080554
27.90928546	-0.00078679
27.9192852	-0.00076767
27.92928495	-0.00074801
27.93928469	-0.00072777
27.94928443	-0.00070696
27.95928418	-0.00068536
27.96928392	-0.00066251
27.97928367	-0.0006379
27.98928341	-0.0006112
27.99928315	-0.00058246
28.0092829	-0.00055207
28.01928264	-0.00052058
28.02928239	-0.00048852
28.03928213	-0.00045666
28.04928187	-0.00042573
28.05928162	-0.00039585
28.06928136	-0.00036643
28.07928111	-0.00033695
28.08928085	-0.00030754
28.09928059	-0.00027812
28.10928034	-0.00024769
28.11928008	-0.00021514
28.12927983	-0.00018053
28.13927957	-0.00014497
28.14927931	-0.00010937
28.15927906	-0.000073501
28.1692788	-0.000036655
28.17927855	1.1177E-06
28.18927829	0.000038591
28.19927803	0.000074407
28.20927778	0.00010852
28.21927752	0.00014233
28.22927727	0.00017733
28.23927701	0.00021387
28.24927675	0.00025138
28.2592765	0.00028924
28.26927624	0.0003273
28.27927599	0.00036583
28.28927573	0.00040531
28.29927547	0.00044613
28.30927522	0.00048804
28.31927496	0.00053018
28.32927471	0.00057155
28.33927445	0.00061169
28.34927419	0.00065111
28.35927394	0.00069121
28.36927368	0.00073343
28.37927343	0.00077811
28.38927317	0.00082443
28.39927291	0.00087141
28.40927266	0.00091881
28.4192724	0.00096697
28.42927215	0.0010161
28.43927189	0.0010661
28.44927163	0.0011164
28.45927138	0.001166
28.46927112	0.001214
28.47927087	0.0012602
28.48927061	0.0013047
28.49927035	0.0013477
28.5092701	0.001389
28.51926984	0.0014288
28.52926959	0.001468
28.53926933	0.0015074
28.54926907	0.0015471
28.55926882	0.0015858
28.56926856	0.001622
28.57926831	0.0016549
28.58926805	0.0016848
28.59926779	0.0017121
28.60926754	0.0017367
28.61926728	0.0017584
28.62926703	0.0017769
28.63926677	0.0017923
28.64926651	0.0018052
28.65926626	0.0018165
28.669266	0.0018263
28.67926575	0.001834
28.68926549	0.0018392
28.69926523	0.0018423
28.70926498	0.0018445
28.71926472	0.001846
28.72926446	0.0018468
28.73926421	0.0018469
28.74926395	0.0018469
28.7592637	0.0018468
28.76926344	0.0018461
28.77926318	0.0018448
28.78926293	0.0018426
28.79926267	0.0018387
28.80926242	0.001831
28.81926216	0.0018179
28.8292619	0.0017985
28.83926165	0.0017741
28.84926139	0.0017461
28.85926114	0.0017157
28.86926088	0.0016828
28.87926062	0.0016476
28.88926037	0.0016111
28.89926011	0.0015747
28.90925986	0.0015381
28.9192596	0.0014999
28.92925934	0.0014594
28.93925909	0.0014176
28.94925883	0.001376
28.95925858	0.0013352
28.96925832	0.0012954
28.97925806	0.0012567
28.98925781	0.0012193
28.99925755	0.0011827
29.0092573	0.0011468
29.01925704	0.0011126
29.02925678	0.0010808
29.03925653	0.0010507
29.04925627	0.0010208
29.05925602	0.00099011
29.06925576	0.00095961
29.0792555	0.00093028
29.08925525	0.0009016
29.09925499	0.00087181
29.10925474	0.00083995
29.11925448	0.00080719
29.12925422	0.00077579
29.13925397	0.00074691
29.14925371	0.00071944
29.15925346	0.000691
29.1692532	0.00065996
29.17925294	0.00062627
29.18925269	0.00059055
29.19925243	0.00055315
29.20925218	0.00051447
29.21925192	0.00047548
29.22925166	0.00043715
29.23925141	0.00039945
29.24925115	0.00036171
29.2592509	0.00032399
29.26925064	0.00028746
29.27925038	0.00025304
29.28925013	0.00022008
29.29924987	0.00018689
29.30924962	0.00015247
29.31924936	0.00011739
29.3292491	0.000082949
29.33924885	0.000049682
29.34924859	0.000016779
29.35924834	-0.00001696
29.36924808	-0.000051858
29.37924782	-0.000087245
29.38924757	-0.00012255
29.39924731	-0.00015815
29.40924706	-0.00019491
29.4192468	-0.00023308
29.42924654	-0.000272
29.43924629	-0.00031095
29.44924603	-0.00034978
29.45924578	-0.00038855
29.46924552	-0.00042665
29.47924526	-0.00046282
29.48924501	-0.00049637
29.49924475	-0.00052802
29.5092445	-0.00055913
29.51924424	-0.0005904
29.52924398	-0.00062152
29.53924373	-0.00065206
29.54924347	-0.00068187
29.55924322	-0.00071061
29.56924296	-0.00073759
29.5792427	-0.00076265
29.58924245	-0.00078665
29.59924219	-0.00081087
29.60924194	-0.00083614
29.61924168	-0.00086294
29.62924142	-0.00089153
29.63924117	-0.00092137
29.64924091	-0.00095071
29.65924066	-0.00097783
29.6692404	-0.0010026
29.67924014	-0.0010262
29.68923989	-0.0010497
29.69923963	-0.0010731
29.70923938	-0.0010966
29.71923912	-0.0011205
29.72923886	-0.0011452
29.73923861	-0.001171
29.74923835	-0.0011978
29.7592381	-0.0012257
29.76923784	-0.0012543
29.77923758	-0.0012825
29.78923733	-0.0013099
29.79923707	-0.0013361
29.80923682	-0.0013608
29.81923656	-0.0013839
29.8292363	-0.0014058
29.83923605	-0.001428
29.84923579	-0.0014512
29.85923554	-0.0014756
29.86923528	-0.0015006
29.87923502	-0.0015259
29.88923477	-0.0015513
29.89923451	-0.0015773
29.90923425	-0.0016049
29.919234	-0.0016348
29.92923374	-0.001667
29.93923349	-0.0017016
29.94923323	-0.0017385
29.95923297	-0.0017782
29.96923272	-0.0018201
29.97923246	-0.0018631
29.98923221	-0.0019064
29.99923195	-0.00195
30.00923169	-0.0019953
30.01923144	-0.002043
30.02923118	-0.0020931
30.03923093	-0.0021447
30.04923067	-0.0021969
30.05923041	-0.0022489
30.06923016	-0.0022993
30.0792299	-0.0023476
30.08922965	-0.002394
30.09922939	-0.0024393
30.10922913	-0.0024844
30.11922888	-0.0025293
30.12922862	-0.0025736
30.13922837	-0.002617
30.14922811	-0.0026594
30.15922785	-0.0027014
30.1692276	-0.0027434
30.17922734	-0.0027859
30.18922709	-0.0028292
30.19922683	-0.002873
30.20922657	-0.0029166
30.21922632	-0.0029593
30.22922606	-0.0030004
30.23922581	-0.0030397
30.24922555	-0.0030773
30.25922529	-0.0031132
30.26922504	-0.0031472
30.27922478	-0.0031793
30.28922453	-0.0032098
30.29922427	-0.0032391
30.30922401	-0.0032673
30.31922376	-0.0032936
30.3292235	-0.0033168
30.33922325	-0.0033365
30.34922299	-0.0033532
30.35922273	-0.0033681
30.36922248	-0.0033814
30.37922222	-0.0033929
30.38922197	-0.0034025
30.39922171	-0.0034104
30.40922145	-0.0034168
30.4192212	-0.0034216
30.42922094	-0.0034243
30.43922069	-0.0034244
30.44922043	-0.0034216
30.45922017	-0.0034158
30.46921992	-0.0034076
30.47921966	-0.0033973
30.48921941	-0.0033842
30.49921915	-0.0033677
30.50921889	-0.0033479
30.51921864	-0.0033256
30.52921838	-0.0033014
30.53921813	-0.0032752
30.54921787	-0.0032468
30.55921761	-0.0032161
30.56921736	-0.0031835
30.5792171	-0.0031491
30.58921685	-0.0031131
30.59921659	-0.0030757
30.60921633	-0.0030372
30.61921608	-0.0029973
30.62921582	-0.0029562
30.63921557	-0.0029139
30.64921531	-0.0028705
30.65921505	-0.002826
30.6692148	-0.0027803
30.67921454	-0.0027334
30.68921429	-0.0026855
30.69921403	-0.0026366
30.70921377	-0.0025862
30.71921352	-0.0025341
30.72921326	-0.0024799
30.73921301	-0.0024237
30.74921275	-0.0023659
30.75921249	-0.0023068
30.76921224	-0.0022467
30.77921198	-0.0021861
30.78921173	-0.0021258
30.79921147	-0.0020665
30.80921121	-0.0020084
30.81921096	-0.0019516
30.8292107	-0.0018964
30.83921045	-0.0018427
30.84921019	-0.0017899
30.85920993	-0.0017375
30.86920968	-0.0016849
30.87920942	-0.0016321
30.88920917	-0.0015792
30.89920891	-0.0015263
30.90920865	-0.0014739
30.9192084	-0.0014223
30.92920814	-0.0013716
30.93920789	-0.0013209
30.94920763	-0.0012696
30.95920737	-0.0012173
30.96920712	-0.0011647
30.97920686	-0.0011126
30.98920661	-0.0010613
30.99920635	-0.0010103
31.00920609	-0.00095931
31.01920584	-0.00090834
31.02920558	-0.00085724
31.03920533	-0.00080577
31.04920507	-0.00075384
31.05920481	-0.00070184
31.06920456	-0.00065046
31.0792043	-0.00060017
31.08920405	-0.00055084
31.09920379	-0.00050212
31.10920353	-0.0004542
31.11920328	-0.00040785
31.12920302	-0.00036349
31.13920276	-0.00032058
31.14920251	-0.00027827
31.15920225	-0.00023635
31.169202	-0.00019521
31.17920174	-0.00015506
31.18920148	-0.00011587
31.19920123	-0.000077983
31.20920097	-0.000042384
31.21920072	-9.8505E-06
31.22920046	0.000019822
31.2392002	0.000047578
31.24919995	0.000074081
31.25919969	0.000099141
31.26919944	0.00012226
31.27919918	0.00014351
31.28919892	0.00016359
31.29919867	0.00018329
31.30919841	0.0002031
31.31919816	0.00022319
31.3291979	0.00024335
31.33919764	0.00026293
31.34919739	0.00028128
31.35919713	0.0002983
31.36919688	0.00031448
31.37919662	0.00033058
31.38919636	0.00034706
31.39919611	0.00036376
31.40919585	0.00037988
31.4191956	0.00039457
31.42919534	0.00040783
31.43919508	0.00042028
31.44919483	0.00043232
31.45919457	0.00044396
31.46919432	0.00045536
31.47919406	0.00046679
31.4891938	0.00047788
31.49919355	0.00048749
31.50919329	0.00049494
31.51919304	0.00050084
31.52919278	0.0005065
31.53919252	0.00051245
31.54919227	0.00051793
31.55919201	0.00052195
31.56919176	0.00052454
31.5791915	0.00052682
31.58919124	0.00052957
31.59919099	0.00053226
31.60919073	0.00053391
31.61919048	0.00053461
31.62919022	0.00053555
31.63918996	0.00053755
31.64918971	0.00054018
31.65918945	0.00054251
31.6691892	0.00054434
31.67918894	0.00054624
31.68918868	0.00054857
31.69918843	0.00055064
31.70918817	0.00055116
31.71918792	0.00054937
31.72918766	0.00054563
31.7391874	0.00054072
31.74918715	0.00053503
31.75918689	0.00052871
31.76918664	0.00052214
31.77918638	0.00051597
31.78918612	0.00051034
31.79918587	0.00050459
31.80918561	0.00049776
31.81918536	0.00048953
31.8291851	0.00048064
31.83918484	0.00047233
31.84918459	0.00046532
31.85918433	0.00045951
31.86918408	0.00045469
31.87918382	0.000451
31.88918356	0.00044834
31.89918331	0.00044583
31.90918305	0.00044255
31.9191828	0.00043851
31.92918254	0.00043437
31.93918228	0.00043024
31.94918203	0.00042557
31.95918177	0.00042017
31.96918152	0.00041468
31.97918126	0.00040994
31.989181	0.00040642
31.99918075	0.00040424
32.00918049	0.00040326
32.01918024	0.00040276
32.02917998	0.00040177
32.03917972	0.00039993
32.04917947	0.0003979
32.05917921	0.00039642
32.06917896	0.00039524
32.0791787	0.00039338
32.08917844	0.00039034
32.09917819	0.00038662
32.10917793	0.00038314
32.11917768	0.00038049
32.12917742	0.00037891
32.13917716	0.00037834
32.14917691	0.00037822
32.15917665	0.00037758
32.1691764	0.00037582
32.17917614	0.00037331
32.18917588	0.00037081
32.19917563	0.00036831
32.20917537	0.00036471
32.21917512	0.00035886
32.22917486	0.00035056
32.2391746	0.00034037
32.24917435	0.00032866
32.25917409	0.00031538
32.26917384	0.00030047
32.27917358	0.00028425
32.28917332	0.00026724
32.29917307	0.0002496
32.30917281	0.0002311
32.31917256	0.00021159
32.3291723	0.00019167
32.33917204	0.00017248
32.34917179	0.00015463
32.35917153	0.00013766
32.36917127	0.00012081
32.37917102	0.00010429
32.38917076	0.000089164
32.39917051	0.000076097
32.40917025	0.000064693
32.41916999	0.000054178
32.42916974	0.000044365
32.43916948	0.00003583
32.44916923	0.000029417
32.45916897	0.000025644
32.46916871	0.000024351
32.47916846	0.000024836
32.4891682	0.000026457
32.49916795	0.000029064
32.50916769	0.000032718
32.51916743	0.000037185
32.52916718	0.000041964
32.53916692	0.000046744
32.54916667	0.000051509
32.55916641	0.000056192
32.56916615	0.000060565
32.5791659	0.000064603
32.58916564	0.000068752
32.59916539	0.000073709
32.60916513	0.000079923
32.61916487	0.000087347
32.62916462	0.000095623
32.63916436	0.00010451
32.64916411	0.00011406
32.65916385	0.00012429
32.66916359	0.00013471
32.67916334	0.00014439
32.68916308	0.00015275
32.69916283	0.00015997
32.70916257	0.00016662
32.71916231	0.00017316
32.72916206	0.00017991
32.7391618	0.00018697
32.74916155	0.00019396
32.75916129	0.00020024
32.76916103	0.0002057
32.77916078	0.0002108
32.78916052	0.00021561
32.79916027	0.00021939
32.80916001	0.00022154
32.81915975	0.0002225
32.8291595	0.00022301
32.83915924	0.00022297
32.84915899	0.00022156
32.85915873	0.00021839
32.86915847	0.00021383
32.87915822	0.00020834
32.88915796	0.00020194
32.89915771	0.00019434
32.90915745	0.00018514
32.91915719	0.00017401
32.92915694	0.00016111
32.93915668	0.00014718
32.94915643	0.00013297
32.95915617	0.00011864
32.96915591	0.000104
32.97915566	0.000088929
32.9891554	0.000073437
32.99915515	0.000057185
33.00915489	0.00003952
33.01915463	0.000020013
33.02915438	-1.1308E-06
33.03915412	-0.000023182
33.04915387	-0.000045322
33.05915361	-0.000067103
33.06915335	-0.000088532
33.0791531	-0.00010965
33.08915284	-0.00013016
33.09915259	-0.00014986
33.10915233	-0.00016919
33.11915207	-0.00018897
33.12915182	-0.00020956
33.13915156	-0.00023075
33.14915131	-0.00025249
33.15915105	-0.00027503
33.16915079	-0.00029825
33.17915054	-0.00032154
33.18915028	-0.00034458
33.19915003	-0.00036778
33.20914977	-0.00039172
33.21914951	-0.00041654
33.22914926	-0.00044201
33.239149	-0.00046795
33.24914875	-0.00049417
33.25914849	-0.0005203
33.26914823	-0.00054606
33.27914798	-0.00057142
33.28914772	-0.00059644
33.29914747	-0.00062113
33.30914721	-0.00064543
33.31914695	-0.00066922
33.3291467	-0.00069222
33.33914644	-0.00071409
33.34914619	-0.00073501
33.35914593	-0.00075603
33.36914567	-0.00077861
33.37914542	-0.00080341
33.38914516	-0.0008296
33.39914491	-0.00085563
33.40914465	-0.00088077
33.41914439	-0.00090571
33.42914414	-0.00093152
33.43914388	-0.00095839
33.44914363	-0.00098567
33.45914337	-0.0010129
33.46914311	-0.0010406
33.47914286	-0.0010692
33.4891426	-0.0010987
33.49914235	-0.0011282
33.50914209	-0.001157
33.51914183	-0.0011848
33.52914158	-0.001212
33.53914132	-0.0012392
33.54914107	-0.0012662
33.55914081	-0.0012926
33.56914055	-0.001318
33.5791403	-0.0013424
33.58914004	-0.0013665
33.59913978	-0.0013905
33.60913953	-0.0014141
33.61913927	-0.0014372
33.62913902	-0.0014603
33.63913876	-0.001484
33.6491385	-0.0015089
33.65913825	-0.0015349
33.66913799	-0.0015615
33.67913774	-0.0015878
33.68913748	-0.0016137
33.69913722	-0.0016392
33.70913697	-0.0016643
33.71913671	-0.0016887
33.72913646	-0.0017123
33.7391362	-0.0017356
33.74913594	-0.0017588
33.75913569	-0.0017816
33.76913543	-0.0018037
33.77913518	-0.0018256
33.78913492	-0.0018477
33.79913466	-0.0018698
33.80913441	-0.0018912
33.81913415	-0.0019112
33.8291339	-0.0019291
33.83913364	-0.0019448
33.84913338	-0.0019587
33.85913313	-0.001971
33.86913287	-0.001982
33.87913262	-0.0019916
33.88913236	-0.0019995
33.8991321	-0.0020058
33.90913185	-0.0020107
33.91913159	-0.0020144
33.92913134	-0.0020174
33.93913108	-0.0020199
33.94913082	-0.0020219
33.95913057	-0.0020235
33.96913031	-0.0020245
33.97913006	-0.0020245
33.9891298	-0.0020232
33.99912954	-0.0020207
34.00912929	-0.0020173
34.01912903	-0.0020129
34.02912878	-0.0020072
34.03912852	-0.0020003
34.04912826	-0.0019927
34.05912801	-0.0019847
34.06912775	-0.0019762
34.0791275	-0.0019671
34.08912724	-0.0019575
34.09912698	-0.0019473
34.10912673	-0.0019361
34.11912647	-0.0019238
34.12912622	-0.0019106
34.13912596	-0.0018967
34.1491257	-0.0018822
34.15912545	-0.0018671
34.16912519	-0.0018514
34.17912494	-0.0018349
34.18912468	-0.0018173
34.19912442	-0.0017984
34.20912417	-0.0017779
34.21912391	-0.0017563
34.22912366	-0.0017337
34.2391234	-0.0017105
34.24912314	-0.0016868
34.25912289	-0.0016624
34.26912263	-0.0016376
34.27912238	-0.0016122
34.28912212	-0.0015862
34.29912186	-0.0015602
34.30912161	-0.0015352
34.31912135	-0.0015115
34.3291211	-0.0014887
34.33912084	-0.0014663
34.34912058	-0.0014447
34.35912033	-0.0014243
34.36912007	-0.0014049
34.37911982	-0.001386
34.38911956	-0.0013672
34.3991193	-0.0013479
34.40911905	-0.001327
34.41911879	-0.0013044
34.42911854	-0.0012812
34.43911828	-0.0012591
34.44911802	-0.0012389
34.45911777	-0.0012204
34.46911751	-0.0012027
34.47911726	-0.0011855
34.489117	-0.0011684
34.49911674	-0.0011512
34.50911649	-0.0011342
34.51911623	-0.0011175
34.52911598	-0.0011009
34.53911572	-0.001084
34.54911546	-0.0010665
34.55911521	-0.0010488
34.56911495	-0.0010316
34.5791147	-0.0010154
34.58911444	-0.0010008
34.59911418	-0.00098761
34.60911393	-0.00097559
34.61911367	-0.00096436
34.62911342	-0.00095386
34.63911316	-0.00094394
34.6491129	-0.00093402
34.65911265	-0.00092351
34.66911239	-0.00091227
34.67911214	-0.0009004
34.68911188	-0.00088792
34.69911162	-0.00087471
34.70911137	-0.00086084
34.71911111	-0.00084654
34.72911086	-0.00083195
34.7391106	-0.00081701
34.74911034	-0.00080164
34.75911009	-0.00078595
34.76910983	-0.00077017
34.77910958	-0.00075423
34.78910932	-0.00073783
34.79910906	-0.0007208
34.80910881	-0.00070329
34.81910855	-0.00068547
34.82910829	-0.00066704
34.83910804	-0.00064765
34.84910778	-0.00062752
34.85910753	-0.00060739
34.86910727	-0.00058793
34.87910701	-0.00056947
34.88910676	-0.00055221
34.8991065	-0.00053631
34.90910625	-0.00052159
34.91910599	-0.0005073
34.92910573	-0.00049261
34.93910548	-0.00047708
34.94910522	-0.00046068
34.95910497	-0.00044348
34.96910471	-0.00042538
34.97910445	-0.00040633
34.9891042	-0.00038664
34.99910394	-0.00036707
35.00910369	-0.00034838
35.01910343	-0.00033093
35.02910317	-0.00031442
35.03910292	-0.00029797
35.04910266	-0.00028073
35.05910241	-0.00026235
35.06910215	-0.0002429
35.07910189	-0.00022223
35.08910164	-0.00019983
35.09910138	-0.00017526
35.10910113	-0.00014874
35.11910087	-0.00012104
35.12910061	-0.000093105
35.13910036	-0.000065757
35.1491001	-0.000039278
35.15909985	-0.000013185
35.16909959	0.000013383
35.17909933	0.000040914
35.18909908	0.000069303
35.19909882	0.000098202
35.20909857	0.00012722
35.21909831	0.00015593
35.22909805	0.00018416
35.2390978	0.00021226
35.24909754	0.00024075
35.25909729	0.00026952
35.26909703	0.00029798
35.27909677	0.00032572
35.28909652	0.00035287
35.29909626	0.00037954
35.30909601	0.00040567
35.31909575	0.00043119
35.32909549	0.00045624
35.33909524	0.00048093
35.34909498	0.00050534
35.35909473	0.0005297
35.36909447	0.00055426
35.37909421	0.00057903
35.38909396	0.00060372
35.3990937	0.00062825
35.40909345	0.00065283
35.41909319	0.0006776
35.42909293	0.00070235
35.43909268	0.00072685
35.44909242	0.00075104
35.45909217	0.00077497
35.46909191	0.00079866
35.47909165	0.00082217
35.4890914	0.00084534
35.49909114	0.00086745
35.50909089	0.0008877
35.51909063	0.00090595
35.52909037	0.00092272
35.53909012	0.0009383
35.54908986	0.00095243
35.55908961	0.0009649
35.56908935	0.00097602
35.57908909	0.00098603
35.58908884	0.00099444
35.59908858	0.0010005
35.60908833	0.0010039
35.61908807	0.0010048
35.62908781	0.0010032
35.63908756	0.00099873
35.6490873	0.00099116
35.65908705	0.00098049
35.66908679	0.00096699
35.67908653	0.00095094
35.68908628	0.00093261
35.69908602	0.00091234
35.70908577	0.00089048
35.71908551	0.00086694
35.72908525	0.00084125
35.739085	0.00081309
35.74908474	0.000783
35.75908449	0.00075211
35.76908423	0.00072111
35.77908397	0.0006899
35.78908372	0.00065813
35.79908346	0.00062605
35.80908321	0.00059428
35.81908295	0.00056323
35.82908269	0.00053287
35.83908244	0.00050325
35.84908218	0.00047455
35.85908193	0.00044671
35.86908167	0.00041925
35.87908141	0.00039173
35.88908116	0.00036396
35.8990809	0.00033555
35.90908065	0.00030591
35.91908039	0.00027517
35.92908013	0.00024456
35.93907988	0.00021524
35.94907962	0.00018705
35.95907937	0.00015898
35.96907911	0.00013068
35.97907885	0.00010293
35.9890786	0.000076624
35.99907834	0.000051649
36.00907808	0.000027008
36.01907783	1.7293E-06
36.02907757	-0.0000244
36.03907732	-0.00005095
36.04907706	-0.000077522
36.0590768	-0.00010402
36.06907655	-0.00013026
36.07907629	-0.00015564
36.08907604	-0.00017969
36.09907578	-0.00020253
36.10907552	-0.00022447
36.11907527	-0.00024532
36.12907501	-0.00026451
36.13907476	-0.0002819
36.1490745	-0.00029808
36.15907424	-0.00031384
36.16907399	-0.00032946
36.17907373	-0.00034451
36.18907348	-0.00035825
36.19907322	-0.00037022
36.20907296	-0.00038058
36.21907271	-0.00038967
36.22907245	-0.00039759
36.2390722	-0.00040423
36.24907194	-0.00040974
36.25907168	-0.00041453
36.26907143	-0.00041892
36.27907117	-0.00042282
36.28907092	-0.00042591
36.29907066	-0.00042795
36.3090704	-0.00042895
36.31907015	-0.00042898
36.32906989	-0.00042797
36.33906964	-0.00042587
36.34906938	-0.00042291
36.35906912	-0.00041955
36.36906887	-0.00041602
36.37906861	-0.00041201
36.38906836	-0.00040702
36.3990681	-0.00040102
36.40906784	-0.0003945
36.41906759	-0.00038791
36.42906733	-0.00038101
36.43906708	-0.00037296
36.44906682	-0.00036311
36.45906656	-0.00035163
36.46906631	-0.00033929
36.47906605	-0.00032678
36.4890658	-0.00031432
36.49906554	-0.00030185
36.50906528	-0.00028942
36.51906503	-0.0002773
36.52906477	-0.00026573
36.53906452	-0.00025478
36.54906426	-0.00024436
36.559064	-0.00023441
36.56906375	-0.00022518
36.57906349	-0.00021694
36.58906324	-0.00020971
36.59906298	-0.00020337
36.60906272	-0.00019803
36.61906247	-0.00019407
36.62906221	-0.00019165
36.63906196	-0.00019044
36.6490617	-0.00018982
36.65906144	-0.00018928
36.66906119	-0.00018872
36.67906093	-0.00018848
36.68906068	-0.00018896
36.69906042	-0.00019034
36.70906016	-0.00019276
36.71905991	-0.00019663
36.72905965	-0.00020241
36.7390594	-0.00020995
36.74905914	-0.00021845
36.75905888	-0.00022726
36.76905863	-0.00023623
36.77905837	-0.0002453
36.78905812	-0.00025424
36.79905786	-0.0002632
36.8090576	-0.0002728
36.81905735	-0.00028336
36.82905709	-0.00029446
36.83905684	-0.00030557
36.84905658	-0.00031674
36.85905632	-0.00032806
36.86905607	-0.00033919
36.87905581	-0.00034979
36.88905556	-0.0003601
36.8990553	-0.00037039
36.90905504	-0.00038022
36.91905479	-0.00038898
36.92905453	-0.00039689
36.93905428	-0.00040494
36.94905402	-0.00041393
36.95905376	-0.00042395
36.96905351	-0.00043465
36.97905325	-0.00044554
36.989053	-0.00045611
36.99905274	-0.00046615
37.00905248	-0.00047605
37.01905223	-0.00048653
37.02905197	-0.00049801
37.03905172	-0.00051019
37.04905146	-0.00052213
37.0590512	-0.00053281
37.06905095	-0.00054196
37.07905069	-0.00055027
37.08905044	-0.0005588
37.09905018	-0.000568
37.10904992	-0.00057737
37.11904967	-0.00058602
37.12904941	-0.00059332
37.13904916	-0.00059927
37.1490489	-0.0006045
37.15904864	-0.00060983
37.16904839	-0.00061553
37.17904813	-0.00062107
37.18904788	-0.00062588
37.19904762	-0.00063016
37.20904736	-0.00063453
37.21904711	-0.00063902
37.22904685	-0.00064308
37.23904659	-0.00064642
37.24904634	-0.00064944
37.25904608	-0.00065255
37.26904583	-0.00065571
37.27904557	-0.00065874
37.28904531	-0.00066198
37.29904506	-0.00066622
37.3090448	-0.00067184
37.31904455	-0.00067847
37.32904429	-0.00068559
37.33904403	-0.00069336
37.34904378	-0.00070239
37.35904352	-0.00071249
37.36904327	-0.00072244
37.37904301	-0.00073103
37.38904275	-0.00073809
37.3990425	-0.00074406
37.40904224	-0.00074929
37.41904199	-0.00075408
37.42904173	-0.00075883
37.43904147	-0.00076352
37.44904122	-0.00076764
37.45904096	-0.00077097
37.46904071	-0.00077402
37.47904045	-0.00077726
37.48904019	-0.00078053
37.49903994	-0.00078356
37.50903968	-0.00078672
37.51903943	-0.00079049
37.52903917	-0.00079456
37.53903891	-0.00079789
37.54903866	-0.00079966
37.5590384	-0.00079987
37.56903815	-0.00079941
37.57903789	-0.00079938
37.58903763	-0.00080043
37.59903738	-0.00080232
37.60903712	-0.00080443
37.61903687	-0.00080636
37.62903661	-0.00080794
37.63903635	-0.00080911
37.6490361	-0.00080997
37.65903584	-0.0008108
37.66903559	-0.00081168
37.67903533	-0.00081218
37.68903507	-0.00081187
37.69903482	-0.00081095
37.70903456	-0.00080993
37.71903431	-0.00080907
37.72903405	-0.0008083
37.73903379	-0.00080763
37.74903354	-0.0008073
37.75903328	-0.0008074
37.76903303	-0.00080753
37.77903277	-0.00080692
37.78903251	-0.0008048
37.79903226	-0.00080077
37.809032	-0.00079499
37.81903175	-0.00078823
37.82903149	-0.00078134
37.83903123	-0.00077452
37.84903098	-0.00076696
37.85903072	-0.00075774
37.86903047	-0.00074706
37.87903021	-0.00073627
37.88902995	-0.00072656
37.8990297	-0.00071771
37.90902944	-0.00070862
37.91902919	-0.00069867
37.92902893	-0.00068822
37.93902867	-0.00067784
37.94902842	-0.00066765
37.95902816	-0.00065751
37.96902791	-0.00064712
37.97902765	-0.00063595
37.98902739	-0.00062356
37.99902714	-0.00061039
38.00902688	-0.00059778
38.01902663	-0.00058672
38.02902637	-0.0005768
38.03902611	-0.00056653
38.04902586	-0.00055466
38.0590256	-0.00054101
38.06902535	-0.00052644
38.07902509	-0.00051187
38.08902483	-0.00049751
38.09902458	-0.00048289
38.10902432	-0.00046772
38.11902407	-0.00045233
38.12902381	-0.00043721
38.13902355	-0.00042235
38.1490233	-0.00040756
38.15902304	-0.0003929
38.16902279	-0.00037861
38.17902253	-0.0003647
38.18902227	-0.0003511
38.19902202	-0.00033785
38.20902176	-0.00032498
38.21902151	-0.00031234
38.22902125	-0.00029983
38.23902099	-0.00028755
38.24902074	-0.00027566
38.25902048	-0.00026416
38.26902023	-0.0002531
38.27901997	-0.00024264
38.28901971	-0.00023261
38.29901946	-0.00022239
38.3090192	-0.00021139
38.31901895	-0.00019964
38.32901869	-0.00018785
38.33901843	-0.00017685
38.34901818	-0.00016711
38.35901792	-0.00015853
38.36901767	-0.00015072
38.37901741	-0.00014335
38.38901715	-0.00013638
38.3990169	-0.00012984
38.40901664	-0.0001238
38.41901639	-0.0001182
38.42901613	-0.00011304
38.43901587	-0.00010834
38.44901562	-0.00010417
38.45901536	-0.00010038
38.4690151	-0.000096583
38.47901485	-0.000092393
38.48901459	-0.00008787
38.49901434	-0.000083592
38.50901408	-0.000080087
38.51901382	-0.000077157
38.52901357	-0.000073921
38.53901331	-0.00006965
38.54901306	-0.000064502
38.5590128	-0.000059295
38.56901254	-0.000054496
38.57901229	-0.000049617
38.58901203	-0.000043812
38.59901178	-0.000036973
38.60901152	-0.000029853
38.61901126	-0.000023116
38.62901101	-0.00001681
38.63901075	-0.000011043
38.6490105	-0.000006537
38.65901024	-3.9187E-06
38.66900998	-2.8835E-06
38.67900973	-2.6946E-06
38.68900947	-3.1056E-06
38.69900922	-4.0644E-06
38.70900896	-4.8919E-06
38.7190087	-0.000004689
38.72900845	-3.4763E-06
38.73900819	-0.000002163
38.74900794	-1.4502E-06
38.75900768	-1.4003E-06
38.76900742	-1.8971E-06
38.77900717	-0.000002778
38.78900691	-3.5514E-06
38.79900666	-3.6288E-06
38.8090064	-2.9058E-06
38.81900614	-1.7452E-06
38.82900589	-4.9034E-07
38.83900563	6.6438E-07
38.84900538	1.4802E-06
38.85900512	1.7021E-06
38.86900486	1.2574E-06
38.87900461	3.9784E-07
38.88900435	-2.0252E-07
38.8990041	2.5271E-07
38.90900384	1.7456E-06
38.91900358	2.9977E-06
38.92900333	2.7064E-06
38.93900307	1.1668E-06
38.94900282	-1.4357E-07
38.95900256	-5.3438E-07
38.9690023	-6.6168E-07
38.97900205	-1.0401E-06
38.98900179	-1.1606E-06
38.99900154	-5.2893E-07
39.00900128	4.1573E-07
39.01900102	1.0087E-06
39.02900077	1.1912E-06
39.03900051	1.0808E-06
39.04900026	4.8232E-07
39.059	-5.2843E-07
