0	0
0.009999744	-8.7773E-06
0.019999488	-0.000016219
0.029999232	-0.000021823
0.039998976	-0.000025308
0.04999872	-0.000026088
0.059998464	-0.000023261
0.069998208	-0.000016556
0.079997952	-7.0304E-06
0.089997696	3.8466E-06
0.09999744	0.000015712
0.109997184	0.000029229
0.119996928	0.000044619
0.129996672	0.000061251
0.139996416	0.000078751
0.14999616	0.000097517
0.159995904	0.00011778
0.169995648	0.00013902
0.179995392	0.00016085
0.189995136	0.00018362
0.19999488	0.00020766
0.209994624	0.00023248
0.219994368	0.00025773
0.229994112	0.00028427
0.239993856	0.00031344
0.2499936	0.00034536
0.259993344	0.00037858
0.269993088	0.00041163
0.279992832	0.0004445
0.289992576	0.0004783
0.29999232	0.00051368
0.309992063	0.00055016
0.319991807	0.00058695
0.329991551	0.00062428
0.339991295	0.00066325
0.349991039	0.00070473
0.359990783	0.00074869
0.369990527	0.00079455
0.379990271	0.00084137
0.389990015	0.00088795
0.399989759	0.00093349
0.409989503	0.00097852
0.419989247	0.0010246
0.429988991	0.0010729
0.439988735	0.0011235
0.449988479	0.0011757
0.459988223	0.0012287
0.469987967	0.0012823
0.479987711	0.0013373
0.489987455	0.0013946
0.499987199	0.001454
0.509986943	0.0015136
0.519986687	0.0015721
0.529986431	0.0016298
0.539986175	0.0016873
0.549985919	0.001744
0.559985663	0.0017988
0.569985407	0.0018514
0.579985151	0.0019028
0.589984895	0.0019536
0.599984639	0.0020041
0.609984383	0.0020553
0.619984127	0.0021087
0.629983871	0.0021653
0.639983615	0.0022248
0.649983359	0.0022856
0.659983103	0.0023452
0.669982847	0.0024019
0.679982591	0.0024551
0.689982335	0.0025058
0.699982079	0.0025553
0.709981823	0.0026041
0.719981567	0.0026516
0.729981311	0.0026972
0.739981055	0.0027412
0.749980799	0.0027843
0.759980543	0.0028272
0.769980287	0.0028706
0.779980031	0.0029158
0.789979775	0.002964
0.799979519	0.0030152
0.809979263	0.0030675
0.819979007	0.0031182
0.829978751	0.0031648
0.839978495	0.0032055
0.849978239	0.0032395
0.859977983	0.0032667
0.869977727	0.0032894
0.879977471	0.0033116
0.889977215	0.0033368
0.899976959	0.0033663
0.909976703	0.0033985
0.919976446	0.0034314
0.92997619	0.003464
0.939975934	0.0034957
0.949975678	0.0035244
0.959975422	0.0035478
0.969975166	0.0035645
0.97997491	0.0035757
0.989974654	0.0035834
0.999974398	0.0035889
1.009974142	0.0035918
1.019973886	0.00359
1.02997363	0.0035824
1.039973374	0.0035695
1.049973118	0.0035542
1.059972862	0.0035402
1.069972606	0.0035296
1.07997235	0.003521
1.089972094	0.0035108
1.099971838	0.0034972
1.109971582	0.0034816
1.119971326	0.0034677
1.12997107	0.0034569
1.139970814	0.0034471
1.149970558	0.0034336
1.159970302	0.0034138
1.169970046	0.0033892
1.17996979	0.0033637
1.189969534	0.0033394
1.199969278	0.0033145
1.209969022	0.0032859
1.219968766	0.0032514
1.22996851	0.0032103
1.239968254	0.0031621
1.249967998	0.0031061
1.259967742	0.003043
1.269967486	0.0029742
1.27996723	0.0029024
1.289966974	0.0028313
1.299966718	0.0027645
1.309966462	0.002703
1.319966206	0.0026452
1.32996595	0.0025885
1.339965694	0.0025315
1.349965438	0.0024738
1.359965182	0.002415
1.369964926	0.0023542
1.37996467	0.00229
1.389964414	0.002221
1.399964158	0.0021472
1.409963902	0.0020708
1.419963646	0.0019957
1.42996339	0.0019253
1.439963134	0.0018614
1.449962878	0.0018042
1.459962622	0.0017523
1.469962366	0.0017025
1.47996211	0.0016506
1.489961854	0.0015934
1.499961598	0.001529
1.509961342	0.0014556
1.519961086	0.0013715
1.529960829	0.0012768
1.539960573	0.0011742
1.549960317	0.0010672
1.559960061	0.00095868
1.569959805	0.00085057
1.579959549	0.00074446
1.589959293	0.00064097
1.599959037	0.00053936
1.609958781	0.00043806
1.619958525	0.00033615
1.629958269	0.00023433
1.639958013	0.00013427
1.649957757	0.000036742
1.659957501	-0.000059271
1.669957245	-0.00015489
1.679956989	-0.00024974
1.689956733	-0.00034287
1.699956477	-0.00043439
1.709956221	-0.00052482
1.719955965	-0.00061403
1.729955709	-0.00070288
1.739955453	-0.00079492
1.749955197	-0.00089394
1.759954941	-0.0010008
1.769954685	-0.0011144
1.779954429	-0.0012352
1.789954173	-0.0013633
1.799953917	-0.0014956
1.809953661	-0.0016278
1.819953405	-0.0017582
1.829953149	-0.0018873
1.839952893	-0.0020139
1.849952637	-0.0021351
1.859952381	-0.0022507
1.869952125	-0.0023633
1.879951869	-0.002476
1.889951613	-0.00259
1.899951357	-0.0027059
1.909951101	-0.0028239
1.919950845	-0.0029445
1.929950589	-0.0030681
1.939950333	-0.003195
1.949950077	-0.0033236
1.959949821	-0.003451
1.969949565	-0.0035756
1.979949309	-0.0036977
1.989949053	-0.003819
1.999948797	-0.0039408
2.009948541	-0.0040645
2.019948285	-0.0041922
2.029948029	-0.0043254
2.039947773	-0.0044638
2.049947517	-0.0046059
2.059947261	-0.0047487
2.069947005	-0.0048875
2.079946749	-0.0050192
2.089946493	-0.0051446
2.099946237	-0.0052666
2.109945981	-0.0053863
2.119945725	-0.0055043
2.129945469	-0.0056236
2.139945212	-0.0057484
2.149944956	-0.0058787
2.1599447	-0.006011
2.169944444	-0.0061431
2.179944188	-0.0062756
2.189943932	-0.0064077
2.199943676	-0.0065356
2.20994342	-0.0066579
2.219943164	-0.0067792
2.229942908	-0.0069051
2.239942652	-0.007037
2.249942396	-0.007172
2.25994214	-0.0073083
2.269941884	-0.0074464
2.279941628	-0.0075876
2.289941372	-0.0077313
2.299941116	-0.0078755
2.30994086	-0.0080185
2.319940604	-0.0081611
2.329940348	-0.0083045
2.339940092	-0.008447
2.349939836	-0.0085852
2.35993958	-0.0087181
2.369939324	-0.0088468
2.379939068	-0.0089713
2.389938812	-0.0090894
2.399938556	-0.0092011
2.4099383	-0.0093104
2.419938044	-0.0094217
2.429937788	-0.0095355
2.439937532	-0.0096508
2.449937276	-0.009767
2.45993702	-0.0098827
2.469936764	-0.0099943
2.479936508	-0.010098
2.489936252	-0.010195
2.499935996	-0.010286
2.50993574	-0.010373
2.519935484	-0.010458
2.529935228	-0.010543
2.539934972	-0.010632
2.549934716	-0.010723
2.55993446	-0.010814
2.569934204	-0.010902
2.579933948	-0.010986
2.589933692	-0.01107
2.599933436	-0.011151
2.60993318	-0.011227
2.619932924	-0.011293
2.629932668	-0.011349
2.639932412	-0.01139
2.649932156	-0.011416
2.6599319	-0.01143
2.669931644	-0.011436
2.679931388	-0.011442
2.689931132	-0.01145
2.699930876	-0.011459
2.70993062	-0.011462
2.719930364	-0.011454
2.729930108	-0.011429
2.739929852	-0.011383
2.749929595	-0.011315
2.759929339	-0.011219
2.769929083	-0.011088
2.779928827	-0.010919
2.789928571	-0.010711
2.799928315	-0.01047
2.809928059	-0.010204
2.819927803	-0.0099218
2.829927547	-0.0096312
2.839927291	-0.0093411
2.849927035	-0.0090562
2.859926779	-0.0087758
2.869926523	-0.008496
2.879926267	-0.0082126
2.889926011	-0.0079196
2.899925755	-0.0076065
2.909925499	-0.0072605
2.919925243	-0.0068733
2.929924987	-0.0064448
2.939924731	-0.0059786
2.949924475	-0.00548
2.959924219	-0.0049607
2.969923963	-0.0044417
2.979923707	-0.0039439
2.989923451	-0.0034767
2.999923195	-0.0030378
3.009922939	-0.0026235
3.019922683	-0.0022339
3.029922427	-0.0018696
3.039922171	-0.0015302
3.049921915	-0.0012146
3.059921659	-0.00091956
3.069921403	-0.00063639
3.079921147	-0.00035409
3.089920891	-0.000065713
3.099920635	0.00023161
3.109920379	0.00054125
3.119920123	0.00086594
3.129919867	0.0012017
3.139919611	0.0015402
3.149919355	0.0018805
3.159919099	0.002233
3.169918843	0.0026059
3.179918587	0.0029919
3.189918331	0.0033725
3.199918075	0.0037338
3.209917819	0.0040708
3.219917563	0.0043774
3.229917307	0.0046391
3.239917051	0.0048378
3.249916795	0.0049617
3.259916539	0.0050087
3.269916283	0.0049841
3.279916027	0.0048969
3.289915771	0.0047608
3.299915515	0.0045965
3.309915259	0.0044342
3.319915003	0.0043097
3.329914747	0.0042552
3.339914491	0.0042909
3.349914235	0.0044226
3.359913978	0.0046426
3.369913722	0.0049318
3.379913466	0.0052646
3.38991321	0.0056217
3.399912954	0.0060008
3.409912698	0.0064163
3.419912442	0.0068837
3.429912186	0.0074018
3.43991193	0.0079463
3.449911674	0.0084825
3.459911418	0.0089855
3.469911162	0.0094463
3.479910906	0.0098653
3.48991065	0.010243
3.499910394	0.010579
3.509910138	0.010865
3.519909882	0.011085
3.529909626	0.011225
3.53990937	0.011292
3.549909114	0.011324
3.559908858	0.011364
3.569908602	0.011443
3.579908346	0.011582
3.58990809	0.011808
3.599907834	0.012159
3.609907578	0.012669
3.619907322	0.013345
3.629907066	0.014147
3.63990681	0.015001
3.649906554	0.015835
3.659906298	0.01661
3.669906042	0.017307
3.679905786	0.017904
3.68990553	0.018369
3.699905274	0.018691
3.709905018	0.018906
3.719904762	0.019066
3.729904506	0.019207
3.73990425	0.019326
3.749903994	0.019397
3.759903738	0.019397
3.769903482	0.019319
3.779903226	0.019164
3.78990297	0.018936
3.799902714	0.01864
3.809902458	0.018288
3.819902202	0.017896
3.829901946	0.017478
3.83990169	0.017049
3.849901434	0.016617
3.859901178	0.016164
3.869900922	0.015633
3.879900666	0.014944
3.88990041	0.014031
3.899900154	0.01287
3.909899898	0.011484
3.919899642	0.0099367
3.929899386	0.0083259
3.93989913	0.0067427
3.949898874	0.0052321
3.959898618	0.0037788
3.969898361	0.0023347
3.979898105	0.0008609
3.989897849	-0.00065184
3.999897593	-0.002194
4.009897337	-0.0037531
4.019897081	-0.0053104
4.029896825	-0.0068266
4.039896569	-0.0082414
4.049896313	-0.0094967
4.059896057	-0.010557
4.069895801	-0.011408
4.079895545	-0.012035
4.089895289	-0.012419
4.099895033	-0.012556
4.109894777	-0.012478
4.119894521	-0.012251
4.129894265	-0.011935
4.139894009	-0.011559
4.149893753	-0.011118
4.159893497	-0.01061
4.169893241	-0.010057
4.179892985	-0.0094994
4.189892729	-0.0089753
4.199892473	-0.0085013
4.209892217	-0.0080731
4.219891961	-0.0076719
4.229891705	-0.0072737
4.239891449	-0.0068541
4.249891193	-0.0063907
4.259890937	-0.0058631
4.269890681	-0.0052568
4.279890425	-0.004564
4.289890169	-0.0037817
4.299889913	-0.0029087
4.309889657	-0.0019481
4.319889401	-0.00091471
4.329889145	0.00015827
4.339888889	0.0012189
4.349888633	0.0022072
4.359888377	0.0030743
4.369888121	0.0037963
4.379887865	0.0043701
4.389887609	0.0047996
4.399887353	0.0050875
4.409887097	0.005236
4.419886841	0.0052471
4.429886585	0.0051198
4.439886329	0.0048505
4.449886073	0.0044367
4.459885817	0.0038825
4.469885561	0.0032027
4.479885305	0.0024277
4.489885049	0.0016044
4.499884793	0.00078665
4.509884537	0.000022872
4.519884281	-0.00065428
4.529884025	-0.0012356
4.539883769	-0.0017377
4.549883513	-0.0021942
4.559883257	-0.0026409
4.569883001	-0.0031048
4.579882744	-0.0035997
4.589882488	-0.0041242
4.599882232	-0.004661
4.609881976	-0.0051863
4.61988172	-0.0056833
4.629881464	-0.0061478
4.639881208	-0.0065812
4.649880952	-0.0069824
4.659880696	-0.0073462
4.66988044	-0.0076677
4.679880184	-0.0079445
4.689879928	-0.0081771
4.699879672	-0.0083664
4.709879416	-0.0085133
4.71987916	-0.0086212
4.729878904	-0.0086992
4.739878648	-0.0087604
4.749878392	-0.0088164
4.759878136	-0.0088702
4.76987788	-0.0089143
4.779877624	-0.0089335
4.789877368	-0.0089114
4.799877112	-0.0088367
4.809876856	-0.0087067
4.8198766	-0.0085293
4.829876344	-0.0083216
4.839876088	-0.0081028
4.849875832	-0.0078825
4.859875576	-0.0076562
4.86987532	-0.0074131
4.879875064	-0.0071483
4.889874808	-0.0068641
4.899874552	-0.0065638
4.909874296	-0.0062494
4.91987404	-0.0059257
4.929873784	-0.0056018
4.939873528	-0.0052845
4.949873272	-0.0049767
4.959873016	-0.0046831
4.96987276	-0.0044169
4.979872504	-0.004195
4.989872248	-0.0040243
4.999871992	-0.0038899
5.009871736	-0.0037542
5.01987148	-0.003573
5.029871224	-0.0033247
5.039870968	-0.0030288
5.049870712	-0.0027351
5.059870456	-0.0024891
5.0698702	-0.0023021
5.079869944	-0.0021465
5.089869688	-0.0019776
5.099869432	-0.001766
5.109869176	-0.0015173
5.11986892	-0.0012628
5.129868664	-0.0010295
5.139868408	-0.00081713
5.149868152	-0.00061033
5.159867896	-0.00040862
5.16986764	-0.00023908
5.179867384	-0.00013538
5.189867127	-0.00010928
5.199866871	-0.00014832
5.209866615	-0.00023886
5.219866359	-0.00038294
5.229866103	-0.00059056
5.239865847	-0.00086395
5.249865591	-0.0011955
5.259865335	-0.0015752
5.269865079	-0.0019914
5.279864823	-0.0024274
5.289864567	-0.0028638
5.299864311	-0.0032847
5.309864055	-0.0036769
5.319863799	-0.0040264
5.329863543	-0.0043233
5.339863287	-0.0045683
5.349863031	-0.0047678
5.359862775	-0.0049217
5.369862519	-0.005022
5.379862263	-0.005065
5.389862007	-0.0050624
5.399861751	-0.0050394
5.409861495	-0.005024
5.419861239	-0.0050356
5.429860983	-0.0050816
5.439860727	-0.0051634
5.449860471	-0.005283
5.459860215	-0.0054409
5.469859959	-0.005631
5.479859703	-0.0058424
5.489859447	-0.0060681
5.499859191	-0.006309
5.509858935	-0.0065665
5.519858679	-0.0068367
5.529858423	-0.0071101
5.539858167	-0.0073767
5.549857911	-0.0076269
5.559857655	-0.0078509
5.569857399	-0.0080395
5.579857143	-0.0081858
5.589856887	-0.0082829
5.599856631	-0.0083211
5.609856375	-0.0082905
5.619856119	-0.0081909
5.629855863	-0.0080382
5.639855607	-0.007858
5.649855351	-0.0076705
5.659855095	-0.0074835
5.669854839	-0.0072959
5.679854583	-0.0071041
5.689854327	-0.0069029
5.699854071	-0.0066855
5.709853815	-0.0064465
5.719853559	-0.0061851
5.729853303	-0.0059022
5.739853047	-0.0055974
5.749852791	-0.0052723
5.759852535	-0.0049379
5.769852279	-0.0046129
5.779852023	-0.0043157
5.789851767	-0.0040556
5.79985151	-0.0038299
5.809851254	-0.0036257
5.819850998	-0.0034272
5.829850742	-0.0032221
5.839850486	-0.0030037
5.84985023	-0.0027666
5.859849974	-0.0025051
5.869849718	-0.0022161
5.879849462	-0.0018971
5.889849206	-0.0015425
5.89984895	-0.0011501
5.909848694	-0.00073351
5.919848438	-0.00032096
5.929848182	0.000063444
5.939847926	0.00041396
5.94984767	0.00073876
5.959847414	0.0010496
5.969847158	0.0013589
5.979846902	0.0016788
5.989846646	0.0020167
5.99984639	0.0023758
6.009846134	0.0027615
6.019845878	0.0031819
6.029845622	0.003639
6.039845366	0.0041203
6.04984511	0.0046018
6.059844854	0.0050549
6.069844598	0.0054508
6.079844342	0.005765
6.089844086	0.0059834
6.09984383	0.0061023
6.109843574	0.0061226
6.119843318	0.0060451
6.129843062	0.0058707
6.139842806	0.0056019
6.14984255	0.0052414
6.159842294	0.0047944
6.169842038	0.0042745
6.179841782	0.003706
6.189841526	0.0031164
6.19984127	0.0025295
6.209841014	0.0019633
6.219840758	0.0014294
6.229840502	0.00092981
6.239840246	0.00046078
6.24983999	0.000021967
6.259839734	-0.00038125
6.269839478	-0.00074721
6.279839222	-0.0010844
6.289838966	-0.0014038
6.29983871	-0.0017074
6.309838454	-0.0019847
6.319838198	-0.0022187
6.329837942	-0.0023934
6.339837686	-0.0024994
6.34983743	-0.0025347
6.359837174	-0.0025019
6.369836918	-0.0024073
6.379836662	-0.0022664
6.389836406	-0.0021053
6.39983615	-0.00195
6.409835893	-0.0018121
6.419835637	-0.0016849
6.429835381	-0.0015514
6.439835125	-0.0013976
6.449834869	-0.0012239
6.459834613	-0.0010482
6.469834357	-0.00089478
6.479834101	-0.00077799
6.489833845	-0.00069785
6.499833589	-0.00064858
6.509833333	-0.00062513
6.519833077	-0.0006205
6.529832821	-0.00062383
6.539832565	-0.00062669
6.549832309	-0.00062978
6.559832053	-0.00064066
6.569831797	-0.00066598
6.579831541	-0.0007082
6.589831285	-0.0007688
6.599831029	-0.00085159
6.609830773	-0.00096188
6.619830517	-0.0011034
6.629830261	-0.0012764
6.639830005	-0.0014772
6.649829749	-0.0016988
6.659829493	-0.0019309
6.669829237	-0.00216
6.679828981	-0.0023697
6.689828725	-0.0025438
6.699828469	-0.0026704
6.709828213	-0.0027421
6.719827957	-0.0027528
6.729827701	-0.0026981
6.739827445	-0.0025792
6.749827189	-0.0024029
6.759826933	-0.0021772
6.769826677	-0.0019124
6.779826421	-0.0016263
6.789826165	-0.0013408
6.799825909	-0.0010695
6.809825653	-0.00081022
6.819825397	-0.00054924
6.829825141	-0.00026816
6.839824885	0.000046803
6.849824629	0.00038923
6.859824373	0.0007236
6.869824117	0.0010006
6.879823861	0.0011848
6.889823605	0.0012665
6.899823349	0.0012514
6.909823093	0.0011521
6.919822837	0.00098868
6.929822581	0.0007874
6.939822325	0.00057436
6.949822069	0.00036984
6.959821813	0.0001846
6.969821557	0.000015152
6.979821301	-0.00015563
6.989821045	-0.00034642
6.999820789	-0.0005627
7.009820533	-0.00079215
7.019820276	-0.00101
7.02982002	-0.0011864
7.039819764	-0.0012934
7.049819508	-0.0013101
7.059819252	-0.0012259
7.069818996	-0.0010431
7.07981874	-0.00078197
7.089818484	-0.00047746
7.099818228	-0.00016301
7.109817972	0.00014607
7.119817716	0.00045041
7.12981746	0.00074956
7.139817204	0.0010327
7.149816948	0.0012873
7.159816692	0.0015119
7.169816436	0.0017195
7.17981618	0.0019292
7.189815924	0.0021518
7.199815668	0.0023779
7.209815412	0.0025777
7.219815156	0.0027153
7.2298149	0.0027657
7.239814644	0.0027233
7.249814388	0.0025966
7.259814132	0.002403
7.269813876	0.0021633
7.27981362	0.0018995
7.289813364	0.0016328
7.299813108	0.0013843
7.309812852	0.0011762
7.319812596	0.001027
7.32981234	0.00094795
7.339812084	0.00094227
7.349811828	0.0010067
7.359811572	0.0011324
7.369811316	0.0013057
7.37981106	0.0015093
7.389810804	0.0017221
7.399810548	0.0019193
7.409810292	0.0020781
7.419810036	0.0021887
7.42980978	0.0022614
7.439809524	0.0023217
7.449809268	0.0023978
7.459809012	0.0025088
7.469808756	0.0026577
7.4798085	0.0028304
7.489808244	0.0030037
7.499807988	0.0031585
7.509807732	0.0032881
7.519807476	0.0033983
7.52980722	0.0034987
7.539806964	0.0035938
7.549806708	0.00368
7.559806452	0.0037489
7.569806196	0.0037938
7.57980594	0.0038116
7.589805684	0.0037988
7.599805428	0.003749
7.609805172	0.0036548
7.619804916	0.003514
7.629804659	0.0033328
7.639804403	0.0031237
7.649804147	0.0029027
7.659803891	0.0026843
7.669803635	0.0024774
7.679803379	0.0022823
7.689803123	0.0020918
7.699802867	0.0018965
7.709802611	0.0016907
7.719802355	0.0014751
7.729802099	0.001256
7.739801843	0.0010417
7.749801587	0.0008389
7.759801331	0.00065252
7.769801075	0.00048918
7.779800819	0.00035977
7.789800563	0.00027752
7.799800307	0.00025128
7.809800051	0.00027932
7.819799795	0.00035037
7.829799539	0.0004519
7.839799283	0.00057695
7.849799027	0.00072225
7.859798771	0.00088122
7.869798515	0.0010423
7.879798259	0.0011952
7.889798003	0.0013371
7.899797747	0.0014713
7.909797491	0.0016008
7.919797235	0.0017236
7.929796979	0.0018342
7.939796723	0.0019275
7.949796467	0.0020014
7.959796211	0.0020576
7.969795955	0.0021005
7.979795699	0.0021364
7.989795443	0.0021706
7.999795187	0.0022054
8.009794931	0.0022405
8.019794675	0.0022754
8.029794419	0.0023129
8.039794163	0.0023579
8.049793907	0.0024139
8.059793651	0.0024787
8.069793395	0.0025441
8.079793139	0.0026
8.089792883	0.0026402
8.099792627	0.0026657
8.109792371	0.0026816
8.119792115	0.0026924
8.129791859	0.0026992
8.139791603	0.0027008
8.149791347	0.0026944
8.159791091	0.0026749
8.169790835	0.0026356
8.179790579	0.0025721
8.189790323	0.002487
8.199790067	0.0023895
8.209789811	0.0022888
8.219789555	0.0021867
8.229789299	0.0020746
8.239789042	0.0019409
8.249788786	0.0017801
8.25978853	0.0015988
8.269788274	0.0014112
8.279788018	0.0012311
8.289787762	0.0010646
8.299787506	0.00091013
8.30978725	0.00076384
8.319786994	0.00062612
8.329786738	0.00050331
8.339786482	0.0004043
8.349786226	0.0003356
8.35978597	0.00029868
8.369785714	0.00029011
8.379785458	0.00030217
8.389785202	0.00032249
8.399784946	0.00033478
8.40978469	0.00032327
8.419784434	0.00027912
8.429784178	0.00020312
8.439783922	0.00010145
8.449783666	-0.000021199
8.45978341	-0.00016445
8.469783154	-0.00032861
8.479782898	-0.00050831
8.489782642	-0.00068934
8.499782386	-0.0008518
8.50978213	-0.00097775
8.519781874	-0.0010583
8.529781618	-0.0010958
8.539781362	-0.0011023
8.549781106	-0.0010947
8.55978085	-0.0010896
8.569780594	-0.0010971
8.579780338	-0.0011184
8.589780082	-0.0011465
8.599779826	-0.0011717
8.60977957	-0.0011872
8.619779314	-0.0011936
8.629779058	-0.0011994
8.639778802	-0.001215
8.649778546	-0.0012472
8.65977829	-0.0012997
8.669778034	-0.0013768
8.679777778	-0.0014852
8.689777522	-0.0016289
8.699777266	-0.0018061
8.70977701	-0.0020082
8.719776754	-0.002222
8.729776498	-0.0024321
8.739776242	-0.0026237
8.749775986	-0.0027865
8.75977573	-0.0029155
8.769775474	-0.0030101
8.779775218	-0.0030742
8.789774962	-0.0031157
8.799774706	-0.0031449
8.80977445	-0.003173
8.819774194	-0.0032101
8.829773938	-0.0032647
8.839773682	-0.0033424
8.849773425	-0.0034442
8.859773169	-0.0035678
8.869772913	-0.003708
8.879772657	-0.0038572
8.889772401	-0.004006
8.899772145	-0.004144
8.909771889	-0.0042618
8.919771633	-0.0043517
8.929771377	-0.0044078
8.939771121	-0.0044272
8.949770865	-0.0044096
8.959770609	-0.0043559
8.969770353	-0.0042692
8.979770097	-0.004155
8.989769841	-0.0040215
8.999769585	-0.003877
9.009769329	-0.0037288
9.019769073	-0.0035821
9.029768817	-0.0034401
9.039768561	-0.0033035
9.049768305	-0.0031717
9.059768049	-0.003044
9.069767793	-0.0029197
9.079767537	-0.0027969
9.089767281	-0.0026726
9.099767025	-0.0025441
9.109766769	-0.0024106
9.119766513	-0.002271
9.129766257	-0.0021211
9.139766001	-0.0019537
9.149765745	-0.0017607
9.159765489	-0.0015374
9.169765233	-0.0012831
9.179764977	-0.0010005
9.189764721	-0.00069354
9.199764465	-0.00036907
9.209764209	-0.000036582
9.219763953	0.00029322
9.229763697	0.00061121
9.239763441	0.00091111
9.249763185	0.001189
9.259762929	0.0014428
9.269762673	0.0016726
9.279762417	0.00188
9.289762161	0.0020676
9.299761905	0.0022372
9.309761649	0.00239
9.319761393	0.0025259
9.329761137	0.0026458
9.339760881	0.0027527
9.349760625	0.0028508
9.359760369	0.0029417
9.369760113	0.0030228
9.379759857	0.0030898
9.389759601	0.0031402
9.399759345	0.0031745
9.409759089	0.0031947
9.419758833	0.0032029
9.429758577	0.0032009
9.439758321	0.0031891
9.449758065	0.0031661
9.459757808	0.0031294
9.469757552	0.0030765
9.479757296	0.0030076
9.48975704	0.0029256
9.499756784	0.0028353
9.509756528	0.0027401
9.519756272	0.0026394
9.529756016	0.0025302
9.53975576	0.0024104
9.549755504	0.0022808
9.559755248	0.0021435
9.569754992	0.0020007
9.579754736	0.0018538
9.58975448	0.0017031
9.599754224	0.0015492
9.609753968	0.0013929
9.619753712	0.0012365
9.629753456	0.0010838
9.6397532	0.00093839
9.649752944	0.00080386
9.659752688	0.00068394
9.669752432	0.00058176
9.679752176	0.00049753
9.68975192	0.00042826
9.699751664	0.00037096
9.709751408	0.00032612
9.719751152	0.00029734
9.729750896	0.00028811
9.73975064	0.00029941
9.749750384	0.00032927
9.759750128	0.00037372
9.769749872	0.00042848
9.779749616	0.00049076
9.78974936	0.00055926
9.799749104	0.00063266
9.809748848	0.00070867
9.819748592	0.00078492
9.829748336	0.00086022
9.83974808	0.00093513
9.849747824	0.0010122
9.859747568	0.001095
9.869747312	0.0011852
9.879747056	0.001279
9.8897468	0.0013679
9.899746544	0.0014418
9.909746288	0.001493
9.919746032	0.0015173
9.929745776	0.0015143
9.93974552	0.0014868
9.949745264	0.0014394
9.959745008	0.0013762
9.969744752	0.0013013
9.979744496	0.0012188
9.98974424	0.0011332
9.999743984	0.0010476
10.00974373	0.00096359
10.01974347	0.00088066
10.02974322	0.00079797
10.03974296	0.00071608
10.0497427	0.00063828
10.05974245	0.00056977
10.06974219	0.00051489
10.07974194	0.00047535
10.08974168	0.00045095
10.09974142	0.00044081
10.10974117	0.00044323
10.11974091	0.000455
10.12974066	0.00047193
10.1397404	0.00049001
10.14974014	0.0005057
10.15973989	0.00051598
10.16973963	0.00051879
10.17973938	0.00051365
10.18973912	0.00050165
10.19973886	0.00048532
10.20973861	0.00046842
10.21973835	0.00045523
10.2297381	0.00044857
10.23973784	0.00044806
10.24973758	0.00045038
10.25973733	0.0004523
10.26973707	0.00045431
10.27973682	0.00046179
10.28973656	0.00048282
10.2997363	0.00052474
10.30973605	0.00059239
10.31973579	0.00068821
10.32973554	0.0008122
10.33973528	0.00096059
10.34973502	0.0011251
10.35973477	0.0012946
10.36973451	0.001459
10.37973425	0.0016123
10.389734	0.001753
10.39973374	0.0018825
10.40973349	0.0020041
10.41973323	0.0021216
10.42973297	0.0022379
10.43973272	0.0023534
10.44973246	0.0024651
10.45973221	0.0025682
10.46973195	0.0026571
10.47973169	0.0027271
10.48973144	0.0027749
10.49973118	0.0027985
10.50973093	0.002797
10.51973067	0.0027707
10.52973041	0.0027215
10.53973016	0.0026532
10.5497299	0.002571
10.55972965	0.0024798
10.56972939	0.0023834
10.57972913	0.0022845
10.58972888	0.0021855
10.59972862	0.0020891
10.60972837	0.0019978
10.61972811	0.0019122
10.62972785	0.0018299
10.6397276	0.0017464
10.64972734	0.0016589
10.65972709	0.001568
10.66972683	0.0014761
10.67972657	0.0013853
10.68972632	0.0012964
10.69972606	0.0012103
10.70972581	0.0011297
10.71972555	0.001057
10.72972529	0.00099327
10.73972504	0.00093816
10.74972478	0.00089099
10.75972453	0.00085191
10.76972427	0.00082128
10.77972401	0.00079827
10.78972376	0.00078005
10.7997235	0.00076249
10.80972325	0.00074166
10.81972299	0.00071507
10.82972273	0.00068159
10.83972248	0.00064069
10.84972222	0.00059208
10.85972197	0.00053611
10.86972171	0.00047362
10.87972145	0.0004049
10.8897212	0.00032893
10.89972094	0.00024391
10.90972069	0.00014865
10.91972043	0.000043509
10.92972017	-0.000069441
10.93971992	-0.00018661
10.94971966	-0.00030331
10.95971941	-0.00041454
10.96971915	-0.00051613
10.97971889	-0.00060519
10.98971864	-0.0006798
10.99971838	-0.00073831
11.00971813	-0.00077928
11.01971787	-0.00080225
11.02971761	-0.00080845
11.03971736	-0.00080056
11.0497171	-0.00078159
11.05971685	-0.00075334
11.06971659	-0.00071524
11.07971633	-0.00066504
11.08971608	-0.00060146
11.09971582	-0.00052618
11.10971557	-0.00044303
11.11971531	-0.00035498
11.12971505	-0.0002625
11.1397148	-0.0001647
11.14971454	-0.000061023
11.15971429	0.000048619
11.16971403	0.00016477
11.17971377	0.00028867
11.18971352	0.00042159
11.19971326	0.00056405
11.20971301	0.00071544
11.21971275	0.00087385
11.22971249	0.0010364
11.23971224	0.0012
11.24971198	0.0013616
11.25971173	0.0015182
11.26971147	0.0016676
11.27971121	0.0018098
11.28971096	0.0019479
11.2997107	0.0020866
11.30971045	0.0022287
11.31971019	0.0023744
11.32970993	0.0025224
11.33970968	0.0026706
11.34970942	0.0028175
11.35970917	0.0029619
11.36970891	0.0031037
11.37970865	0.0032422
11.3897084	0.0033757
11.39970814	0.0035031
11.40970789	0.0036249
11.41970763	0.0037432
11.42970737	0.0038606
11.43970712	0.003979
11.44970686	0.0041002
11.45970661	0.0042261
11.46970635	0.0043574
11.47970609	0.004493
11.48970584	0.0046314
11.49970558	0.0047704
11.50970533	0.0049067
11.51970507	0.0050353
11.52970481	0.0051494
11.53970456	0.0052426
11.5497043	0.0053119
11.55970405	0.0053593
11.56970379	0.0053912
11.57970353	0.0054142
11.58970328	0.0054312
11.59970302	0.0054409
11.60970276	0.0054388
11.61970251	0.0054198
11.62970225	0.0053803
11.639702	0.0053201
11.64970174	0.0052429
11.65970148	0.0051541
11.66970123	0.0050579
11.67970097	0.0049555
11.68970072	0.004846
11.69970046	0.0047293
11.7097002	0.0046071
11.71969995	0.0044833
11.72969969	0.0043616
11.73969944	0.0042438
11.74969918	0.0041309
11.75969892	0.0040241
11.76969867	0.0039246
11.77969841	0.0038309
11.78969816	0.0037377
11.7996979	0.0036394
11.80969764	0.0035345
11.81969739	0.0034255
11.82969713	0.003316
11.83969688	0.0032078
11.84969662	0.0030999
11.85969636	0.0029907
11.86969611	0.0028803
11.87969585	0.0027719
11.8896956	0.0026705
11.89969534	0.0025794
11.90969508	0.0024988
11.91969483	0.0024271
11.92969457	0.0023625
11.93969432	0.0023042
11.94969406	0.0022515
11.9596938	0.0022037
11.96969355	0.0021594
11.97969329	0.0021168
11.98969304	0.0020748
11.99969278	0.002035
12.00969252	0.0020003
12.01969227	0.0019745
12.02969201	0.0019603
12.03969176	0.0019598
12.0496915	0.0019729
12.05969124	0.0019974
12.06969099	0.0020293
12.07969073	0.0020649
12.08969048	0.0021035
12.09969022	0.0021472
12.10968996	0.0021984
12.11968971	0.0022575
12.12968945	0.0023216
12.1396892	0.002385
12.14968894	0.0024433
12.15968868	0.0024961
12.16968843	0.0025478
12.17968817	0.002604
12.18968792	0.0026678
12.19968766	0.0027382
12.2096874	0.0028123
12.21968715	0.002887
12.22968689	0.0029607
12.23968664	0.0030333
12.24968638	0.0031052
12.25968612	0.0031772
12.26968587	0.0032503
12.27968561	0.0033259
12.28968536	0.0034052
12.2996851	0.0034869
12.30968484	0.0035671
12.31968459	0.0036409
12.32968433	0.0037044
12.33968408	0.0037554
12.34968382	0.003793
12.35968356	0.0038168
12.36968331	0.0038263
12.37968305	0.0038207
12.3896828	0.0037998
12.39968254	0.0037655
12.40968228	0.0037204
12.41968203	0.0036668
12.42968177	0.0036057
12.43968152	0.0035388
12.44968126	0.0034691
12.459681	0.0033998
12.46968075	0.0033334
12.47968049	0.0032717
12.48968024	0.0032168
12.49967998	0.0031704
12.50967972	0.0031326
12.51967947	0.003102
12.52967921	0.0030783
12.53967896	0.0030616
12.5496787	0.0030516
12.55967844	0.0030462
12.56967819	0.0030425
12.57967793	0.0030382
12.58967768	0.0030333
12.59967742	0.0030303
12.60967716	0.0030342
12.61967691	0.0030509
12.62967665	0.0030846
12.6396764	0.0031359
12.64967614	0.0032024
12.65967588	0.0032793
12.66967563	0.0033614
12.67967537	0.0034439
12.68967512	0.0035233
12.69967486	0.0035985
12.7096746	0.0036685
12.71967435	0.0037311
12.72967409	0.0037831
12.73967384	0.0038217
12.74967358	0.0038453
12.75967332	0.0038534
12.76967307	0.0038471
12.77967281	0.0038299
12.78967256	0.0038083
12.7996723	0.0037889
12.80967204	0.0037777
12.81967179	0.0037793
12.82967153	0.0037953
12.83967127	0.0038238
12.84967102	0.0038607
12.85967076	0.0039042
12.86967051	0.0039542
12.87967025	0.004009
12.88966999	0.0040633
12.89966974	0.0041116
12.90966948	0.0041504
12.91966923	0.0041779
12.92966897	0.0041932
12.93966871	0.0041957
12.94966846	0.0041859
12.9596682	0.0041656
12.96966795	0.0041373
12.97966769	0.0041042
12.98966743	0.0040682
12.99966718	0.0040288
13.00966692	0.0039851
13.01966667	0.0039384
13.02966641	0.0038932
13.03966615	0.0038551
13.0496659	0.0038278
13.05966564	0.0038123
13.06966539	0.0038067
13.07966513	0.0038084
13.08966487	0.0038164
13.09966462	0.0038314
13.10966436	0.0038529
13.11966411	0.0038773
13.12966385	0.003899
13.13966359	0.0039149
13.14966334	0.0039252
13.15966308	0.0039332
13.16966283	0.0039433
13.17966257	0.003959
13.18966231	0.0039818
13.19966206	0.0040112
13.2096618	0.0040455
13.21966155	0.0040833
13.22966129	0.0041239
13.23966103	0.0041672
13.24966078	0.0042139
13.25966052	0.0042643
13.26966027	0.004317
13.27966001	0.0043693
13.28965975	0.0044183
13.2996595	0.0044625
13.30965924	0.0045034
13.31965899	0.0045435
13.32965873	0.0045844
13.33965847	0.0046251
13.34965822	0.0046632
13.35965796	0.0046975
13.36965771	0.0047276
13.37965745	0.0047529
13.38965719	0.0047716
13.39965694	0.0047812
13.40965668	0.00478
13.41965643	0.0047678
13.42965617	0.0047467
13.43965591	0.0047197
13.44965566	0.0046886
13.4596554	0.0046524
13.46965515	0.0046085
13.47965489	0.0045552
13.48965463	0.0044937
13.49965438	0.0044276
13.50965412	0.0043595
13.51965387	0.0042897
13.52965361	0.0042159
13.53965335	0.0041364
13.5496531	0.0040518
13.55965284	0.003965
13.56965259	0.0038798
13.57965233	0.003799
13.58965207	0.0037251
13.59965182	0.0036596
13.60965156	0.0036039
13.61965131	0.0035593
13.62965105	0.0035268
13.63965079	0.0035067
13.64965054	0.0034986
13.65965028	0.0035
13.66965003	0.0035063
13.67964977	0.003511
13.68964951	0.0035076
13.69964926	0.0034908
13.709649	0.0034579
13.71964875	0.0034076
13.72964849	0.003341
13.73964823	0.0032615
13.74964798	0.0031749
13.75964772	0.0030879
13.76964747	0.0030066
13.77964721	0.0029345
13.78964695	0.0028725
13.7996467	0.0028197
13.80964644	0.0027748
13.81964619	0.0027359
13.82964593	0.0026999
13.83964567	0.0026635
13.84964542	0.0026246
13.85964516	0.0025839
13.86964491	0.0025446
13.87964465	0.0025097
13.88964439	0.0024804
13.89964414	0.0024555
13.90964388	0.0024332
13.91964363	0.0024127
13.92964337	0.0023958
13.93964311	0.0023862
13.94964286	0.0023874
13.9596426	0.0024002
13.96964235	0.0024215
13.97964209	0.0024444
13.98964183	0.0024618
13.99964158	0.0024682
14.00964132	0.0024609
14.01964107	0.002439
14.02964081	0.0024035
14.03964055	0.0023586
14.0496403	0.0023115
14.05964004	0.0022713
14.06963978	0.002245
14.07963953	0.0022361
14.08963927	0.0022438
14.09963902	0.0022655
14.10963876	0.0022972
14.1196385	0.0023342
14.12963825	0.0023724
14.13963799	0.0024101
14.14963774	0.002447
14.15963748	0.0024819
14.16963722	0.0025116
14.17963697	0.0025322
14.18963671	0.0025408
14.19963646	0.0025362
14.2096362	0.0025194
14.21963594	0.0024928
14.22963569	0.0024587
14.23963543	0.002418
14.24963518	0.0023705
14.25963492	0.0023152
14.26963466	0.0022521
14.27963441	0.0021828
14.28963415	0.0021129
14.2996339	0.0020492
14.30963364	0.0019972
14.31963338	0.001958
14.32963313	0.0019279
14.33963287	0.0018994
14.34963262	0.0018641
14.35963236	0.0018162
14.3696321	0.0017555
14.37963185	0.0016873
14.38963159	0.0016193
14.39963134	0.0015579
14.40963108	0.0015058
14.41963082	0.0014615
14.42963057	0.001421
14.43963031	0.0013819
14.44963006	0.0013457
14.4596298	0.0013168
14.46962954	0.0012991
14.47962929	0.0012948
14.48962903	0.0013035
14.49962878	0.0013248
14.50962852	0.0013592
14.51962826	0.0014089
14.52962801	0.0014757
14.53962775	0.0015571
14.5496275	0.001644
14.55962724	0.001721
14.56962698	0.0017718
14.57962673	0.0017857
14.58962647	0.0017604
14.59962622	0.0017001
14.60962596	0.0016113
14.6196257	0.0014996
14.62962545	0.0013686
14.63962519	0.0012206
14.64962494	0.0010582
14.65962468	0.00088603
14.66962442	0.0007111
14.67962417	0.00054023
14.68962391	0.00037864
14.69962366	0.00023114
14.7096234	0.00010482
14.71962314	0.000010743
14.72962289	-0.000037669
14.73962263	-0.000030085
14.74962238	0.000033747
14.75962212	0.00014161
14.76962186	0.00027436
14.77962161	0.00041463
14.78962135	0.00055106
14.7996211	0.00067649
14.80962084	0.00078556
14.81962058	0.00087493
14.82962033	0.00094479
14.83962007	0.00099863
14.84961982	0.0010415
14.85961956	0.0010788
14.8696193	0.0011157
14.87961905	0.0011581
14.88961879	0.0012123
14.89961854	0.0012843
14.90961828	0.0013773
14.91961802	0.0014915
14.92961777	0.0016241
14.93961751	0.0017701
14.94961726	0.0019226
14.959617	0.0020736
14.96961674	0.0022151
14.97961649	0.0023408
14.98961623	0.0024486
14.99961598	0.0025408
15.00961572	0.0026239
15.01961546	0.0027057
15.02961521	0.0027922
15.03961495	0.0028854
15.0496147	0.0029838
15.05961444	0.003085
15.06961418	0.0031874
15.07961393	0.0032898
15.08961367	0.0033907
15.09961342	0.0034884
15.10961316	0.0035816
15.1196129	0.00367
15.12961265	0.0037538
15.13961239	0.0038347
15.14961214	0.0039158
15.15961188	0.0039999
15.16961162	0.0040878
15.17961137	0.0041775
15.18961111	0.0042673
15.19961086	0.0043589
15.2096106	0.0044564
15.21961034	0.0045625
15.22961009	0.004676
15.23960983	0.0047917
15.24960958	0.0049044
15.25960932	0.0050109
15.26960906	0.0051107
15.27960881	0.0052037
15.28960855	0.0052876
15.29960829	0.0053593
15.30960804	0.0054174
15.31960778	0.005465
15.32960753	0.0055077
15.33960727	0.00555
15.34960701	0.0055928
15.35960676	0.0056353
15.3696065	0.0056763
15.37960625	0.0057164
15.38960599	0.0057578
15.39960573	0.0058045
15.40960548	0.0058593
15.41960522	0.0059222
15.42960497	0.0059894
15.43960471	0.0060555
15.44960445	0.0061161
15.4596042	0.0061696
15.46960394	0.0062163
15.47960369	0.0062571
15.48960343	0.0062926
15.49960317	0.0063235
15.50960292	0.0063513
15.51960266	0.0063777
15.52960241	0.0064034
15.53960215	0.006427
15.54960189	0.0064457
15.55960164	0.0064566
15.56960138	0.0064578
15.57960113	0.0064497
15.58960087	0.0064347
15.59960061	0.0064163
15.60960036	0.0063975
15.6196001	0.0063792
15.62959985	0.0063605
15.63959959	0.0063398
15.64959933	0.0063162
15.65959908	0.0062898
15.66959882	0.0062617
15.67959857	0.0062326
15.68959831	0.0062027
15.69959805	0.0061713
15.7095978	0.0061369
15.71959754	0.0060982
15.72959729	0.0060547
15.73959703	0.0060054
15.74959677	0.0059482
15.75959652	0.0058803
15.76959626	0.0058003
15.77959601	0.0057108
15.78959575	0.0056179
15.79959549	0.005527
15.80959524	0.0054398
15.81959498	0.0053543
15.82959473	0.0052673
15.83959447	0.0051779
15.84959421	0.0050884
15.85959396	0.0050039
15.8695937	0.0049297
15.87959345	0.0048686
15.88959319	0.004821
15.89959293	0.0047867
15.90959268	0.0047664
15.91959242	0.00476
15.92959217	0.0047649
15.93959191	0.0047755
15.94959165	0.0047864
15.9595914	0.0047932
15.96959114	0.0047939
15.97959089	0.0047882
15.98959063	0.004777
15.99959037	0.0047615
16.00959012	0.0047424
16.01958986	0.0047211
16.02958961	0.0046999
16.03958935	0.004681
16.04958909	0.0046654
16.05958884	0.0046526
16.06958858	0.0046419
16.07958833	0.0046337
16.08958807	0.0046299
16.09958781	0.0046313
16.10958756	0.0046372
16.1195873	0.0046452
16.12958705	0.0046519
16.13958679	0.0046544
16.14958653	0.0046517
16.15958628	0.0046449
16.16958602	0.0046364
16.17958577	0.0046273
16.18958551	0.0046178
16.19958525	0.0046077
16.209585	0.0045969
16.21958474	0.0045851
16.22958449	0.0045717
16.23958423	0.004557
16.24958397	0.0045425
16.25958372	0.0045301
16.26958346	0.0045213
16.27958321	0.0045164
16.28958295	0.0045143
16.29958269	0.0045124
16.30958244	0.0045073
16.31958218	0.0044961
16.32958193	0.0044778
16.33958167	0.0044526
16.34958141	0.0044213
16.35958116	0.0043845
16.3695809	0.0043436
16.37958065	0.0043009
16.38958039	0.0042595
16.39958013	0.0042221
16.40957988	0.0041903
16.41957962	0.0041632
16.42957937	0.0041379
16.43957911	0.004111
16.44957885	0.0040799
16.4595786	0.0040432
16.46957834	0.004
16.47957808	0.0039499
16.48957783	0.003893
16.49957757	0.003831
16.50957732	0.0037667
16.51957706	0.0037031
16.5295768	0.0036425
16.53957655	0.003585
16.54957629	0.0035289
16.55957604	0.0034721
16.56957578	0.0034139
16.57957552	0.0033561
16.58957527	0.0033023
16.59957501	0.0032562
16.60957476	0.00322
16.6195745	0.0031941
16.62957424	0.0031765
16.63957399	0.0031645
16.64957373	0.0031551
16.65957348	0.0031457
16.66957322	0.003135
16.67957296	0.0031224
16.68957271	0.0031071
16.69957245	0.0030883
16.7095722	0.0030649
16.71957194	0.0030373
16.72957168	0.003008
16.73957143	0.0029804
16.74957117	0.0029579
16.75957092	0.0029426
16.76957066	0.002935
16.7795704	0.0029344
16.78957015	0.0029396
16.79956989	0.0029491
16.80956964	0.0029611
16.81956938	0.0029738
16.82956912	0.0029861
16.83956887	0.0029972
16.84956861	0.003007
16.85956836	0.0030154
16.8695681	0.0030221
16.87956784	0.0030272
16.88956759	0.003031
16.89956733	0.003035
16.90956708	0.0030414
16.91956682	0.0030517
16.92956656	0.0030655
16.93956631	0.0030795
16.94956605	0.0030899
16.9595658	0.003094
16.96956554	0.0030909
16.97956528	0.0030811
16.98956503	0.0030662
16.99956477	0.0030486
17.00956452	0.0030301
17.01956426	0.003011
17.029564	0.0029901
17.03956375	0.0029668
17.04956349	0.0029409
17.05956324	0.002913
17.06956298	0.0028842
17.07956272	0.0028559
17.08956247	0.0028294
17.09956221	0.0028047
17.10956196	0.0027818
17.1195617	0.0027611
17.12956144	0.0027431
17.13956119	0.0027266
17.14956093	0.0027084
17.15956068	0.0026858
17.16956042	0.0026586
17.17956016	0.0026291
17.18955991	0.0026008
17.19955965	0.0025768
17.2095594	0.0025595
17.21955914	0.0025506
17.22955888	0.0025515
17.23955863	0.0025636
17.24955837	0.0025868
17.25955812	0.0026187
17.26955786	0.0026557
17.2795576	0.0026941
17.28955735	0.0027312
17.29955709	0.0027654
17.30955684	0.0027955
17.31955658	0.0028205
17.32955632	0.0028394
17.33955607	0.002851
17.34955581	0.0028549
17.35955556	0.0028506
17.3695553	0.0028385
17.37955504	0.00282
17.38955479	0.0027982
17.39955453	0.0027769
17.40955428	0.0027599
17.41955402	0.0027503
17.42955376	0.0027507
17.43955351	0.0027632
17.44955325	0.002789
17.459553	0.002828
17.46955274	0.0028795
17.47955248	0.0029425
17.48955223	0.0030163
17.49955197	0.0031001
17.50955172	0.0031934
17.51955146	0.0032952
17.5295512	0.0034027
17.53955095	0.0035124
17.54955069	0.0036219
17.55955044	0.0037301
17.56955018	0.0038364
17.57954992	0.0039391
17.58954967	0.0040359
17.59954941	0.0041256
17.60954916	0.0042089
17.6195489	0.0042869
17.62954864	0.0043609
17.63954839	0.004432
17.64954813	0.0045016
17.65954788	0.0045699
17.66954762	0.0046356
17.67954736	0.0046977
17.68954711	0.0047561
17.69954685	0.0048116
17.70954659	0.0048648
17.71954634	0.0049159
17.72954608	0.0049658
17.73954583	0.0050159
17.74954557	0.0050665
17.75954531	0.0051157
17.76954506	0.0051602
17.7795448	0.0051976
17.78954455	0.0052273
17.79954429	0.0052494
17.80954403	0.0052649
17.81954378	0.0052752
17.82954352	0.0052824
17.83954327	0.0052887
17.84954301	0.005295
17.85954275	0.0052999
17.8695425	0.0053012
17.87954224	0.0052972
17.88954199	0.0052871
17.89954173	0.0052697
17.90954147	0.0052426
17.91954122	0.0052041
17.92954096	0.0051545
17.93954071	0.0050961
17.94954045	0.0050315
17.95954019	0.0049625
17.96953994	0.0048906
17.97953968	0.0048166
17.98953943	0.0047422
17.99953917	0.0046695
18.00953891	0.0046013
18.01953866	0.0045406
18.0295384	0.0044898
18.03953815	0.0044499
18.04953789	0.0044203
18.05953763	0.0043994
18.06953738	0.0043859
18.07953712	0.0043782
18.08953687	0.0043737
18.09953661	0.004369
18.10953635	0.0043615
18.1195361	0.0043498
18.12953584	0.0043344
18.13953559	0.0043158
18.14953533	0.004294
18.15953507	0.0042692
18.16953482	0.0042425
18.17953456	0.004216
18.18953431	0.0041914
18.19953405	0.0041683
18.20953379	0.004144
18.21953354	0.0041151
18.22953328	0.0040793
18.23953303	0.0040362
18.24953277	0.0039877
18.25953251	0.0039367
18.26953226	0.0038859
18.279532	0.0038363
18.28953175	0.0037887
18.29953149	0.0037449
18.30953123	0.0037074
18.31953098	0.0036783
18.32953072	0.0036578
18.33953047	0.003645
18.34953021	0.003638
18.35952995	0.0036347
18.3695297	0.0036329
18.37952944	0.0036315
18.38952919	0.0036308
18.39952893	0.0036311
18.40952867	0.0036313
18.41952842	0.0036296
18.42952816	0.0036237
18.43952791	0.0036125
18.44952765	0.0035961
18.45952739	0.0035762
18.46952714	0.0035556
18.47952688	0.003536
18.48952663	0.0035174
18.49952637	0.0034991
18.50952611	0.0034804
18.51952586	0.0034608
18.5295256	0.0034401
18.53952535	0.0034191
18.54952509	0.0033991
18.55952483	0.003382
18.56952458	0.0033682
18.57952432	0.003357
18.58952407	0.0033471
18.59952381	0.0033374
18.60952355	0.0033273
18.6195233	0.0033155
18.62952304	0.0033008
18.63952279	0.0032829
18.64952253	0.0032625
18.65952227	0.0032404
18.66952202	0.0032164
18.67952176	0.0031903
18.68952151	0.0031622
18.69952125	0.003132
18.70952099	0.0030989
18.71952074	0.003062
18.72952048	0.0030207
18.73952023	0.0029749
18.74951997	0.0029254
18.75951971	0.002873
18.76951946	0.0028189
18.7795192	0.0027636
18.78951895	0.0027073
18.79951869	0.0026506
18.80951843	0.0025954
18.81951818	0.002544
18.82951792	0.0024984
18.83951767	0.00246
18.84951741	0.0024298
18.85951715	0.0024076
18.8695169	0.0023921
18.87951664	0.0023823
18.88951639	0.0023776
18.89951613	0.0023773
18.90951587	0.0023797
18.91951562	0.0023818
18.92951536	0.0023815
18.9395151	0.0023775
18.94951485	0.0023702
18.95951459	0.0023609
18.96951434	0.0023509
18.97951408	0.0023408
18.98951382	0.0023307
18.99951357	0.0023203
19.00951331	0.0023085
19.01951306	0.0022941
19.0295128	0.0022768
19.03951254	0.0022575
19.04951229	0.0022379
19.05951203	0.0022189
19.06951178	0.002201
19.07951152	0.0021844
19.08951126	0.0021686
19.09951101	0.0021527
19.10951075	0.0021357
19.1195105	0.0021179
19.12951024	0.0020997
19.13950998	0.0020805
19.14950973	0.0020579
19.15950947	0.0020302
19.16950922	0.0019975
19.17950896	0.0019617
19.1895087	0.0019242
19.19950845	0.0018847
19.20950819	0.0018422
19.21950794	0.0017973
19.22950768	0.0017527
19.23950742	0.001712
19.24950717	0.001678
19.25950691	0.0016521
19.26950666	0.0016344
19.2795064	0.0016228
19.28950614	0.0016148
19.29950589	0.0016083
19.30950563	0.0016022
19.31950538	0.0015959
19.32950512	0.0015878
19.33950486	0.0015769
19.34950461	0.0015628
19.35950435	0.0015467
19.3695041	0.0015307
19.37950384	0.0015179
19.38950358	0.001511
19.39950333	0.0015102
19.40950307	0.0015133
19.41950282	0.0015169
19.42950256	0.0015182
19.4395023	0.0015162
19.44950205	0.0015106
19.45950179	0.0015015
19.46950154	0.0014891
19.47950128	0.0014746
19.48950102	0.0014584
19.49950077	0.0014405
19.50950051	0.0014199
19.51950026	0.0013957
19.5295	0.0013688
19.53949974	0.0013407
19.54949949	0.0013132
19.55949923	0.001287
19.56949898	0.0012626
19.57949872	0.0012407
19.58949846	0.0012214
19.59949821	0.0012043
19.60949795	0.0011884
19.6194977	0.0011735
19.62949744	0.0011593
19.63949718	0.0011449
19.64949693	0.0011297
19.65949667	0.0011141
19.66949642	0.0010991
19.67949616	0.0010855
19.6894959	0.001073
19.69949565	0.0010609
19.70949539	0.0010479
19.71949514	0.0010323
19.72949488	0.0010134
19.73949462	0.00099162
19.74949437	0.00096889
19.75949411	0.00094654
19.76949386	0.00092463
19.7794936	0.00090284
19.78949334	0.00088135
19.79949309	0.00086071
19.80949283	0.00084132
19.81949258	0.00082362
19.82949232	0.00080862
19.83949206	0.00079771
19.84949181	0.00079226
19.85949155	0.00079357
19.8694913	0.00080301
19.87949104	0.0008214
19.88949078	0.00084831
19.89949053	0.00088256
19.90949027	0.00092333
19.91949002	0.0009704
19.92948976	0.0010232
19.9394895	0.0010805
19.94948925	0.0011401
19.95948899	0.0012001
19.96948874	0.0012584
19.97948848	0.001314
19.98948822	0.0013674
19.99948797	0.0014196
20.00948771	0.0014706
20.01948746	0.0015194
20.0294872	0.0015648
20.03948694	0.0016068
20.04948669	0.001647
20.05948643	0.0016878
20.06948618	0.001731
20.07948592	0.0017771
20.08948566	0.001826
20.09948541	0.0018777
20.10948515	0.0019332
20.1194849	0.0019936
20.12948464	0.00206
20.13948438	0.002133
20.14948413	0.0022121
20.15948387	0.0022957
20.16948361	0.0023816
20.17948336	0.002467
20.1894831	0.0025496
20.19948285	0.0026281
20.20948259	0.0027031
20.21948233	0.0027759
20.22948208	0.0028469
20.23948182	0.0029152
20.24948157	0.0029798
20.25948131	0.0030403
20.26948105	0.0030966
20.2794808	0.0031483
20.28948054	0.0031945
20.29948029	0.0032343
20.30948003	0.003268
20.31947977	0.0032971
20.32947952	0.003323
20.33947926	0.0033464
20.34947901	0.0033672
20.35947875	0.0033848
20.36947849	0.0033984
20.37947824	0.0034075
20.38947798	0.0034127
20.39947773	0.0034137
20.40947747	0.0034099
20.41947721	0.0034005
20.42947696	0.0033856
20.4394767	0.0033655
20.44947645	0.00334
20.45947619	0.0033082
20.46947593	0.0032701
20.47947568	0.0032264
20.48947542	0.003178
20.49947517	0.0031262
20.50947491	0.0030722
20.51947465	0.003017
20.5294744	0.0029611
20.53947414	0.0029049
20.54947389	0.0028496
20.55947363	0.0027965
20.56947337	0.0027473
20.57947312	0.0027029
20.58947286	0.0026629
20.59947261	0.002625
20.60947235	0.0025866
20.61947209	0.0025461
20.62947184	0.0025039
20.63947158	0.0024614
20.64947133	0.0024201
20.65947107	0.0023813
20.66947081	0.0023455
20.67947056	0.0023125
20.6894703	0.0022811
20.69947005	0.0022505
20.70946979	0.0022201
20.71946953	0.0021903
20.72946928	0.0021617
20.73946902	0.0021351
20.74946877	0.0021117
20.75946851	0.0020927
20.76946825	0.0020795
20.779468	0.0020724
20.78946774	0.0020705
20.79946749	0.0020723
20.80946723	0.0020762
20.81946697	0.0020816
20.82946672	0.0020892
20.83946646	0.0020998
20.84946621	0.0021136
20.85946595	0.0021295
20.86946569	0.0021472
20.87946544	0.0021677
20.88946518	0.0021926
20.89946493	0.0022229
20.90946467	0.0022581
20.91946441	0.0022965
20.92946416	0.0023364
20.9394639	0.0023764
20.94946365	0.002416
20.95946339	0.0024557
20.96946313	0.0024957
20.97946288	0.0025357
20.98946262	0.0025748
20.99946237	0.002612
21.00946211	0.002647
21.01946185	0.0026798
21.0294616	0.0027115
21.03946134	0.0027433
21.04946109	0.0027756
21.05946083	0.0028087
21.06946057	0.0028428
21.07946032	0.002878
21.08946006	0.0029134
21.09945981	0.0029469
21.10945955	0.0029774
21.11945929	0.003005
21.12945904	0.0030303
21.13945878	0.0030531
21.14945853	0.0030735
21.15945827	0.0030918
21.16945801	0.003108
21.17945776	0.0031208
21.1894575	0.0031292
21.19945725	0.0031334
21.20945699	0.0031338
21.21945673	0.0031303
21.22945648	0.0031225
21.23945622	0.0031099
21.24945597	0.0030925
21.25945571	0.003071
21.26945545	0.0030462
21.2794552	0.0030188
21.28945494	0.0029889
21.29945469	0.002956
21.30945443	0.0029211
21.31945417	0.0028861
21.32945392	0.0028535
21.33945366	0.0028248
21.34945341	0.0028001
21.35945315	0.0027788
21.36945289	0.0027593
21.37945264	0.0027401
21.38945238	0.0027196
21.39945212	0.0026972
21.40945187	0.0026726
21.41945161	0.0026458
21.42945136	0.0026166
21.4394511	0.0025844
21.44945084	0.0025482
21.45945059	0.0025081
21.46945033	0.0024649
21.47945008	0.0024193
21.48944982	0.0023717
21.49944956	0.0023226
21.50944931	0.0022724
21.51944905	0.0022215
21.5294488	0.0021702
21.53944854	0.0021181
21.54944828	0.0020652
21.55944803	0.0020113
21.56944777	0.0019566
21.57944752	0.001901
21.58944726	0.001845
21.599447	0.0017891
21.60944675	0.0017334
21.61944649	0.0016786
21.62944624	0.0016251
21.63944598	0.001573
21.64944572	0.0015221
21.65944547	0.0014718
21.66944521	0.0014213
21.67944496	0.0013696
21.6894447	0.0013159
21.69944444	0.0012603
21.70944419	0.0012042
21.71944393	0.0011491
21.72944368	0.0010957
21.73944342	0.001044
21.74944316	0.00099412
21.75944291	0.0009468
21.76944265	0.00090332
21.7794424	0.00086444
21.78944214	0.00082979
21.79944188	0.00079821
21.80944163	0.00076886
21.81944137	0.00074204
21.82944112	0.00071885
21.83944086	0.00070017
21.8494406	0.00068603
21.85944035	0.00067589
21.86944009	0.00066909
21.87943984	0.00066488
21.88943958	0.00066239
21.89943932	0.00066058
21.90943907	0.00065813
21.91943881	0.00065366
21.92943856	0.00064642
21.9394383	0.00063681
21.94943804	0.00062588
21.95943779	0.00061435
21.96943753	0.00060235
21.97943728	0.00059024
21.98943702	0.00057883
21.99943676	0.00056864
22.00943651	0.00055922
22.01943625	0.00054993
22.029436	0.00054104
22.03943574	0.00053376
22.04943548	0.00052891
22.05943523	0.00052591
22.06943497	0.00052334
22.07943472	0.00052053
22.08943446	0.00051839
22.0994342	0.00051891
22.10943395	0.0005242
22.11943369	0.00053596
22.12943344	0.00055556
22.13943318	0.00058388
22.14943292	0.00062091
22.15943267	0.00066543
22.16943241	0.00071527
22.17943216	0.00076795
22.1894319	0.00082131
22.19943164	0.0008739
22.20943139	0.00092499
22.21943113	0.0009747
22.22943088	0.0010236
22.23943062	0.0010716
22.24943036	0.0011182
22.25943011	0.0011621
22.26942985	0.0012029
22.2794296	0.0012412
22.28942934	0.0012777
22.29942908	0.001313
22.30942883	0.0013467
22.31942857	0.001378
22.32942832	0.001406
22.33942806	0.0014304
22.3494278	0.001451
22.35942755	0.001468
22.36942729	0.001482
22.37942704	0.0014935
22.38942678	0.0015031
22.39942652	0.0015108
22.40942627	0.0015159
22.41942601	0.0015177
22.42942576	0.0015159
22.4394255	0.0015101
22.44942524	0.0015002
22.45942499	0.0014869
22.46942473	0.0014714
22.47942448	0.001455
22.48942422	0.0014386
22.49942396	0.0014231
22.50942371	0.0014098
22.51942345	0.0014003
22.5294232	0.0013958
22.53942294	0.0013969
22.54942268	0.0014044
22.55942243	0.001419
22.56942217	0.0014408
22.57942192	0.001468
22.58942166	0.0014978
22.5994214	0.0015277
22.60942115	0.0015566
22.61942089	0.0015846
22.62942063	0.0016119
22.63942038	0.0016384
22.64942012	0.0016633
22.65941987	0.0016849
22.66941961	0.0017013
22.67941935	0.001711
22.6894191	0.0017136
22.69941884	0.0017097
22.70941859	0.0017005
22.71941833	0.0016865
22.72941807	0.0016676
22.73941782	0.0016437
22.74941756	0.001615
22.75941731	0.0015816
22.76941705	0.0015441
22.77941679	0.0015036
22.78941654	0.001462
22.79941628	0.0014205
22.80941603	0.00138
22.81941577	0.0013407
22.82941551	0.001303
22.83941526	0.001267
22.849415	0.0012326
22.85941475	0.0011987
22.86941449	0.001163
22.87941423	0.0011236
22.88941398	0.0010799
22.89941372	0.0010339
22.90941347	0.00098848
22.91941321	0.00094611
22.92941295	0.00090821
22.9394127	0.00087515
22.94941244	0.00084659
22.95941219	0.00082172
22.96941193	0.0007993
22.97941167	0.0007776
22.98941142	0.00075456
22.99941116	0.00072857
23.00941091	0.00069911
23.01941065	0.0006665
23.02941039	0.00063128
23.03941014	0.00059407
23.04940988	0.00055597
23.05940963	0.00051845
23.06940937	0.00048281
23.07940911	0.0004498
23.08940886	0.00041963
23.0994086	0.00039217
23.10940835	0.00036726
23.11940809	0.0003451
23.12940783	0.00032624
23.13940758	0.00031069
23.14940732	0.00029702
23.15940707	0.00028279
23.16940681	0.00026604
23.17940655	0.00024615
23.1894063	0.00022348
23.19940604	0.00019858
23.20940579	0.00017203
23.21940553	0.00014477
23.22940527	0.00011804
23.23940502	0.000092761
23.24940476	0.000069316
23.25940451	0.000047852
23.26940425	0.000028455
23.27940399	0.000010792
23.28940374	-6.2089E-06
23.29940348	-0.000024023
23.30940323	-0.000043886
23.31940297	-0.000066493
23.32940271	-0.000092137
23.33940246	-0.00012093
23.3494022	-0.00015289
23.35940195	-0.00018788
23.36940169	-0.00022554
23.37940143	-0.00026527
23.38940118	-0.00030646
23.39940092	-0.00034868
23.40940067	-0.00039159
23.41940041	-0.00043493
23.42940015	-0.00047855
23.4393999	-0.0005225
23.44939964	-0.00056707
23.45939939	-0.00061294
23.46939913	-0.00066105
23.47939887	-0.00071235
23.48939862	-0.00076742
23.49939836	-0.00082651
23.50939811	-0.00088967
23.51939785	-0.00095674
23.52939759	-0.0010272
23.53939734	-0.0011001
23.54939708	-0.0011744
23.55939683	-0.0012492
23.56939657	-0.0013239
23.57939631	-0.0013979
23.58939606	-0.0014716
23.5993958	-0.0015458
23.60939555	-0.0016216
23.61939529	-0.0016996
23.62939503	-0.0017791
23.63939478	-0.0018588
23.64939452	-0.0019375
23.65939427	-0.0020139
23.66939401	-0.0020869
23.67939375	-0.0021555
23.6893935	-0.0022197
23.69939324	-0.0022801
23.70939299	-0.0023369
23.71939273	-0.0023904
23.72939247	-0.0024404
23.73939222	-0.0024866
23.74939196	-0.0025288
23.75939171	-0.0025673
23.76939145	-0.0026029
23.77939119	-0.0026361
23.78939094	-0.0026674
23.79939068	-0.002697
23.80939042	-0.0027258
23.81939017	-0.002754
23.82938991	-0.0027812
23.83938966	-0.0028077
23.8493894	-0.0028341
23.85938914	-0.0028606
23.86938889	-0.0028872
23.87938863	-0.0029137
23.88938838	-0.0029402
23.89938812	-0.0029667
23.90938786	-0.0029932
23.91938761	-0.00302
23.92938735	-0.0030475
23.9393871	-0.0030756
23.94938684	-0.0031035
23.95938658	-0.0031309
23.96938633	-0.0031578
23.97938607	-0.003184
23.98938582	-0.0032093
23.99938556	-0.0032336
24.0093853	-0.0032575
24.01938505	-0.0032815
24.02938479	-0.0033061
24.03938454	-0.003332
24.04938428	-0.0033598
24.05938402	-0.0033892
24.06938377	-0.0034189
24.07938351	-0.0034479
24.08938326	-0.0034757
24.099383	-0.0035023
24.10938274	-0.0035274
24.11938249	-0.0035505
24.12938223	-0.0035711
24.13938198	-0.0035892
24.14938172	-0.0036047
24.15938146	-0.0036177
24.16938121	-0.0036285
24.17938095	-0.0036379
24.1893807	-0.0036467
24.19938044	-0.0036556
24.20938018	-0.0036649
24.21937993	-0.0036742
24.22937967	-0.0036825
24.23937942	-0.0036887
24.24937916	-0.0036913
24.2593789	-0.0036884
24.26937865	-0.0036779
24.27937839	-0.0036588
24.28937814	-0.0036323
24.29937788	-0.0036001
24.30937762	-0.0035641
24.31937737	-0.0035253
24.32937711	-0.0034843
24.33937686	-0.0034412
24.3493766	-0.003396
24.35937634	-0.0033482
24.36937609	-0.0032981
24.37937583	-0.003247
24.38937558	-0.0031961
24.39937532	-0.0031461
24.40937506	-0.0030967
24.41937481	-0.0030465
24.42937455	-0.0029934
24.4393743	-0.0029353
24.44937404	-0.002871
24.45937378	-0.0028008
24.46937353	-0.0027257
24.47937327	-0.0026469
24.48937302	-0.0025655
24.49937276	-0.0024824
24.5093725	-0.0023995
24.51937225	-0.0023189
24.52937199	-0.0022419
24.53937174	-0.0021678
24.54937148	-0.0020949
24.55937122	-0.0020216
24.56937097	-0.0019474
24.57937071	-0.0018728
24.58937046	-0.0017989
24.5993702	-0.001727
24.60936994	-0.0016575
24.61936969	-0.0015893
24.62936943	-0.0015206
24.63936918	-0.0014503
24.64936892	-0.0013787
24.65936866	-0.0013065
24.66936841	-0.0012334
24.67936815	-0.0011583
24.6893679	-0.0010799
24.69936764	-0.00099767
24.70936738	-0.00091318
24.71936713	-0.00082914
24.72936687	-0.00074781
24.73936662	-0.00066941
24.74936636	-0.00059223
24.7593661	-0.00051412
24.76936585	-0.00043392
24.77936559	-0.00035186
24.78936534	-0.00026886
24.79936508	-0.00018547
24.80936482	-0.00010161
24.81936457	-0.000017286
24.82936431	0.000066824
24.83936406	0.0001497
24.8493638	0.0002308
24.85936354	0.00031018
24.86936329	0.00038793
24.87936303	0.00046404
24.88936278	0.00053888
24.89936252	0.00061327
24.90936226	0.0006879
24.91936201	0.0007629
24.92936175	0.00083833
24.9393615	0.00091482
24.94936124	0.00099355
24.95936098	0.0010758
24.96936073	0.0011624
24.97936047	0.0012526
24.98936022	0.0013446
24.99935996	0.0014356
25.0093597	0.0015238
25.01935945	0.001609
25.02935919	0.0016917
25.03935893	0.0017723
25.04935868	0.0018509
25.05935842	0.0019271
25.06935817	0.0020002
25.07935791	0.0020693
25.08935765	0.002134
25.0993574	0.0021942
25.10935714	0.0022506
25.11935689	0.0023046
25.12935663	0.0023579
25.13935637	0.0024115
25.14935612	0.0024649
25.15935586	0.0025174
25.16935561	0.0025688
25.17935535	0.00262
25.18935509	0.0026718
25.19935484	0.0027248
25.20935458	0.0027789
25.21935433	0.0028341
25.22935407	0.0028903
25.23935381	0.0029476
25.24935356	0.003005
25.2593533	0.003061
25.26935305	0.0031137
25.27935279	0.003162
25.28935253	0.0032066
25.29935228	0.0032491
25.30935202	0.0032909
25.31935177	0.003332
25.32935151	0.0033713
25.33935125	0.0034074
25.349351	0.0034397
25.35935074	0.0034687
25.36935049	0.003495
25.37935023	0.0035195
25.38934997	0.0035423
25.39934972	0.0035632
25.40934946	0.0035815
25.41934921	0.0035962
25.42934895	0.003607
25.43934869	0.003614
25.44934844	0.0036181
25.45934818	0.0036202
25.46934793	0.0036202
25.47934767	0.0036169
25.48934741	0.0036094
25.49934716	0.0035973
25.5093469	0.0035806
25.51934665	0.0035588
25.52934639	0.0035316
25.53934613	0.0034989
25.54934588	0.0034613
25.55934562	0.00342
25.56934537	0.003376
25.57934511	0.00333
25.58934485	0.0032826
25.5993446	0.0032348
25.60934434	0.003188
25.61934409	0.003143
25.62934383	0.0030994
25.63934357	0.0030555
25.64934332	0.0030096
25.65934306	0.0029608
25.66934281	0.0029091
25.67934255	0.0028543
25.68934229	0.0027963
25.69934204	0.0027347
25.70934178	0.0026688
25.71934153	0.0025983
25.72934127	0.0025231
25.73934101	0.0024437
25.74934076	0.002361
25.7593405	0.0022758
25.76934025	0.0021887
25.77933999	0.0020998
25.78933973	0.0020095
25.79933948	0.0019183
25.80933922	0.0018264
25.81933897	0.0017337
25.82933871	0.0016399
25.83933845	0.0015459
25.8493382	0.0014528
25.85933794	0.0013626
25.86933769	0.0012762
25.87933743	0.001193
25.88933717	0.0011112
25.89933692	0.0010286
25.90933666	0.00094411
25.91933641	0.00085825
25.92933615	0.0007725
25.93933589	0.00068799
25.94933564	0.00060457
25.95933538	0.00052077
25.96933513	0.00043463
25.97933487	0.00034471
25.98933461	0.00025062
25.99933436	0.00015292
26.0093341	0.000052704
26.01933385	-0.000048991
26.02933359	-0.00015148
26.03933333	-0.00025439
26.04933308	-0.00035744
26.05933282	-0.0004605
26.06933257	-0.00056398
26.07933231	-0.00066901
26.08933205	-0.00077691
26.0993318	-0.00088838
26.10933154	-0.0010031
26.11933129	-0.0011203
26.12933103	-0.0012389
26.13933077	-0.0013579
26.14933052	-0.0014761
26.15933026	-0.0015918
26.16933001	-0.0017038
26.17932975	-0.0018124
26.18932949	-0.0019189
26.19932924	-0.0020253
26.20932898	-0.0021333
26.21932873	-0.0022435
26.22932847	-0.0023551
26.23932821	-0.002467
26.24932796	-0.0025772
26.2593277	-0.0026842
26.26932744	-0.0027868
26.27932719	-0.0028846
26.28932693	-0.0029778
26.29932668	-0.0030667
26.30932642	-0.0031516
26.31932616	-0.0032328
26.32932591	-0.0033107
26.33932565	-0.0033856
26.3493254	-0.0034573
26.35932514	-0.0035258
26.36932488	-0.0035913
26.37932463	-0.0036545
26.38932437	-0.0037164
26.39932412	-0.0037783
26.40932386	-0.0038411
26.4193236	-0.0039054
26.42932335	-0.0039711
26.43932309	-0.0040378
26.44932284	-0.0041044
26.45932258	-0.00417
26.46932232	-0.0042333
26.47932207	-0.0042932
26.48932181	-0.0043491
26.49932156	-0.0044008
26.5093213	-0.0044486
26.51932104	-0.0044931
26.52932079	-0.0045347
26.53932053	-0.004574
26.54932028	-0.0046117
26.55932002	-0.0046482
26.56931976	-0.0046837
26.57931951	-0.0047186
26.58931925	-0.0047536
26.599319	-0.0047893
26.60931874	-0.0048261
26.61931848	-0.0048641
26.62931823	-0.0049028
26.63931797	-0.0049412
26.64931772	-0.0049783
26.65931746	-0.0050137
26.6693172	-0.0050471
26.67931695	-0.0050778
26.68931669	-0.0051051
26.69931644	-0.0051282
26.70931618	-0.0051457
26.71931592	-0.0051571
26.72931567	-0.0051626
26.73931541	-0.0051636
26.74931516	-0.0051609
26.7593149	-0.0051543
26.76931464	-0.0051435
26.77931439	-0.0051291
26.78931413	-0.0051121
26.79931388	-0.0050927
26.80931362	-0.0050712
26.81931336	-0.0050485
26.82931311	-0.0050258
26.83931285	-0.0050044
26.8493126	-0.0049849
26.85931234	-0.0049677
26.86931208	-0.004953
26.87931183	-0.0049406
26.88931157	-0.00493
26.89931132	-0.0049203
26.90931106	-0.0049104
26.9193108	-0.0048996
26.92931055	-0.0048873
26.93931029	-0.0048736
26.94931004	-0.0048588
26.95930978	-0.0048437
26.96930952	-0.0048287
26.97930927	-0.0048136
26.98930901	-0.0047981
26.99930876	-0.0047818
27.0093085	-0.0047643
27.01930824	-0.0047449
27.02930799	-0.0047229
27.03930773	-0.0046973
27.04930748	-0.0046677
27.05930722	-0.0046336
27.06930696	-0.0045946
27.07930671	-0.0045502
27.08930645	-0.0044999
27.0993062	-0.0044437
27.10930594	-0.0043823
27.11930568	-0.0043169
27.12930543	-0.0042489
27.13930517	-0.0041798
27.14930492	-0.0041106
27.15930466	-0.004042
27.1693044	-0.003974
27.17930415	-0.0039067
27.18930389	-0.0038402
27.19930364	-0.0037749
27.20930338	-0.0037115
27.21930312	-0.0036504
27.22930287	-0.0035919
27.23930261	-0.0035362
27.24930236	-0.0034835
27.2593021	-0.0034337
27.26930184	-0.003386
27.27930159	-0.00334
27.28930133	-0.0032959
27.29930108	-0.0032548
27.30930082	-0.0032176
27.31930056	-0.0031847
27.32930031	-0.0031556
27.33930005	-0.0031294
27.3492998	-0.0031047
27.35929954	-0.0030802
27.36929928	-0.0030554
27.37929903	-0.0030301
27.38929877	-0.003004
27.39929852	-0.0029771
27.40929826	-0.0029496
27.419298	-0.0029216
27.42929775	-0.002893
27.43929749	-0.0028637
27.44929724	-0.0028335
27.45929698	-0.0028027
27.46929672	-0.002772
27.47929647	-0.002742
27.48929621	-0.0027132
27.49929595	-0.0026858
27.5092957	-0.0026604
27.51929544	-0.0026374
27.52929519	-0.0026176
27.53929493	-0.0026012
27.54929467	-0.0025885
27.55929442	-0.0025788
27.56929416	-0.0025708
27.57929391	-0.0025631
27.58929365	-0.0025541
27.59929339	-0.0025437
27.60929314	-0.0025321
27.61929288	-0.0025205
27.62929263	-0.00251
27.63929237	-0.0025017
27.64929211	-0.0024965
27.65929186	-0.0024947
27.6692916	-0.0024964
27.67929135	-0.002501
27.68929109	-0.0025076
27.69929083	-0.0025153
27.70929058	-0.0025232
27.71929032	-0.0025309
27.72929007	-0.0025381
27.73928981	-0.002545
27.74928955	-0.0025528
27.7592893	-0.0025626
27.76928904	-0.0025751
27.77928879	-0.0025906
27.78928853	-0.002609
27.79928827	-0.0026302
27.80928802	-0.0026538
27.81928776	-0.0026794
27.82928751	-0.0027068
27.83928725	-0.0027352
27.84928699	-0.0027639
27.85928674	-0.0027927
27.86928648	-0.0028225
27.87928623	-0.0028541
27.88928597	-0.0028875
27.89928571	-0.0029218
27.90928546	-0.0029554
27.9192852	-0.0029871
27.92928495	-0.0030156
27.93928469	-0.00304
27.94928443	-0.0030604
27.95928418	-0.0030777
27.96928392	-0.0030937
27.97928367	-0.0031096
27.98928341	-0.003126
27.99928315	-0.0031427
28.0092829	-0.0031595
28.01928264	-0.003176
28.02928239	-0.0031913
28.03928213	-0.003204
28.04928187	-0.0032132
28.05928162	-0.0032183
28.06928136	-0.003219
28.07928111	-0.0032152
28.08928085	-0.0032075
28.09928059	-0.0031977
28.10928034	-0.0031879
28.11928008	-0.0031801
28.12927983	-0.0031753
28.13927957	-0.0031741
28.14927931	-0.0031759
28.15927906	-0.0031794
28.1692788	-0.0031828
28.17927855	-0.0031844
28.18927829	-0.0031821
28.19927803	-0.0031743
28.20927778	-0.0031602
28.21927752	-0.0031399
28.22927727	-0.0031142
28.23927701	-0.0030841
28.24927675	-0.003051
28.2592765	-0.0030167
28.26927624	-0.0029833
28.27927599	-0.0029519
28.28927573	-0.0029226
28.29927547	-0.0028951
28.30927522	-0.0028686
28.31927496	-0.002842
28.32927471	-0.0028146
28.33927445	-0.0027856
28.34927419	-0.0027542
28.35927394	-0.0027198
28.36927368	-0.0026821
28.37927343	-0.002642
28.38927317	-0.0026004
28.39927291	-0.0025587
28.40927266	-0.0025171
28.4192724	-0.0024748
28.42927215	-0.0024307
28.43927189	-0.0023841
28.44927163	-0.0023356
28.45927138	-0.0022871
28.46927112	-0.0022407
28.47927087	-0.0021977
28.48927061	-0.0021593
28.49927035	-0.0021263
28.5092701	-0.0020994
28.51926984	-0.0020788
28.52926959	-0.0020638
28.53926933	-0.0020527
28.54926907	-0.0020426
28.55926882	-0.0020303
28.56926856	-0.0020126
28.57926831	-0.0019875
28.58926805	-0.0019543
28.59926779	-0.0019136
28.60926754	-0.0018669
28.61926728	-0.0018158
28.62926703	-0.0017624
28.63926677	-0.001709
28.64926651	-0.0016577
28.65926626	-0.001609
28.669266	-0.0015619
28.67926575	-0.0015153
28.68926549	-0.001469
28.69926523	-0.0014224
28.70926498	-0.0013749
28.71926472	-0.0013271
28.72926446	-0.0012803
28.73926421	-0.0012362
28.74926395	-0.0011955
28.7592637	-0.0011585
28.76926344	-0.0011251
28.77926318	-0.0010956
28.78926293	-0.0010698
28.79926267	-0.0010479
28.80926242	-0.0010303
28.81926216	-0.0010173
28.8292619	-0.0010082
28.83926165	-0.0010013
28.84926139	-0.00099487
28.85926114	-0.00098765
28.86926088	-0.0009794
28.87926062	-0.00097042
28.88926037	-0.00096104
28.89926011	-0.00095144
28.90925986	-0.00094194
28.9192596	-0.00093309
28.92925934	-0.00092543
28.93925909	-0.00091926
28.94925883	-0.00091437
28.95925858	-0.00090999
28.96925832	-0.00090478
28.97925806	-0.00089719
28.98925781	-0.000886
28.99925755	-0.00087098
29.0092573	-0.00085293
29.01925704	-0.00083313
29.02925678	-0.00081266
29.03925653	-0.00079222
29.04925627	-0.00077249
29.05925602	-0.0007545
29.06925576	-0.00073939
29.0792555	-0.00072787
29.08925525	-0.00071996
29.09925499	-0.0007151
29.10925474	-0.00071258
29.11925448	-0.00071204
29.12925422	-0.00071356
29.13925397	-0.0007172
29.14925371	-0.00072248
29.15925346	-0.00072853
29.1692532	-0.00073476
29.17925294	-0.00074112
29.18925269	-0.00074744
29.19925243	-0.00075288
29.20925218	-0.00075616
29.21925192	-0.00075647
29.22925166	-0.0007543
29.23925141	-0.0007515
29.24925115	-0.00075033
29.2592509	-0.00075202
29.26925064	-0.00075591
29.27925038	-0.00076014
29.28925013	-0.00076303
29.29924987	-0.00076388
29.30924962	-0.00076282
29.31924936	-0.00076057
29.3292491	-0.00075856
29.33924885	-0.00075898
29.34924859	-0.00076407
29.35924834	-0.0007752
29.36924808	-0.00079256
29.37924782	-0.00081533
29.38924757	-0.000842
29.39924731	-0.00087051
29.40924706	-0.00089849
29.4192468	-0.00092396
29.42924654	-0.00094618
29.43924629	-0.00096599
29.44924603	-0.00098524
29.45924578	-0.0010057
29.46924552	-0.0010284
29.47924526	-0.0010538
29.48924501	-0.0010817
29.49924475	-0.0011113
29.5092445	-0.0011414
29.51924424	-0.0011709
29.52924398	-0.0011992
29.53924373	-0.0012266
29.54924347	-0.0012538
29.55924322	-0.0012817
29.56924296	-0.0013106
29.5792427	-0.0013403
29.58924245	-0.00137
29.59924219	-0.0013987
29.60924194	-0.0014256
29.61924168	-0.0014506
29.62924142	-0.0014743
29.63924117	-0.0014975
29.64924091	-0.0015203
29.65924066	-0.0015422
29.6692404	-0.0015631
29.67924014	-0.001583
29.68923989	-0.001602
29.69923963	-0.0016211
29.70923938	-0.0016409
29.71923912	-0.0016622
29.72923886	-0.0016851
29.73923861	-0.0017098
29.74923835	-0.0017365
29.7592381	-0.0017646
29.76923784	-0.0017934
29.77923758	-0.0018217
29.78923733	-0.0018488
29.79923707	-0.0018743
29.80923682	-0.0018984
29.81923656	-0.0019223
29.8292363	-0.0019474
29.83923605	-0.0019739
29.84923579	-0.002001
29.85923554	-0.0020274
29.86923528	-0.0020517
29.87923502	-0.0020733
29.88923477	-0.0020927
29.89923451	-0.0021107
29.90923425	-0.0021288
29.919234	-0.0021485
29.92923374	-0.0021709
29.93923349	-0.0021962
29.94923323	-0.0022237
29.95923297	-0.0022524
29.96923272	-0.0022822
29.97923246	-0.0023135
29.98923221	-0.0023471
29.99923195	-0.0023829
30.00923169	-0.0024207
30.01923144	-0.0024604
30.02923118	-0.002502
30.03923093	-0.0025457
30.04923067	-0.0025913
30.05923041	-0.002639
30.06923016	-0.0026888
30.0792299	-0.00274
30.08922965	-0.0027919
30.09922939	-0.0028445
30.10922913	-0.0028986
30.11922888	-0.0029553
30.12922862	-0.0030153
30.13922837	-0.0030791
30.14922811	-0.0031465
30.15922785	-0.0032172
30.1692276	-0.0032907
30.17922734	-0.0033662
30.18922709	-0.0034426
30.19922683	-0.0035185
30.20922657	-0.0035926
30.21922632	-0.0036644
30.22922606	-0.0037342
30.23922581	-0.0038027
30.24922555	-0.0038699
30.25922529	-0.0039353
30.26922504	-0.0039987
30.27922478	-0.0040597
30.28922453	-0.0041181
30.29922427	-0.0041738
30.30922401	-0.0042271
30.31922376	-0.0042784
30.3292235	-0.0043285
30.33922325	-0.0043781
30.34922299	-0.0044278
30.35922273	-0.0044779
30.36922248	-0.0045282
30.37922222	-0.0045788
30.38922197	-0.0046296
30.39922171	-0.0046804
30.40922145	-0.0047308
30.4192212	-0.0047805
30.42922094	-0.0048294
30.43922069	-0.0048771
30.44922043	-0.0049231
30.45922017	-0.0049666
30.46921992	-0.0050066
30.47921966	-0.0050422
30.48921941	-0.0050723
30.49921915	-0.0050975
30.50921889	-0.00512
30.51921864	-0.0051425
30.52921838	-0.0051669
30.53921813	-0.0051931
30.54921787	-0.0052197
30.55921761	-0.0052453
30.56921736	-0.0052688
30.5792171	-0.0052893
30.58921685	-0.0053053
30.59921659	-0.0053155
30.60921633	-0.0053193
30.61921608	-0.0053167
30.62921582	-0.0053084
30.63921557	-0.0052952
30.64921531	-0.0052786
30.65921505	-0.0052599
30.6692148	-0.0052399
30.67921454	-0.0052188
30.68921429	-0.0051963
30.69921403	-0.0051725
30.70921377	-0.005147
30.71921352	-0.0051196
30.72921326	-0.0050901
30.73921301	-0.0050589
30.74921275	-0.0050264
30.75921249	-0.0049927
30.76921224	-0.004957
30.77921198	-0.004919
30.78921173	-0.0048783
30.79921147	-0.0048349
30.80921121	-0.0047894
30.81921096	-0.0047429
30.8292107	-0.0046965
30.83921045	-0.0046503
30.84921019	-0.0046041
30.85920993	-0.0045571
30.86920968	-0.004509
30.87920942	-0.0044599
30.88920917	-0.00441
30.89920891	-0.0043593
30.90920865	-0.0043072
30.9192084	-0.0042532
30.92920814	-0.0041972
30.93920789	-0.0041399
30.94920763	-0.0040825
30.95920737	-0.004026
30.96920712	-0.0039709
30.97920686	-0.0039175
30.98920661	-0.0038658
30.99920635	-0.0038151
31.00920609	-0.003765
31.01920584	-0.0037154
31.02920558	-0.0036672
31.03920533	-0.0036216
31.04920507	-0.0035795
31.05920481	-0.0035412
31.06920456	-0.0035063
31.0792043	-0.0034744
31.08920405	-0.0034453
31.09920379	-0.0034187
31.10920353	-0.0033949
31.11920328	-0.0033743
31.12920302	-0.003357
31.13920276	-0.0033433
31.14920251	-0.0033334
31.15920225	-0.0033276
31.169202	-0.003326
31.17920174	-0.0033274
31.18920148	-0.0033302
31.19920123	-0.0033331
31.20920097	-0.0033358
31.21920072	-0.0033383
31.22920046	-0.0033411
31.2392002	-0.0033452
31.24919995	-0.0033512
31.25919969	-0.0033589
31.26919944	-0.0033673
31.27919918	-0.0033748
31.28919892	-0.0033801
31.29919867	-0.0033828
31.30919841	-0.0033835
31.31919816	-0.0033833
31.3291979	-0.003383
31.33919764	-0.0033822
31.34919739	-0.0033803
31.35919713	-0.0033776
31.36919688	-0.0033752
31.37919662	-0.0033749
31.38919636	-0.0033779
31.39919611	-0.0033845
31.40919585	-0.0033947
31.4191956	-0.0034083
31.42919534	-0.0034248
31.43919508	-0.0034435
31.44919483	-0.0034629
31.45919457	-0.0034818
31.46919432	-0.0035002
31.47919406	-0.0035185
31.4891938	-0.003537
31.49919355	-0.0035555
31.50919329	-0.0035735
31.51919304	-0.0035899
31.52919278	-0.0036042
31.53919252	-0.0036161
31.54919227	-0.0036263
31.55919201	-0.0036359
31.56919176	-0.0036455
31.5791915	-0.0036548
31.58919124	-0.0036626
31.59919099	-0.0036684
31.60919073	-0.0036722
31.61919048	-0.0036748
31.62919022	-0.0036771
31.63918996	-0.0036795
31.64918971	-0.0036821
31.65918945	-0.003685
31.6691892	-0.003688
31.67918894	-0.0036911
31.68918868	-0.0036947
31.69918843	-0.0036991
31.70918817	-0.0037044
31.71918792	-0.0037103
31.72918766	-0.0037161
31.7391874	-0.0037212
31.74918715	-0.0037256
31.75918689	-0.0037296
31.76918664	-0.003733
31.77918638	-0.0037349
31.78918612	-0.0037339
31.79918587	-0.0037292
31.80918561	-0.003721
31.81918536	-0.0037102
31.8291851	-0.0036968
31.83918484	-0.0036804
31.84918459	-0.0036609
31.85918433	-0.0036388
31.86918408	-0.0036149
31.87918382	-0.0035893
31.88918356	-0.0035617
31.89918331	-0.0035325
31.90918305	-0.0035026
31.9191828	-0.0034728
31.92918254	-0.0034434
31.93918228	-0.0034145
31.94918203	-0.0033864
31.95918177	-0.003359
31.96918152	-0.0033317
31.97918126	-0.0033025
31.989181	-0.0032697
31.99918075	-0.0032324
32.00918049	-0.0031914
32.01918024	-0.0031491
32.02917998	-0.0031074
32.03917972	-0.0030677
32.04917947	-0.0030305
32.05917921	-0.0029956
32.06917896	-0.0029627
32.0791787	-0.0029313
32.08917844	-0.002901
32.09917819	-0.0028713
32.10917793	-0.0028422
32.11917768	-0.0028139
32.12917742	-0.0027867
32.13917716	-0.0027604
32.14917691	-0.0027351
32.15917665	-0.0027106
32.1691764	-0.0026867
32.17917614	-0.002663
32.18917588	-0.0026385
32.19917563	-0.0026129
32.20917537	-0.0025866
32.21917512	-0.0025606
32.22917486	-0.0025359
32.2391746	-0.0025132
32.24917435	-0.0024925
32.25917409	-0.0024739
32.26917384	-0.0024576
32.27917358	-0.0024439
32.28917332	-0.002433
32.29917307	-0.0024254
32.30917281	-0.0024211
32.31917256	-0.0024201
32.3291723	-0.0024222
32.33917204	-0.0024274
32.34917179	-0.0024356
32.35917153	-0.0024468
32.36917127	-0.0024603
32.37917102	-0.0024751
32.38917076	-0.0024899
32.39917051	-0.0025037
32.40917025	-0.0025162
32.41916999	-0.002528
32.42916974	-0.0025394
32.43916948	-0.0025509
32.44916923	-0.0025626
32.45916897	-0.0025742
32.46916871	-0.0025853
32.47916846	-0.0025956
32.4891682	-0.0026052
32.49916795	-0.0026145
32.50916769	-0.0026236
32.51916743	-0.0026321
32.52916718	-0.0026393
32.53916692	-0.0026449
32.54916667	-0.0026488
32.55916641	-0.0026508
32.56916615	-0.0026508
32.5791659	-0.0026488
32.58916564	-0.0026447
32.59916539	-0.0026388
32.60916513	-0.0026315
32.61916487	-0.0026237
32.62916462	-0.0026162
32.63916436	-0.0026095
32.64916411	-0.0026035
32.65916385	-0.0025977
32.66916359	-0.0025911
32.67916334	-0.0025829
32.68916308	-0.002573
32.69916283	-0.0025623
32.70916257	-0.0025515
32.71916231	-0.0025413
32.72916206	-0.0025318
32.7391618	-0.002523
32.74916155	-0.0025148
32.75916129	-0.0025074
32.76916103	-0.0025006
32.77916078	-0.0024947
32.78916052	-0.0024895
32.79916027	-0.0024849
32.80916001	-0.0024813
32.81915975	-0.0024784
32.8291595	-0.0024759
32.83915924	-0.0024731
32.84915899	-0.0024698
32.85915873	-0.0024663
32.86915847	-0.0024624
32.87915822	-0.0024576
32.88915796	-0.0024514
32.89915771	-0.0024438
32.90915745	-0.002435
32.91915719	-0.0024251
32.92915694	-0.0024143
32.93915668	-0.0024029
32.94915643	-0.0023906
32.95915617	-0.0023771
32.96915591	-0.0023629
32.97915566	-0.0023491
32.9891554	-0.002336
32.99915515	-0.0023234
33.00915489	-0.0023114
33.01915463	-0.0023002
33.02915438	-0.0022896
33.03915412	-0.0022788
33.04915387	-0.002267
33.05915361	-0.0022541
33.06915335	-0.00224
33.0791531	-0.0022249
33.08915284	-0.002209
33.09915259	-0.002193
33.10915233	-0.0021782
33.11915207	-0.0021656
33.12915182	-0.0021558
33.13915156	-0.0021489
33.14915131	-0.0021445
33.15915105	-0.0021413
33.16915079	-0.0021382
33.17915054	-0.0021347
33.18915028	-0.0021313
33.19915003	-0.0021286
33.20914977	-0.0021267
33.21914951	-0.0021248
33.22914926	-0.0021221
33.239149	-0.0021183
33.24914875	-0.0021133
33.25914849	-0.0021067
33.26914823	-0.0020985
33.27914798	-0.0020894
33.28914772	-0.0020806
33.29914747	-0.0020727
33.30914721	-0.0020655
33.31914695	-0.0020577
33.3291467	-0.0020483
33.33914644	-0.0020368
33.34914619	-0.0020235
33.35914593	-0.0020089
33.36914567	-0.0019928
33.37914542	-0.0019747
33.38914516	-0.0019545
33.39914491	-0.0019327
33.40914465	-0.0019094
33.41914439	-0.0018843
33.42914414	-0.0018573
33.43914388	-0.0018283
33.44914363	-0.0017977
33.45914337	-0.0017657
33.46914311	-0.0017329
33.47914286	-0.0016997
33.4891426	-0.0016665
33.49914235	-0.0016339
33.50914209	-0.0016022
33.51914183	-0.0015717
33.52914158	-0.0015421
33.53914132	-0.0015139
33.54914107	-0.0014877
33.55914081	-0.0014643
33.56914055	-0.0014439
33.5791403	-0.0014263
33.58914004	-0.0014118
33.59913978	-0.0014005
33.60913953	-0.0013922
33.61913927	-0.0013866
33.62913902	-0.0013833
33.63913876	-0.0013821
33.6491385	-0.0013831
33.65913825	-0.0013859
33.66913799	-0.0013902
33.67913774	-0.0013959
33.68913748	-0.0014026
33.69913722	-0.0014096
33.70913697	-0.0014159
33.71913671	-0.0014209
33.72913646	-0.0014242
33.7391362	-0.0014266
33.74913594	-0.0014294
33.75913569	-0.0014336
33.76913543	-0.0014392
33.77913518	-0.0014463
33.78913492	-0.0014548
33.79913466	-0.0014655
33.80913441	-0.001479
33.81913415	-0.001496
33.8291339	-0.0015167
33.83913364	-0.001541
33.84913338	-0.0015688
33.85913313	-0.0016003
33.86913287	-0.0016352
33.87913262	-0.0016728
33.88913236	-0.0017122
33.8991321	-0.0017522
33.90913185	-0.0017925
33.91913159	-0.0018329
33.92913134	-0.0018737
33.93913108	-0.0019153
33.94913082	-0.0019578
33.95913057	-0.0020014
33.96913031	-0.0020461
33.97913006	-0.0020914
33.9891298	-0.0021366
33.99912954	-0.0021812
34.00912929	-0.0022247
34.01912903	-0.0022671
34.02912878	-0.0023081
34.03912852	-0.0023478
34.04912826	-0.002386
34.05912801	-0.0024228
34.06912775	-0.0024584
34.0791275	-0.0024935
34.08912724	-0.002529
34.09912698	-0.0025653
34.10912673	-0.0026024
34.11912647	-0.0026409
34.12912622	-0.0026815
34.13912596	-0.0027246
34.1491257	-0.0027697
34.15912545	-0.0028157
34.16912519	-0.0028614
34.17912494	-0.0029054
34.18912468	-0.0029462
34.19912442	-0.0029833
34.20912417	-0.0030167
34.21912391	-0.0030473
34.22912366	-0.003076
34.2391234	-0.0031039
34.24912314	-0.0031314
34.25912289	-0.0031581
34.26912263	-0.0031837
34.27912238	-0.0032085
34.28912212	-0.0032332
34.29912186	-0.003258
34.30912161	-0.0032828
34.31912135	-0.0033072
34.3291211	-0.0033314
34.33912084	-0.0033553
34.34912058	-0.0033794
34.35912033	-0.0034039
34.36912007	-0.0034284
34.37911982	-0.0034522
34.38911956	-0.0034746
34.3991193	-0.0034962
34.40911905	-0.0035184
34.41911879	-0.0035426
34.42911854	-0.0035694
34.43911828	-0.0035982
34.44911802	-0.0036279
34.45911777	-0.0036571
34.46911751	-0.0036845
34.47911726	-0.0037093
34.489117	-0.0037311
34.49911674	-0.0037499
34.50911649	-0.0037659
34.51911623	-0.0037801
34.52911598	-0.0037931
34.53911572	-0.0038054
34.54911546	-0.0038167
34.55911521	-0.0038271
34.56911495	-0.0038366
34.5791147	-0.0038452
34.58911444	-0.0038519
34.59911418	-0.003856
34.60911393	-0.0038569
34.61911367	-0.0038551
34.62911342	-0.0038512
34.63911316	-0.0038461
34.6491129	-0.0038399
34.65911265	-0.0038324
34.66911239	-0.0038236
34.67911214	-0.0038136
34.68911188	-0.0038024
34.69911162	-0.0037901
34.70911137	-0.0037766
34.71911111	-0.0037625
34.72911086	-0.0037488
34.7391106	-0.003736
34.74911034	-0.0037244
34.75911009	-0.0037143
34.76910983	-0.0037062
34.77910958	-0.0036998
34.78910932	-0.0036939
34.79910906	-0.0036872
34.80910881	-0.0036789
34.81910855	-0.0036685
34.82910829	-0.0036559
34.83910804	-0.0036408
34.84910778	-0.0036231
34.85910753	-0.0036032
34.86910727	-0.0035814
34.87910701	-0.003559
34.88910676	-0.0035371
34.8991065	-0.0035164
34.90910625	-0.0034966
34.91910599	-0.0034767
34.92910573	-0.0034564
34.93910548	-0.0034359
34.94910522	-0.0034156
34.95910497	-0.0033957
34.96910471	-0.0033757
34.97910445	-0.0033551
34.9891042	-0.0033339
34.99910394	-0.003312
35.00910369	-0.0032899
35.01910343	-0.0032674
35.02910317	-0.0032439
35.03910292	-0.003219
35.04910266	-0.0031926
35.05910241	-0.0031654
35.06910215	-0.0031383
35.07910189	-0.0031115
35.08910164	-0.0030851
35.09910138	-0.0030588
35.10910113	-0.003033
35.11910087	-0.0030086
35.12910061	-0.0029858
35.13910036	-0.0029643
35.1491001	-0.0029438
35.15909985	-0.0029241
35.16909959	-0.0029051
35.17909933	-0.0028862
35.18909908	-0.0028674
35.19909882	-0.0028489
35.20909857	-0.0028308
35.21909831	-0.0028127
35.22909805	-0.0027939
35.2390978	-0.0027744
35.24909754	-0.0027545
35.25909729	-0.0027343
35.26909703	-0.002714
35.27909677	-0.0026939
35.28909652	-0.0026738
35.29909626	-0.0026534
35.30909601	-0.0026322
35.31909575	-0.00261
35.32909549	-0.0025875
35.33909524	-0.0025657
35.34909498	-0.0025452
35.35909473	-0.0025269
35.36909447	-0.0025107
35.37909421	-0.0024959
35.38909396	-0.0024812
35.3990937	-0.0024662
35.40909345	-0.0024508
35.41909319	-0.0024354
35.42909293	-0.0024199
35.43909268	-0.0024046
35.44909242	-0.0023894
35.45909217	-0.0023742
35.46909191	-0.0023592
35.47909165	-0.0023444
35.4890914	-0.00233
35.49909114	-0.0023157
35.50909089	-0.0023018
35.51909063	-0.0022889
35.52909037	-0.0022772
35.53909012	-0.0022666
35.54908986	-0.0022571
35.55908961	-0.0022489
35.56908935	-0.0022422
35.57908909	-0.0022368
35.58908884	-0.0022327
35.59908858	-0.0022294
35.60908833	-0.0022263
35.61908807	-0.0022225
35.62908781	-0.0022179
35.63908756	-0.0022126
35.6490873	-0.0022068
35.65908705	-0.0022007
35.66908679	-0.0021947
35.67908653	-0.0021892
35.68908628	-0.002185
35.69908602	-0.0021823
35.70908577	-0.0021811
35.71908551	-0.0021812
35.72908525	-0.0021822
35.739085	-0.0021837
35.74908474	-0.0021848
35.75908449	-0.0021848
35.76908423	-0.0021834
35.77908397	-0.0021811
35.78908372	-0.0021782
35.79908346	-0.0021745
35.80908321	-0.0021694
35.81908295	-0.0021623
35.82908269	-0.0021535
35.83908244	-0.002143
35.84908218	-0.0021313
35.85908193	-0.0021193
35.86908167	-0.0021077
35.87908141	-0.0020969
35.88908116	-0.0020866
35.8990809	-0.0020766
35.90908065	-0.0020665
35.91908039	-0.0020561
35.92908013	-0.0020447
35.93907988	-0.0020322
35.94907962	-0.0020186
35.95907937	-0.0020042
35.96907911	-0.0019887
35.97907885	-0.0019719
35.9890786	-0.001954
35.99907834	-0.0019353
36.00907808	-0.0019159
36.01907783	-0.0018955
36.02907757	-0.0018738
36.03907732	-0.0018505
36.04907706	-0.0018258
36.0590768	-0.0017996
36.06907655	-0.0017719
36.07907629	-0.001743
36.08907604	-0.0017137
36.09907578	-0.0016841
36.10907552	-0.0016542
36.11907527	-0.0016242
36.12907501	-0.0015939
36.13907476	-0.0015634
36.1490745	-0.0015329
36.15907424	-0.0015029
36.16907399	-0.0014744
36.17907373	-0.0014476
36.18907348	-0.0014221
36.19907322	-0.0013971
36.20907296	-0.0013723
36.21907271	-0.0013475
36.22907245	-0.0013223
36.2390722	-0.0012967
36.24907194	-0.0012705
36.25907168	-0.0012441
36.26907143	-0.0012182
36.27907117	-0.0011936
36.28907092	-0.0011704
36.29907066	-0.0011484
36.3090704	-0.0011277
36.31907015	-0.0011088
36.32906989	-0.0010923
36.33906964	-0.0010781
36.34906938	-0.001066
36.35906912	-0.0010559
36.36906887	-0.0010477
36.37906861	-0.0010414
36.38906836	-0.0010365
36.3990681	-0.0010327
36.40906784	-0.0010299
36.41906759	-0.001028
36.42906733	-0.0010266
36.43906708	-0.0010254
36.44906682	-0.0010244
36.45906656	-0.001024
36.46906631	-0.0010244
36.47906605	-0.0010257
36.4890658	-0.001028
36.49906554	-0.0010314
36.50906528	-0.001036
36.51906503	-0.0010418
36.52906477	-0.0010485
36.53906452	-0.001056
36.54906426	-0.0010644
36.559064	-0.0010736
36.56906375	-0.0010837
36.57906349	-0.0010951
36.58906324	-0.001108
36.59906298	-0.0011216
36.60906272	-0.0011352
36.61906247	-0.0011481
36.62906221	-0.0011605
36.63906196	-0.0011721
36.6490617	-0.0011828
36.65906144	-0.0011924
36.66906119	-0.0012014
36.67906093	-0.0012103
36.68906068	-0.001219
36.69906042	-0.0012273
36.70906016	-0.0012348
36.71905991	-0.0012411
36.72905965	-0.0012461
36.7390594	-0.0012501
36.74905914	-0.0012538
36.75905888	-0.001258
36.76905863	-0.0012631
36.77905837	-0.0012691
36.78905812	-0.0012754
36.79905786	-0.0012811
36.8090576	-0.0012855
36.81905735	-0.0012887
36.82905709	-0.0012909
36.83905684	-0.0012927
36.84905658	-0.0012942
36.85905632	-0.0012953
36.86905607	-0.0012958
36.87905581	-0.001295
36.88905556	-0.0012923
36.8990553	-0.0012874
36.90905504	-0.0012804
36.91905479	-0.0012714
36.92905453	-0.0012601
36.93905428	-0.0012464
36.94905402	-0.0012305
36.95905376	-0.0012134
36.96905351	-0.0011962
36.97905325	-0.00118
36.989053	-0.0011656
36.99905274	-0.0011532
37.00905248	-0.0011426
37.01905223	-0.001134
37.02905197	-0.001127
37.03905172	-0.0011211
37.04905146	-0.0011156
37.0590512	-0.00111
37.06905095	-0.0011039
37.07905069	-0.0010969
37.08905044	-0.0010885
37.09905018	-0.0010787
37.10904992	-0.0010679
37.11904967	-0.0010566
37.12904941	-0.0010447
37.13904916	-0.0010329
37.1490489	-0.0010221
37.15904864	-0.0010131
37.16904839	-0.001006
37.17904813	-0.0010001
37.18904788	-0.00099423
37.19904762	-0.00098708
37.20904736	-0.00097807
37.21904711	-0.00096771
37.22904685	-0.00095682
37.23904659	-0.00094542
37.24904634	-0.0009328
37.25904608	-0.00091865
37.26904583	-0.0009034
37.27904557	-0.00088765
37.28904531	-0.00087154
37.29904506	-0.00085503
37.3090448	-0.00083811
37.31904455	-0.00082053
37.32904429	-0.00080177
37.33904403	-0.00078151
37.34904378	-0.00076013
37.35904352	-0.00073858
37.36904327	-0.00071804
37.37904301	-0.00069949
37.38904275	-0.00068317
37.3990425	-0.00066848
37.40904224	-0.00065451
37.41904199	-0.0006408
37.42904173	-0.00062749
37.43904147	-0.00061481
37.44904122	-0.00060279
37.45904096	-0.0005914
37.46904071	-0.00058061
37.47904045	-0.00057044
37.48904019	-0.00056089
37.49903994	-0.00055195
37.50903968	-0.00054358
37.51903943	-0.00053579
37.52903917	-0.00052876
37.53903891	-0.00052254
37.54903866	-0.00051696
37.5590384	-0.00051198
37.56903815	-0.00050788
37.57903789	-0.00050493
37.58903763	-0.00050276
37.59903738	-0.00050056
37.60903712	-0.00049774
37.61903687	-0.00049424
37.62903661	-0.00049022
37.63903635	-0.00048565
37.6490361	-0.00048039
37.65903584	-0.00047458
37.66903559	-0.00046885
37.67903533	-0.00046404
37.68903507	-0.00046055
37.69903482	-0.00045817
37.70903456	-0.00045654
37.71903431	-0.00045572
37.72903405	-0.00045616
37.73903379	-0.00045824
37.74903354	-0.000462
37.75903328	-0.00046732
37.76903303	-0.00047409
37.77903277	-0.00048204
37.78903251	-0.00049062
37.79903226	-0.00049906
37.809032	-0.00050666
37.81903175	-0.0005131
37.82903149	-0.00051857
37.83903123	-0.00052336
37.84903098	-0.00052752
37.85903072	-0.0005309
37.86903047	-0.0005335
37.87903021	-0.00053549
37.88902995	-0.00053668
37.8990297	-0.00053637
37.90902944	-0.00053392
37.91902919	-0.00052936
37.92902893	-0.0005233
37.93902867	-0.00051643
37.94902842	-0.0005095
37.95902816	-0.00050337
37.96902791	-0.00049869
37.97902765	-0.0004956
37.98902739	-0.000494
37.99902714	-0.00049396
38.00902688	-0.0004954
38.01902663	-0.00049765
38.02902637	-0.00050001
38.03902611	-0.0005026
38.04902586	-0.00050616
38.0590256	-0.00051125
38.06902535	-0.0005179
38.07902509	-0.00052607
38.08902483	-0.00053542
38.09902458	-0.00054483
38.10902432	-0.00055257
38.11902407	-0.00055739
38.12902381	-0.00055911
38.13902355	-0.00055828
38.1490233	-0.00055563
38.15902304	-0.00055208
38.16902279	-0.00054872
38.17902253	-0.00054646
38.18902227	-0.00054558
38.19902202	-0.00054583
38.20902176	-0.00054689
38.21902151	-0.00054867
38.22902125	-0.00055147
38.23902099	-0.00055572
38.24902074	-0.0005615
38.25902048	-0.00056814
38.26902023	-0.00057464
38.27901997	-0.00058066
38.28901971	-0.00058668
38.29901946	-0.00059323
38.3090192	-0.00060021
38.31901895	-0.00060731
38.32901869	-0.0006147
38.33901843	-0.000623
38.34901818	-0.00063267
38.35901792	-0.00064389
38.36901767	-0.00065673
38.37901741	-0.00067117
38.38901715	-0.00068684
38.3990169	-0.00070289
38.40901664	-0.00071831
38.41901639	-0.0007326
38.42901613	-0.00074603
38.43901587	-0.00075952
38.44901562	-0.00077403
38.45901536	-0.00079019
38.4690151	-0.00080811
38.47901485	-0.00082734
38.48901459	-0.00084702
38.49901434	-0.00086646
38.50901408	-0.00088564
38.51901382	-0.00090491
38.52901357	-0.00092446
38.53901331	-0.00094408
38.54901306	-0.00096351
38.5590128	-0.00098283
38.56901254	-0.0010026
38.57901229	-0.0010237
38.58901203	-0.0010462
38.59901178	-0.0010691
38.60901152	-0.0010911
38.61901126	-0.0011114
38.62901101	-0.0011305
38.63901075	-0.0011488
38.6490105	-0.0011669
38.65901024	-0.0011844
38.66900998	-0.0012006
38.67900973	-0.0012145
38.68900947	-0.0012256
38.69900922	-0.0012344
38.70900896	-0.001242
38.7190087	-0.0012489
38.72900845	-0.0012553
38.73900819	-0.0012609
38.74900794	-0.0012652
38.75900768	-0.0012673
38.76900742	-0.0012671
38.77900717	-0.0012653
38.78900691	-0.0012627
38.79900666	-0.0012597
38.8090064	-0.0012558
38.81900614	-0.0012512
38.82900589	-0.001246
38.83900563	-0.0012402
38.84900538	-0.0012337
38.85900512	-0.0012263
38.86900486	-0.0012174
38.87900461	-0.0012063
38.88900435	-0.0011924
38.8990041	-0.0011756
38.90900384	-0.0011565
38.91900358	-0.0011356
38.92900333	-0.0011136
38.93900307	-0.0010904
38.94900282	-0.0010661
38.95900256	-0.0010404
38.9690023	-0.0010137
38.97900205	-0.00098623
38.98900179	-0.00095743
38.99900154	-0.00092638
39.00900128	-0.00089244
39.01900102	-0.00085585
39.02900077	-0.00081749
39.03900051	-0.00077804
39.04900026	-0.00073743
39.059	-0.00069502
